490.72804145598366 259.7316997685192 
154.05519318626298 206.07531612953593 
592.8646624737439 510.0398442525721 
571.4876103880615 296.1519713371966 
103.30294712835071 447.103501884619 
381.9928803332187 348.9355019946727 
529.8448313079991 538.7513961785351 
443.1957763553591 561.9109297143915 
223.5141578158827 138.43036960834382 
609.762549946096 549.8376199575775 
273.5828498265489 388.00455574475717 
403.4942225497789 456.50220697303655 
487.6923451058468 482.79795325898647 
607.1870669930247 586.1370185094489 
271.913981657576 351.2246093409662 
272.1038317489276 81.8477306386261 
175.5921171020905 151.34978188881027 
578.8996747430722 128.39410149141054 
615.8136590389216 336.7261494358427 
141.8462928460213 506.6675455361128 
446.34788257598785 193.8485499307333 
96.1982808146258 77.20901722155727 
585.9001631036247 103.57121451906677 
258.5452281785711 520.1114707639921 
70.52343344077718 328.8311070819777 
199.9934403130123 208.6501011493837 
245.0310962495996 81.02117027729201 
22.021047003568157 43.984449846067974 
558.2552053161543 167.3572542416961 
574.8500941718822 28.27611227073277 
176.99352589404742 71.58239011857398 
608.1795921743959 303.56557170915954 
583.4893726453138 270.3522873880475 
494.12306716870745 133.75221412943205 
271.2879203120059 337.64566799002785 
112.19451296424175 457.02097259311853 
404.3126487243368 339.5432759836764 
236.18635690682964 186.05966017248204 
254.00587208868964 571.7193321962778 
112.7833595656617 583.4104177274847 
379.3768487584521 241.98905355785354 
271.75604836117293 389.29930415820246 
464.80149742691236 50.25618985879945 
557.5774931436123 529.2876119486077 
480.4172025341283 568.2040590460789 
322.3071713823507 179.08876127375075 
179.95664094969274 471.0741634353566 
69.58568180184808 313.8943510159485 
500.86437647385844 23.87581878077159 
389.58408541677244 419.55341218699203 
381.5398010614252 374.37071317684774 
174.7514942213931 592.9482856397889 
60.550370476529515 155.17621665454445 
456.2048250665388 408.911111451921 
472.65881610075127 47.330942703550676 
550.6043792123784 481.02457985230177 
506.5079900300346 307.666583748501 
357.3590265095166 193.65067626355847 
38.80729787408644 412.3295620443502 
596.00463234492 232.53124467490645 
609.8642020501657 518.7964152005757 
123.59971641153834 91.30405274431043 
555.3048349215435 398.7265069732734 
421.9818875608219 81.27816943365573 
158.8272001022002 43.995933360986484 
494.7288068685355 121.8123251646777 
140.83091634142124 298.25634428343454 
363.66762103407495 338.640051888328 
347.76718347553094 216.36236759469833 
304.7763276710429 247.48540269542843 
257.05260746569706 604.0114764094358 
513.3211710714824 50.312909780491815 
62.39092610725941 539.9399641419411 
38.073418242816004 521.5555312127283 
54.345990797568035 233.0189352918486 
574.449662973721 511.6644733138834 
361.0101308844065 316.5937752106161 
456.4190926646072 245.324455812643 
263.6113677406918 432.4111633447828 
337.0216555725547 141.67827528281344 
51.90343074394042 106.47718706745312 
197.34076437205505 33.90442625999153 
134.18217194629696 269.1903389620521 
473.77443344827736 215.4914612003455 
66.7722287956002 322.09320947966273 
443.44841876897743 490.5528978500557 
317.82766133338623 203.58654607528032 
357.61521751863626 155.52640436286524 
130.29026570880785 255.94948627394677 
162.88267962522917 189.6009947383703 
598.8493843116854 246.00969388662864 
400.1159587231086 81.21604091442047 
25.746909893319497 241.80710300878889 
220.85654127135743 467.97574914963974 
570.2712816265389 197.5951554837089 
211.10205901935436 117.3229651439689 
356.784201766054 49.52307106062162 
462.2908336452798 525.3160225884642 
556.1237412204845 474.3431655698154 
79.33462183084224 360.85228948588014 
105.2277370407189 413.4866535267561 
265.5435230089979 532.6823012768571 
79.82118142841391 214.85201754261237 
74.2866923915293 606.5581753463779 
285.0111699931624 194.6493764828848 
467.2326739917605 449.86004842381743 
178.63352460453655 171.64492134047708 
69.01304542310643 131.04425380299108 
192.1944842239492 276.14881053177476 
358.1531847183848 251.25705589144803 
264.2514047189529 486.0906606372975 
384.1138464802408 235.4576634857647 
351.0761784396543 92.52605558792511 
250.28734419656772 60.39428116755461 
29.445077631399833 246.9180270339837 
352.7920394423183 246.7768978652085 
456.39893362908555 292.5371211231702 
314.90901079751217 492.9906479720031 
100.81710109739294 332.3239463100732 
507.0044288592486 477.69343065454706 
411.64928466519086 435.5578487157069 
191.7816487583292 508.6415199241907 
537.6487710957209 235.67541743483636 
284.70657785073735 445.0870254489536 
563.4508627088616 421.5827658228525 
269.4500930661162 271.0908338605849 
476.84033682903333 574.8051168163859 
558.1914276817109 447.0948234790844 
232.0515168686675 554.8175802048924 
136.62599354987697 317.0971565528854 
423.94491840160094 184.90083319168022 
483.5216703063319 198.77423183065545 
237.9040424252735 540.8654535808136 
504.66711252387057 333.89334743207394 
290.2961674073817 94.98862139871041 
371.05588729165015 226.35944672717144 
124.3408151338781 117.50705004557784 
501.1502837574103 245.24004636542153 
76.22973748362017 288.0097152640079 
77.06837018427086 320.111839863574 
576.3420678541215 419.07431901579884 
234.53820711469746 306.0729015498363 
500.3984530712694 344.49115043163954 
416.4628234857161 145.76406026931318 
535.3979480882609 374.41801717417053 
529.9399045211039 505.74348834771706 
275.1812613188556 69.81020889239849 
96.57967754522888 514.5578472304935 
110.46435195726585 438.46896494230015 
135.96498477740167 179.85410234959795 
528.185900074559 405.05251981030426 
472.09718571360713 211.8756123856239 
585.0124765003042 157.39311347786645 
302.6716322853162 530.6861450316355 
469.8453132589503 121.46403569347835 
421.026426457472 84.46580440601619 
20.17210370866392 67.34028361530488 
230.60837779893737 156.22239258058357 
207.10789855500124 598.4966201588445 
241.79975892878764 286.2620428497867 
353.96870123073086 426.78676003430223 
490.9495841467582 87.76295566127347 
203.22140413108633 385.4474842191154 
471.4533354866589 582.795864727269 
496.65418328582706 82.47146796485046 
316.724678216783 36.134988241132646 
83.61058615568498 246.6923503926609 
124.90312131856132 414.20336540978445 
322.1315329525887 568.9261302898647 
465.1411515564444 546.4961410013885 
87.84869415900911 390.5123312252122 
55.31484584409483 216.8255863602744 
255.47307572550932 141.5989267180891 
551.0013698204666 561.7317995680967 
67.72262777936484 381.5145803379309 
335.5675685065305 103.40252898638792 
356.53252503905395 243.57210653247773 
151.21295413821 294.4460583891586 
531.391903475045 236.64674729428094 
360.81110482130714 401.86100472239895 
399.65084893317686 105.87321069722343 
380.3931501428959 107.54640790559023 
33.64130156165302 604.8050530014219 
172.11709363441076 152.69630792890726 
49.45574775386921 181.38015813329375 
237.56673315752607 503.4222110129591 
612.2273142742611 530.0362672780689 
301.22390675631146 464.94745680046645 
32.755051342774124 312.3199860561001 
23.957829517108546 521.71695540195 
570.3183277991794 298.33332483826587 
436.3752623906588 430.766346497963 
406.5237362025288 131.3613561340087 
131.87533663245554 245.6941431972562 
105.02860533056077 68.02473615326775 
209.25260047226533 298.5805865179804 
421.9847101593289 196.30091140431318 
304.692259190287 517.1970995267443 
282.04588786755744 583.7577350769974 
603.001197562635 204.8500446508893 
284.7834315779421 558.3432380775081 
267.91863515421016 160.2023826261592 
456.35290332467525 274.07522134961164 
281.35005259547626 164.4172629305534 
311.25617984488633 63.97465127693323 
231.3683153171275 612.967005585743 
439.0425023233763 432.5863325762832 
338.8255032390635 419.4514728844019 
180.79214252266357 290.4307734213508 
362.4194488835779 268.7694026835393 
510.22663077130466 182.73094519454077 
372.05857734579666 46.98650065651012 
384.28916271285544 614.7577487882621 
130.3687689593262 425.24416265712927 
178.0389827669416 126.13777809473545 
572.186164425576 125.0523429566208 
168.70342826002766 316.46733118642703 
221.87952148600837 342.31051550274975 
183.73148135118694 574.5762732372211 
538.3458685621939 357.4004540682393 
77.69260658777586 213.78559886842692 
127.52329243068996 308.6944610430885 
252.86440382158293 65.50232032147281 
512.2645830058804 256.82291825939 
388.35308230812086 533.4955693745201 
99.41542477629868 417.04484771779005 
92.59036171555458 461.19759751937727 
533.9409339634936 387.0652617268745 
544.050640463045 114.37338797236052 
579.944333766971 147.64301267636716 
335.03198794116923 331.5027294383721 
218.42138347998937 363.33300689204145 
483.34506478474793 244.21839814661575 
601.5944924205434 260.7062916275541 
126.75332658506858 320.14425784408536 
53.67007634778112 511.3920718660842 
565.0085034531236 230.4769734390792 
257.86311860062926 97.2851793980306 
64.32507291906786 394.6552150361009 
319.5324712771313 285.26281391918604 
389.13743694757255 604.4599273549929 
345.27077375465245 188.75436024758932 
575.9834892618364 79.88956362740586 
327.79275185722304 343.5079181191919 
414.35854750648747 459.1539170779794 
76.4655291010152 274.8974157157636 
249.38306375088558 175.13037308741434 
83.32488766780983 184.11395679621984 
71.12826220664495 20.626371607004273 
364.4209987787396 230.58524129235718 
405.4429969614815 254.7916749340415 
466.33757352921066 37.96673159192051 
471.1260724805184 353.02434217637335 
377.72807455669385 601.0483194333698 
618.2873420288988 52.71414409632256 
435.7127920807929 120.92036680094702 
612.741598779071 497.167011208212 
266.98043809832484 45.74263881594665 
481.2789547362057 230.05452151095722 
553.4382276757101 544.4601674156803 
582.6553690875915 142.7319357933473 
162.25381948945957 190.8094699387241 
119.14718651235601 426.7687108975561 
530.1333572483081 384.9592105817702 
53.51341411258502 334.0351285186071 
541.6789349739485 190.1287690798062 
346.20934269233044 296.68877770035374 
91.66939249778656 411.52865705344914 
177.69555844031285 109.4048012969487 
71.10831400352487 494.9664296594401 
370.6857853399204 226.19347021677828 
466.8827917561668 172.46186758523552 
177.17751048499366 174.14892866260968 
214.87676079202427 532.2152334858962 
545.1089801464949 236.47277700293927 
196.38272152018024 540.2722572048021 
329.48661264586656 107.11648300978621 
117.65557107336707 191.22962258395745 
262.8260984854435 369.38595282179193 
562.4521591930369 615.3248471338749 
249.75146177949034 200.85249823702998 
57.40058005922933 619.2540636182524 
300.5954741356349 456.9135004019484 
540.0427398540887 88.06164399726296 
568.8452167029938 435.3468500386557 
569.3939208969948 425.4453580689515 
307.27680291518266 174.20276379031367 
168.86339623021877 159.82072562061586 
507.6226061393245 485.37674837281065 
541.3794444541558 193.48853606161003 
138.61508969586583 276.20741493049127 
46.562769517214036 322.24904682795204 
47.25078462599071 461.4430628056114 
579.7920462983237 602.8066601865884 
538.1182846836766 517.9205339536193 
243.00525247032417 295.30906805697157 
395.6338888658005 284.30031532845936 
547.080628181598 458.3642040319219 
464.0287743683837 558.2015201101011 
135.64094639595086 223.87911291483613 
49.931334752733775 393.0804792293335 
570.1248594321846 329.06431388367673 
362.38852597643506 547.1968020497891 
65.96918782764604 32.947414441283314 
555.1698863653855 487.01052590353214 
419.74565331664337 94.73977030951107 
286.19805083009004 497.35419992912915 
317.0960427474213 41.39995289708527 
58.94945669484511 200.7236525486379 
561.3094433093837 301.73770773996756 
360.6690480319815 538.0310689853654 
112.3853168471858 134.4021342516851 
162.24268034014682 213.16434720589862 
376.4261653920942 427.0980696957576 
294.57092964078356 553.6962290481563 
535.203506513405 194.37402773806377 
566.2882358195496 490.0871704486188 
455.7410044976328 351.3258398941709 
37.67089206185857 105.72559505197954 
269.7583731402487 290.5594888102678 
415.5778504424212 160.14927606930308 
262.8199095687272 539.7569911200827 
84.26791363249409 137.7916292487362 
63.03135087759931 327.1890378634951 
36.93718890740217 524.5966931172934 
469.1288191169574 32.518218916784306 
522.8204682953558 164.84643183626696 
607.8036313517293 50.23642766151511 
374.7003618762973 100.54432905376471 
60.10666433724337 343.08040198210665 
331.66787936423617 245.69869799054968 
146.77609076153675 312.7689665266452 
421.9782467486732 597.8498147234858 
512.3321363667958 565.4058205622775 
220.84559501404314 239.18434013590044 
497.7828403032682 498.89163752542305 
148.02053570054335 129.58096315557742 
541.7841685146957 189.68911049176862 
319.9940412782074 243.93089615258532 
200.09868155567764 206.28491083195868 
221.67159592376032 356.07707912173106 
323.1961647545422 326.69201099366313 
212.3613699482405 121.71570117009941 
281.84015837158256 87.33638784976799 
30.9199856039212 262.60398981178776 
480.5040415353943 40.671776600439415 
414.8998644469806 204.41777377228217 
148.46047796706915 348.86610274850034 
298.54174633619294 270.60281897841617 
348.38794433020684 90.90347224224205 
204.45612437493259 484.5634747287979 
92.33810898336482 210.44557529287673 
393.837521152889 182.53252690263355 
604.9077596211661 581.7958788113892 
490.0550332000503 389.46592484193576 
523.459150398696 421.31078036672665 
240.4633238192119 260.30618488772967 
375.2323552667011 21.601210368793417 
31.277379450857605 38.958141675593424 
21.19348470117462 135.86857374624392 
520.3551158593536 337.32097087055035 
506.46257160191084 289.7186116998559 
302.73136834137364 286.7199532809756 
307.1646303860948 447.79716867879216 
273.74712425772873 264.0820157902416 
113.54799456484642 412.5913781053078 
104.61775113658958 45.19863080447513 
439.21335189216927 482.74017599928976 
595.2838685429018 187.41988166738457 
496.29743485272644 448.19787507525433 
619.3887823648718 194.12335173644934 
326.45504932844597 149.59442683124297 
326.2260090129178 363.3018367964131 
527.4831801633106 179.136305367919 
214.5009020592787 572.6132747538185 
65.43089669946741 250.3916002241695 
242.74987752123724 203.23693252165813 
612.0389624069031 114.3031670308958 
291.2611832609254 554.8794899070424 
197.35266157344682 248.77354396870402 
440.34082940407325 454.2747340755268 
517.3517874104814 299.16541577595245 
279.76749561056613 509.52068768928166 
186.44141629983415 597.0613556446095 
214.2802243241535 412.59787982240056 
374.64734548200335 234.62652393236627 
79.9424610243148 242.41252463600028 
219.35981444084177 321.918273075528 
136.2263623663359 70.7083392681499 
351.46931128893164 204.4861275247548 
48.66110757618894 123.19078827302488 
25.73826769305681 368.6062087875811 
26.8888970578032 298.2074637125817 
495.252314003902 111.49351628525768 
32.97236910897344 395.3283390613159 
419.79483107416024 403.83612963749493 
324.79727516568596 156.1697446081998 
447.98869841694494 321.99484590066453 
149.41418470424279 169.80569969834966 
63.048782963708376 177.212134088756 
551.1627249448385 45.11037350259542 
531.9890367811234 619.1741037869269 
609.4225064655801 602.3755018824845 
348.12802069738206 341.2692763096283 
570.8340744677149 186.54645604296968 
306.73635115845167 564.8878418020995 
290.8339608051357 554.4206430188146 
103.67018677808444 30.105213088954336 
149.34733298111934 138.15213485264712 
296.8341133213208 370.0936177831825 
355.4822481701441 37.406175218252564 
220.31753911493334 496.6054724040635 
106.06897717530231 242.50730388484462 
591.0480266797796 173.87223978417944 
612.8884019088056 340.9249578822809 
497.8055697604953 108.26261633203856 
563.4330451834152 509.440142241463 
212.44146059456787 431.0437101973594 
330.04465146567514 544.3370694030234 
413.1453944980042 201.58901667239252 
192.2719176119168 231.96340934237284 
559.6047829450621 108.37692787225193 
187.29217153850598 312.00296456758997 
509.89983728264167 495.1235070317102 
353.24087053855163 435.80448803414885 
618.9782824980965 189.393233168993 
280.29244450529757 272.11038213704546 
508.5533570583759 561.0316744417903 
34.33643177033761 462.5291175237239 
448.2689537689104 187.7635232547729 
468.0925266941916 279.0949713075629 
437.9755979032878 455.3000006176618 
484.5083838993707 386.25896365846046 
30.960978971330594 569.2992729195124 
367.28391004217826 59.65471304968269 
287.9788530760297 206.52364274910153 
43.36564214421393 563.9828879718372 
401.92000987520316 582.5372597450911 
492.2552697152585 142.35811397393712 
282.9691166279852 263.2880907541154 
466.9757253449222 419.46199149067536 
144.09111993097116 197.91798915778 
41.538851820899026 370.8460520234339 
276.6909952723802 200.14444618452802 
449.75815538783155 360.7283483672858 
156.29058312359058 455.5579668853736 
30.25069343776268 500.62743045559125 
368.0662882853653 182.1785865342325 
42.4714766060756 531.1775589766374 
192.09134991568274 121.61559977195247 
68.62453638191329 179.4686535240692 
38.126418723354696 88.17391543676123 
66.29404267732406 294.2550643640202 
69.8023230979354 353.25098870082877 
486.63951964611437 411.37667799173926 
308.03852373163755 192.36805190969807 
422.998647014667 551.7361281658866 
453.54133072873964 272.1793319937291 
504.74161921978316 204.1760115136032 
218.22531570297573 104.80308760701757 
601.2207329000905 195.59964246606344 
505.40189898107565 546.8181583332831 
550.6588308192513 100.67930473214362 
528.5787366379265 470.2697473554786 
278.82057228085193 193.49562794723278 
508.71372207863425 283.0283132128972 
22.31009105798443 293.4517918949605 
539.7673028888786 525.8451713431257 
321.3389617235687 607.8065490370865 
162.3969053170973 123.4486586808761 
396.8080041119855 223.16943247319898 
335.6372341651189 217.02455588836105 
276.5468870312075 448.30233229044643 
46.41003928510472 455.4245534340197 
185.55520847749244 560.570794013904 
346.707362328578 572.4464695053042 
465.0887407805746 58.3891103590915 
558.2918147122652 427.5300372647721 
35.434638630827614 72.00272540013238 
334.75769034015593 237.21193814275603 
567.2194548785244 334.9518211893942 
420.796656271485 474.6838673834184 
276.0934267805413 268.55979816708134 
498.51182934439174 464.79733088920347 
405.63524862354717 281.790425519303 
460.62388806764403 251.8591160426867 
213.3205475298624 138.81738623413216 
200.41306802331832 267.5608807409784 
224.39826496398567 396.64995278104516 
358.24073926665477 76.3867899106358 
68.51834403025512 465.1586299219657 
614.4942843258752 25.843068421334642 
163.95479543953945 191.84431729501887 
68.79913175037743 178.85291239828362 
464.26761823134797 23.695047326290513 
195.34155205138327 55.66074855103849 
432.2474201414885 348.47376617407775 
214.14613803868 462.5895651506448 
355.98662944405936 167.78099421385656 
68.15150934230684 434.99491535246045 
71.92076317829503 204.23624951084966 
545.9282480594445 471.75958024713947 
309.6837821698492 95.12176233438362 
439.8825024973485 588.672353756328 
23.621082693654465 474.83238651266043 
379.7893598298987 468.0350216921745 
25.804007666446466 498.47549049198926 
331.4994201682575 131.84094792337248 
585.389538974801 108.96429133461513 
100.66254322310688 315.86938019997234 
609.1689957122427 299.9488570836788 
331.31237440254387 72.0388036430632 
168.14933287604873 176.9280485044644 
439.1555097643932 76.36354832887525 
485.0111111664655 568.8864691682774 
269.40900054433394 469.8570460286299 
447.2864418663188 92.80003910493174 
419.029900216407 209.7255804354716 
261.1010892024446 323.3539793582437 
513.1806665660072 258.19644897056514 
210.32419956980985 270.21694336991584 
275.7742156092438 486.32405416426303 
35.9694868622301 115.21504229307358 
583.9422476137939 120.11777564920195 
400.69165174458965 111.74954039397385 
46.27065546617631 306.3354045117847 
253.2218059959442 498.80193635070816 
194.64584574694365 325.28584351741137 
257.5855501183065 31.870220018466405 
129.55555477095635 127.98482366347875 
401.9475155736324 483.1799891777444 
608.6881017129413 425.00739869003837 
451.9261941873936 613.51427394959 
518.6736387237597 104.38099035387513 
63.222655974880134 468.00570422043813 
619.8113267465412 505.86267904067154 
318.4070181617555 398.23489905307105 
203.62602823054723 428.94455275415504 
202.70633371023283 362.9786821338121 
53.098396278088416 101.93076882375709 
283.63782023692255 409.9520245842319 
45.41199165549439 89.43029783187478 
209.33087858665183 390.887305776433 
287.06133849590077 465.6087045889239 
190.3819515884077 112.2947979505367 
421.16444730683645 330.5431994078268 
580.0857929571096 74.24806809145109 
296.82376528421037 297.024283213686 
417.88699570168836 99.53789440950973 
540.3791943043894 525.1480453966998 
150.89541705840142 505.5387887430609 
518.3969264895926 232.04267487253568 
98.30940742439046 421.13150318052817 
332.23791206188054 554.0729884483599 
173.59038643309606 601.0255183427087 
434.0496333850429 188.8667917685954 
529.232785405244 239.8251732547726 
404.0249507358303 394.50669365432464 
538.9727964990063 238.18317049818094 
378.77185016602635 73.23129192842144 
282.27997014479143 323.3852730341756 
370.6377472380974 216.9893291885868 
445.97516814349535 376.70989509661945 
67.83210994069069 542.1905622767853 
307.81882907704676 269.90631860922485 
55.19115738472918 90.99730600547618 
216.91311152460628 463.13532246156376 
145.4285540485684 526.5001490199754 
135.76181361872725 366.71598739133816 
260.7154046677779 199.1217263614198 
358.8317372528466 619.0223788706843 
454.43391210250013 211.59222989395312 
472.4592747750107 582.8738752143388 
412.94784681575874 59.84057245304318 
570.9459267123378 512.7629640068456 
127.23405171486652 177.14463206869416 
493.68655071286446 595.2640818416502 
574.2184394433448 58.88472904892517 
198.17414412659446 614.9674232872768 
397.6603705993772 595.2437041627519 
333.72471454323545 548.2814147728363 
328.42907113388316 189.19766577142192 
430.76623293342266 137.44758708308305 
234.0159282304061 187.14090378724435 
70.53521029987019 447.1115108628301 
237.12643467860715 499.48890866866185 
150.02479860793247 355.7937657494034 
93.1953125895241 38.60312297100628 
307.02809548281635 284.6044957742361 
166.66889491842431 551.3812519028801 
120.12039698073406 415.54535624939297 
295.8982464695765 573.8568095814342 
448.4241628578555 601.7426327678943 
186.4869106237936 585.1517319068333 
226.0004788774859 321.9552794190986 
322.9370003915324 388.12578192301334 
375.7106956427086 181.70154508930642 
138.4373278074243 494.06636847864485 
257.39206872805346 613.3481003517322 
532.6374646126085 238.7628303908418 
415.1910661863865 177.50522205729817 
577.2513164820316 507.3085699970652 
338.8982084377161 218.07195260074678 
599.3340724506484 494.9750748867127 
504.128039560886 573.2748490880518 
582.0762146136998 281.50140392282805 
106.18814416868167 595.0441991464916 
372.95840058116926 146.14301988322592 
52.480804416973584 79.07132307371141 
539.1109261133363 300.82354036111803 
528.2812336801649 257.8908167153985 
459.7215312436973 68.73342783533587 
600.735842862766 359.33148440799727 
595.3352439051263 485.718998325256 
275.92467704504423 382.67957050692826 
423.8901718870413 51.805908121322204 
173.8314113773409 494.8982310617208 
483.3327896179542 510.2005471801037 
136.0649232216004 199.24690333235134 
310.65659036803413 81.11325280562193 
31.17595015411119 578.6442330762524 
417.20782470964724 327.7470180750462 
172.41284635765072 466.1185793985013 
390.10212877527937 181.7955236938722 
112.76002301295985 344.68946652201083 
359.59567821418426 605.7941632683335 
132.1027320602169 329.02412296963416 
22.25468479820932 319.66788620981436 
281.3622483270147 331.21252668884125 
359.76705486242406 368.81947014448247 
398.44489034644175 463.0049580300786 
143.2397717211478 61.102221386498286 
460.84878734027393 476.85562663096414 
462.8259955885861 550.0205499451289 
189.7721500856125 198.11628918081303 
72.52540291153811 91.50246679795522 
570.5666715080278 50.723392825205266 
490.0016468846763 551.5874364894564 
504.3800069445232 328.7227818844974 
341.26071586571527 492.3737087830806 
555.8308571013678 415.9753908872809 
590.0337451255427 113.5684596080752 
111.56059023906626 506.38796606303725 
441.7083581639674 276.98496784719777 
214.5050473089197 127.0123947571839 
461.6518829197863 191.33004644787079 
488.7303279926482 516.35739434012 
197.77059510174743 284.62591416976716 
319.6762594840564 60.25643064610791 
547.1484636092108 141.61010643100002 
204.65139513804561 337.6355057548901 
256.60920605226397 133.45707959444832 
538.4231151858505 278.5245465710796 
97.04550931970189 517.165353025553 
48.74685992608681 486.656324586866 
201.35905780174 331.95400866600284 
446.67789324690233 328.9963566511289 
205.85513033855503 370.0121555261825 
606.5096939440439 544.5478646519965 
584.9355470823195 248.9451207262733 
340.18239504187267 274.7752841690768 
118.93374969556908 163.2613187057029 
381.00538199318595 367.990261421599 
184.93563961137306 42.24326071749396 
341.53742973174406 360.04365092043565 
310.43013212173605 391.54658917198316 
160.46841345743678 83.66765431591907 
179.63284985402376 245.87104151094752 
503.34618323436143 208.81138486165534 
32.32714138960591 410.0467677307288 
131.9924361160706 366.31393093102423 
545.065754707196 515.879991172012 
407.45126081488075 257.25860086757336 
434.577203683584 172.10175408958168 
241.3141841591517 300.352015804294 
373.2204300254912 234.763330818012 
360.2654614106527 319.6718802544808 
356.33157981817425 375.4222512122895 
498.69122063885584 325.1271194609074 
611.3065730604297 74.46258423455082 
284.1964222713425 387.9742535391537 
88.26334348615461 116.89320531886484 
330.8732753096019 363.7335856431083 
522.1273421054959 617.9679253730069 
205.16482546024744 364.84904289604304 
205.98415941400154 155.97104858696193 
279.1675399552125 35.435546828623316 
165.54302510569676 139.5122950216345 
236.21656407781705 230.45733632485474 
574.5547764879439 86.67466855854593 
343.59752334209793 51.681374627184724 
201.0283450066532 243.35920171364856 
357.2284614056748 342.7492946941987 
424.0892045582077 518.1700997815092 
73.15577425250149 295.71179541505956 
511.32368347517195 461.18431863100346 
290.70787824726824 371.3691799025953 
396.45284761270284 363.949004741458 
102.15029825422 285.7618008476837 
347.1798340709896 108.05085415212359 
373.68602518086516 165.15413544928035 
263.05411499287516 339.6009038505354 
32.64477102481083 521.8563130172679 
293.19673637487426 496.97862898836036 
125.70500207663751 453.22671494445746 
413.7300247417874 369.1791142601447 
162.99241859018457 216.19956402223983 
354.75576638998956 612.1069090830077 
212.8986319330578 79.68111832586507 
216.72537440133382 200.16049137488892 
162.46378352465115 107.1582748851415 
466.045918492649 340.45098980252783 
308.1669951552939 271.8633190659389 
149.76577877192815 526.9988881311084 
391.96809548047486 456.83858464514884 
119.18362412260329 162.25257165312158 
347.44475815291577 42.2447560341416 
202.22442711317018 123.27235439175637 
170.8684650940054 532.2566089258092 
414.4264352006278 599.9238247046329 
82.0632470830843 423.88986270570695 
248.38255531514145 82.42414351283996 
489.8908610352524 470.10295431342604 
431.48032640424907 525.585235599101 
227.2062175653887 439.51742924645305 
291.7837000955567 467.0973875006266 
70.12674056079854 425.10081750717745 
221.90088899286255 27.197214792219597 
106.45946788982867 104.15554266380579 
280.6816949896344 467.0635793404146 
68.12953473572945 301.957888288038 
522.588170313079 333.2853880317812 
492.454067730176 561.3904224187672 
394.58244836582264 565.7447954416432 
327.1047960995993 370.9120160733686 
90.37528862440439 496.2597821794783 
543.6035286981445 453.2088966889724 
301.8793738272778 415.3296716103865 
74.1941294758389 66.8706266461291 
557.7108008935099 134.32755221854234 
536.9345367587579 223.43473832990335 
88.58272780895183 520.4830833754006 
363.85293721704454 72.14383094418586 
509.4348727309251 131.99967413031357 
497.0115191981672 254.7586772499789 
158.1425459162526 230.64966030782392 
167.3217956018645 182.77140025329885 
80.64909400796073 399.19122366013187 
420.9549969700834 339.36214731404743 
402.36538811164866 140.9509510502512 
208.19164566776638 458.44333511253956 
175.68014131953785 388.9154957824052 
599.5535927807239 183.13485271190308 
143.42487039747792 201.67644022085446 
444.06275824654955 556.0143542675696 
208.1371487121246 273.57181734335836 
534.46989607795 43.486042033114444 
346.965915939734 436.36822496757316 
494.29741508807496 546.6119862770464 
62.062764325037506 79.82718252156711 
351.5399390754341 600.7495034592129 
606.302685399696 368.49952551595885 
313.86629266116574 516.3385096413158 
574.1781566956619 82.09158146617224 
210.16663696937698 563.1824107133414 
197.710414461166 456.7468553670892 
213.28872297526647 450.56657605050145 
437.2215013420126 354.58704446451776 
408.8067229611992 105.55777389820487 
506.81086798067446 438.85600760774196 
524.6665855536994 101.82865533279306 
24.380425949910528 382.01056704210123 
86.55162065069251 241.3507857949651 
126.05157616353833 284.10178133690965 
613.8119959614087 341.3001545814325 
434.81814147352395 228.79060754079987 
220.80200793047163 228.5187998725272 
323.2788661768209 454.3414437383039 
538.468750654056 293.87633215980935 
460.2932636196238 566.9375460956795 
421.03609473346916 508.8751501135902 
181.4045595590887 573.6619322691995 
252.62749685602978 156.84297529222272 
172.8734722370485 62.48762668311243 
618.6717085107887 81.05664725457311 
309.1665544740359 406.62082825805606 
256.93471240398753 402.1407473629961 
33.74290579336574 20.54093209305135 
153.02211144399305 607.0848900202147 
422.9829754132422 445.0810884998724 
395.19531227164595 62.223415030317746 
23.10320600211318 388.89294032027624 
553.3455270400876 152.52126171274554 
99.90024350558562 603.6395035568346 
96.96916340776916 399.5097092856466 
291.16848529186717 20.259783074019126 
316.9884878679069 260.2157507364302 
601.634776860665 323.6488961753036 
366.2612351961018 459.42895903948306 
30.253872900316253 293.09748803791354 
583.6228837364972 257.64942071389567 
269.7085399933042 385.8341358150643 
616.3055151773517 407.06056428872955 
267.95795698807285 391.0146639681178 
405.5767505486346 97.87074924131248 
591.6782501041561 131.5017860065525 
250.44273920705257 347.3670808778757 
81.43883219958006 140.7792053045489 
514.2588490033045 34.02560729466571 
438.4583787972076 592.3436304052208 
489.091797468509 329.02117166386296 
332.78403430305946 508.9186005528316 
282.6770018547095 427.48108939348606 
372.73790900104905 28.833858495972756 
142.81492809953065 31.826213978257183 
225.47415180312777 256.91398301776036 
184.05011373188108 189.54302017845603 
528.4908426235604 177.22004952846547 
31.476649259126503 237.73076455240485 
181.94014581852073 454.98804458768046 
446.51396739621015 156.7671955174205 
161.58045446966537 105.10787868735721 
149.49645198589835 385.436662858503 
542.2145615092069 354.4865756413252 
403.92085455142575 299.8644609578126 
371.4572343076253 175.63959467133316 
77.19520467430317 308.6009650915628 
583.676313658157 518.8538233020881 
42.732822158953695 66.19950682608987 
93.9507093088517 220.26621056638004 
538.2354077495828 457.63158809286085 
561.889381683898 313.2015741624163 
445.00876224641877 355.88332185965277 
65.15488311068496 20.113510831322117 
403.1550526722015 305.07669450731674 
472.5351592739924 252.47201065215376 
427.48522450988713 231.45954229970704 
56.40753737129783 595.9417179334259 
238.99536690373796 34.607886230022004 
34.438534635367574 508.1942918770063 
476.7509293581055 61.18445951660779 
480.36318571035264 606.6990108590528 
105.0221989650716 413.5970854425158 
193.68780417950575 73.83491704165445 
480.51515574232485 595.9007800450016 
268.1598275569057 156.66872115577408 
294.54123581184365 549.2871792347274 
448.8483347058766 488.7417775801989 
554.9697668432432 79.50517826189972 
317.6794616714262 311.2102825018703 
522.8069407684824 428.5564501643301 
97.26985338420637 20.682036574739243 
468.24498537377883 493.0095835931559 
212.90235487157886 421.0939561549563 
261.02522543183954 141.27669887618765 
102.48758458265304 206.9736879405877 
359.9590034342922 432.19617095590945 
514.3549810251536 155.42932780938418 
516.4498868368744 287.26520630339263 
482.7172290715397 454.21093395891967 
56.861261517364774 118.8661751363982 
120.65181359442347 543.1874819851085 
158.5727875326459 266.83028958073396 
120.44341456373202 196.58323363536275 
284.5695531243319 245.68240840373838 
401.13080632904195 123.31699252881272 
291.4078098610491 154.91081376881255 
493.1022210886881 512.7882141095054 
75.4007717092829 354.6055484148932 
199.58266492549257 303.4536264092843 
171.86851738307237 458.8092704684967 
424.85722240663574 101.53816348337797 
272.2955189976001 48.924147237001634 
609.0738068350776 427.2238368029614 
574.23964415198 59.51872283905864 
159.46937873900518 315.66047610781993 
228.83640927614667 338.8784285422904 
617.8631299198519 250.14194265163832 
500.7421749049573 436.6434426764045 
54.26066011570978 354.7916524657291 
605.3600830661497 20.87780592034474 
126.41253184197367 524.1011064510385 
138.19240509352693 276.9133066066245 
195.1714316317146 316.6652157504109 
561.1631224037552 590.3121625408731 
435.4911220719429 190.45809685921057 
160.7545292475483 566.2919737466044 
32.91154249836395 406.99325456638263 
442.80147880795096 187.95690557801123 
105.37322039304276 81.71167072185825 
78.7871197710226 65.67876883577667 
140.20524852956945 207.9417839776144 
68.48388332243307 279.9717194002419 
286.1301553130302 231.77487402794264 
133.78333076680923 70.20435577562938 
390.1297847785772 105.19983996658563 
108.55886759250247 171.49307564046188 
619.0156790987918 94.84093546012905 
439.4047866571216 152.1201434624451 
255.54777160959583 373.6423028338104 
262.0955882019716 53.82057614211489 
408.9452900066089 172.84305205341641 
68.609285239903 187.28138368013384 
329.6333424455768 21.58653447444983 
529.5583693334618 285.19690973432364 
568.0692158388723 551.5077942707009 
586.8722660072514 565.2241622188365 
567.4919708404046 493.64265518842524 
481.5750218666205 205.1816955272695 
30.43911694177464 245.00238530512829 
531.5019409078805 282.8360015873522 
348.87415333769144 132.15767013040613 
423.79891656251544 382.61895791796354 
137.76863828408267 49.175599799381715 
337.0482708379004 421.6202586036724 
61.98273800979959 97.25334258165842 
557.8647711010732 197.19843447208524 
496.28763627340555 203.3925189103637 
606.805640338421 108.55431239327278 
308.3740551392888 445.4577112257439 
238.43823590817664 54.6106228045731 
404.6901563058782 360.96302101987067 
30.409270733113974 260.5414578585449 
228.95283663174007 466.93049729722713 
26.35918489511078 135.29549046304604 
153.17621022309356 368.1639499767291 
447.52546558304954 412.45651803041216 
51.06076769776407 581.2821646749302 
237.87877816557787 176.7851205053035 
93.58727768036151 351.85508156979904 
157.63546047104035 328.785322823626 
356.65889879196214 91.98676255983472 
489.99028327923963 589.6398502064186 
180.6355180152487 415.6889016428914 
375.91318556952973 98.85779938588638 
171.6037792280384 99.3885552079813 
541.8536416607403 406.97841698548507 
284.22682225650243 244.9140036266181 
535.1966504193819 215.6749020285517 
176.01729011832253 472.30230013756693 
332.3137488617727 167.60168686892314 
372.8774862262882 119.7723513563355 
134.0531520852487 138.3292968023208 
535.750306277806 178.2073670352197 
113.51253361280452 432.71019347811153 
268.2247953083855 37.490214951202105 
230.93823069159262 438.01968895917685 
254.94005745258738 72.03562136552819 
380.5947775499387 436.21537578263644 
470.631212428303 242.862900453755 
84.44830528413831 427.65904811044993 
149.66124698725824 43.55294304372393 
97.50767114655763 168.64468896274323 
155.88238829238549 467.4332329968713 
39.667128597554616 575.0764941525365 
142.67090557948507 423.3346260406766 
118.89411926079616 194.64034251183125 
442.9789089492912 577.2637353835845 
160.60602049622892 399.8129199561951 
179.24707399910494 147.33444881382803 
108.07978288780001 104.05177733770056 
33.0218387883696 529.3026406605563 
308.7377325666407 553.5104357560401 
264.1211046653603 380.0475094413823 
51.15391523129654 96.62205620613717 
319.1918846313534 536.3435732823128 
167.624153967705 383.8955234815227 
519.5038368921307 96.26682993009875 
67.14395186134371 600.2677786065289 
467.82244466791775 540.5790285063499 
113.63779148386178 282.35589655905113 
364.2054356947881 121.43367158215999 
614.2837342588506 222.9529536633023 
170.56636789152083 495.7475829638795 
232.7768852001112 115.11119482535351 
113.8490416801709 330.5816731798237 
392.3756483788172 138.15646005426925 
167.65644638726718 557.8748766393554 
183.5744056681552 37.97738491197876 
502.1781292016661 505.8746734070593 
41.24640554104285 203.93337456782558 
242.25960023865946 284.6083170849429 
206.1006866944855 394.7248884526798 
423.4576130125327 352.7382577413039 
535.2966131697993 315.56996813333 
385.9249830410038 143.14556398446427 
577.0599306788804 399.0305319909932 
395.96877047269385 174.58517733683541 
174.14405044584953 91.83249896476308 
35.12563698255613 226.75670018950257 
410.98030487136447 100.02315318512592 
46.59783178750013 106.1343850899031 
69.36080533300517 194.8097625845315 
478.89404171023193 79.90024568985652 
307.4979459423651 531.4230287130391 
116.51833215578056 605.3238989919918 
427.3039734658821 183.34929590940595 
537.5513468735073 531.9328848782452 
144.73461805620755 544.2750300004133 
287.9672660603164 303.81738101250875 
