41.825973552561 288.58239505806927 
154.65220082064516 403.269828031668 
48.4327360581535 494.3488514088804 
463.25867080702574 403.23319729528157 
211.25761644218076 57.291250286182304 
500.971392395333 360.94117825358103 
216.9801242681436 294.5634957858406 
230.34961898010567 33.380299763322675 
11.279495358367244 102.0634063938351 
151.75544785000255 175.07207197251682 
383.05984324360986 117.58404630552337 
290.6703942608574 237.37235672104467 
187.3777540847552 484.09308097797515 
504.3784594463854 489.1879143869044 
99.65035754551248 386.9685866033807 
63.093789306720204 295.4383454558641 
418.7220644198843 164.01916390889193 
85.61103727876855 414.59149794332984 
61.36805192209909 412.11669283864 
34.556487150370785 301.600517968014 
15.812691168059715 139.26963440264362 
101.31825421321982 27.57061833150253 
146.84089717316598 135.96532428176982 
435.73344542788203 52.483671622789544 
370.0807411818849 364.60898938481836 
300.6106007211642 212.30886288936196 
338.03521252166894 290.88794312276167 
356.1654637272323 406.827385459322 
405.4414809724666 205.88889548717742 
404.44814704769647 99.49946338490483 
266.53559527320004 212.79660645519886 
48.839930331873106 365.70158350904 
281.80084582187317 177.00190448969605 
348.6977674283084 350.66238081279766 
136.7779246310725 63.447324734044564 
174.22455836955103 123.42501161659446 
100.51497275978143 210.03833279084182 
91.64350458512682 38.16435771016157 
276.23557005217435 210.94845201386136 
233.75437586199476 339.1870114681489 
361.80298464702105 208.6462117738318 
235.95011548085648 370.9422769929492 
62.55861415378516 18.472238352621787 
442.77174243275874 379.37231988084216 
424.11281302446963 134.5944394540291 
215.0796604946855 15.929488311493369 
477.66629506232283 291.1695257546596 
292.91960501477104 280.5890386397466 
215.4401305078134 377.5389806705774 
294.1612664053151 265.18533661851933 
38.79252291769873 131.28750942166423 
53.98775786429615 183.39968175006237 
446.60049331101226 157.99223875685226 
135.31400730175778 298.7278370702639 
356.48456366553813 451.490679795718 
465.21228196995673 486.7554304897107 
76.45456351330809 213.49557261269746 
177.42288479545425 293.06938822728387 
69.55477465326747 396.3848820644421 
366.02816013152477 473.1334062725181 
279.08639989390645 17.994858595609056 
80.3679857648033 125.45572099533952 
406.98556711871146 422.2444745017983 
16.274885169256116 154.37717366354147 
162.93498497239378 284.4192425171877 
483.7067170492681 423.8078635142252 
126.78738322965415 284.94261917215994 
355.85534066054237 88.24028355672647 
491.8787982650859 500.4630184149244 
329.8091580712517 212.36732688551345 
81.80990746649091 186.084716173523 
453.84772696117057 415.6330092518024 
158.27351398840395 247.57058567054696 
501.4466096168381 403.0443291999888 
162.50629255584346 327.3449553428249 
397.07058093996574 368.57212269351203 
157.94289398979242 53.12458505776296 
23.833193489076578 382.46921805225253 
366.6506271978471 123.00597424750065 
368.1010198119752 498.83392321472166 
317.1227157186984 25.837105685983175 
81.12058126490672 444.7469984102429 
246.00841089382018 320.7016783426301 
162.74603398155284 377.31026173838274 
21.357887974511925 24.34409322518382 
97.34591548565851 319.9149174108951 
479.960248215864 280.36314506258066 
396.96689967585644 14.067750428148386 
196.35264639805098 109.00276197152292 
131.8327928959668 48.10330352232827 
326.0786246826509 161.36766772649975 
153.25680450101768 249.11013171061478 
290.773936740008 26.892290150482715 
339.04535815987487 449.3993806757857 
197.65779776901425 267.8909429829469 
316.471451227695 363.8436539322833 
11.007855521198863 480.0174743572825 
242.89562353812525 439.4143740170053 
118.19685892869413 302.46237571663454 
349.1129490051039 163.24574794917763 
57.86926356861243 426.7156523336561 
75.50377238276972 440.55356082502095 
302.83584369565943 277.7234604390822 
256.06671260675284 278.73666564769974 
115.26446439384296 166.2666593877064 
430.4117109447084 138.9896130503937 
116.74507240323034 336.3893993506695 
488.79152989536755 441.75430018885055 
340.8071225025489 456.7059339408338 
480.24965615261135 337.33892972435797 
160.46751663003516 229.41368512789384 
38.96276397939063 478.0322140528486 
108.38717204048774 415.8407684764514 
508.85592700128717 153.04119393217152 
232.21434410970414 202.35600233841265 
471.5686416322828 272.58062528969623 
252.69290576593338 455.4696649122913 
507.8497868125943 312.44200906434827 
417.113563873203 39.95304142722682 
147.459713656303 455.3706686253691 
65.68625552434526 498.8048279239153 
87.65746675405705 290.578640422805 
53.41182750316142 18.892646231809465 
385.3514164102509 57.72174143382313 
295.0310742354853 231.09773288949535 
452.99127748292887 46.668918061277644 
325.62933807142264 18.790903870698862 
313.27974567704354 389.3918861460455 
394.47466153685156 133.4679435445078 
192.78184989389496 105.30326733239298 
234.6678481333621 41.37252345755248 
159.51009129989922 386.3714214376968 
276.18229093955944 49.93487014724567 
134.56355339918917 233.33985596552643 
194.87187716413618 387.8541571886653 
232.89913945487206 179.37966945844124 
315.02500299228086 37.6528518600509 
13.31295390538422 462.5028315984125 
508.04291374357166 244.5310624100137 
342.7100101977996 133.06470832245088 
354.82038505647034 250.3491945425265 
204.7404567731758 207.68372054302498 
464.40690423821087 426.566698607183 
407.8803434383117 105.9063994545319 
466.5265798367461 104.96544335350087 
273.03506397964617 230.94596170869252 
320.53472623199747 29.985523813789207 
505.7436872434774 180.82242529626325 
208.38939228126668 481.50175232600344 
83.06221195539337 201.23252725367885 
404.2158813988918 241.86897181194342 
110.20391652490024 116.47749755962998 
138.04244642332858 206.06431738763874 
227.01485773459083 99.7767379986435 
96.28524017935368 58.75445738785788 
269.36280504383944 269.29570995111885 
326.5606119563128 67.11604791500369 
15.51751166946185 221.2160612604373 
439.4030058987538 163.23754002775215 
472.60067250326273 236.17597203634142 
124.46641369462735 114.9302719311801 
283.18351845768376 20.409207755908092 
123.78767853558819 208.77726468051304 
457.11025946373155 467.91058757512036 
429.68962881161195 494.2475755291423 
258.62547844930344 54.95627798126628 
99.9022677339445 262.7045417513652 
203.88361774157264 103.30695870058598 
207.4800606785342 60.1358547521748 
248.91867884800317 273.4219543417201 
68.09355761983481 157.4337414151981 
373.15219882855996 274.01244201931644 
12.2733291171943 27.053337787431346 
388.5177695000056 399.2619662740884 
95.18450165249119 499.8773122597432 
429.2800397502696 130.04225604968303 
261.5098596053629 401.1149090234715 
202.6264932808135 160.4525638667809 
108.0197586864946 89.06360679782593 
205.1100575389776 336.0105927353026 
11.40694850047246 445.5613885197771 
235.02057911320128 114.82318251636875 
13.964359068866552 491.9578207164358 
155.76350820045602 288.06481754959833 
484.6840644690445 429.43207608734355 
490.3236895830417 321.09219803790904 
198.35550449641408 27.486012335001135 
51.89254684473187 301.52280662024236 
100.2410918239197 409.4403550893795 
440.73663549451305 105.60582065779654 
148.9074085010696 408.762280503965 
362.3859150578409 19.213357543545243 
254.78986967186898 295.0523671379854 
347.2195556161735 174.78013161443207 
457.06940480593477 293.5190823172107 
76.5277443387054 290.5198266256947 
106.43876982655453 446.7689774789391 
145.12731121235228 323.24615433329046 
446.337081408159 492.7406347589832 
215.60950167816827 271.12678765987704 
110.23039171793808 57.610654810267825 
144.29799477701994 487.6982395731592 
177.51653352090923 87.49947851640098 
283.9950810054735 493.46990967966707 
55.632430177489745 67.80564178892739 
293.59454924484726 396.4453286845837 
80.94180615494727 203.99611827588325 
409.63893246877416 157.8888338965591 
355.98166021984383 362.6811964334601 
259.8995461082264 64.665590444128 
465.64541085581556 196.80186988865216 
424.05741208889333 394.48335902073325 
339.8809829415464 503.7579081479226 
71.56301440683592 385.36394345142264 
155.48196502540472 490.3047467672464 
131.75323630233777 245.67252890841573 
294.54971507612026 243.04722620282365 
76.30345842549085 66.03292975028663 
502.2050171578385 328.35850844762643 
19.09300786595196 119.45705094421554 
11.126865160415324 70.55204048559025 
463.56200822092313 161.0165261667004 
25.496935055095804 182.1348750421617 
152.63792115663182 463.38472105818363 
81.92762355495408 44.970430004560235 
101.30964709813772 449.57722491446634 
429.951905451144 66.1787622971775 
16.927590986742395 409.218978312173 
199.65299553775534 157.60252326714763 
437.3075868168604 409.6661189729455 
249.0121456274217 12.666749596609675 
41.71697140762819 138.31065983601601 
208.55247688879862 479.4604891586316 
214.82078680278732 37.396204578418406 
365.85715193102584 453.8686132737024 
68.6664054794081 217.67277357429398 
157.53990235029008 341.5816396951184 
252.7845465831192 262.21877044390754 
161.2461006796048 262.81200346184653 
507.484869336991 156.75847883350434 
105.2624408856969 298.54464092538484 
40.42430183154271 207.80289233391585 
38.313420079405844 202.15021605578343 
431.5262131119259 434.94219639852975 
427.12267440761593 125.18893256444257 
396.3284712857547 48.618081422852114 
74.31739532073844 31.233182717755426 
362.83865575511714 249.70376253673086 
374.2538158538306 96.53715891843639 
441.97444766978833 212.22009016243587 
49.34199684065748 21.38143678473258 
496.66732141885717 235.51577217598594 
134.44804053452458 300.9208010906824 
139.7077512475919 177.23975272350089 
101.95176411480304 129.36333447348824 
115.40994033275824 403.43404047616076 
145.0380089817471 236.3089173365882 
145.17427522734437 117.0750127490993 
261.7998157589128 79.07533394313786 
442.0256433930656 51.39120142046026 
407.7313838607463 439.8399952927455 
224.20564909354084 139.28606763839178 
109.18907907226415 101.42546260030149 
182.89693614702972 395.19336519556623 
55.39862033994052 400.5569272560663 
484.1577310427173 370.6936852406766 
311.5864894285959 82.41976775592323 
10.144699435436324 170.21998709746282 
420.81376542391837 505.3451569417359 
169.7022705010091 138.18049551917355 
287.0904463618632 369.4521045363267 
233.3964737383226 453.82679522604764 
357.34844878869114 268.073859884243 
273.07162523954406 495.1955961859785 
244.85133635701993 485.79685499186246 
411.0076807718844 458.4518999031085 
61.61897198694032 91.94034747128993 
208.75665602224873 343.9621482079334 
352.44517822518304 503.30487270108347 
150.7360915356669 45.42496932966671 
148.0865221002923 315.0175567748442 
302.65771310439186 403.3881511732165 
280.20040968963036 323.30254483702697 
349.8694253260413 209.47955716436317 
225.6105359156525 289.00460010229824 
345.68877791180086 272.6803575404599 
372.4778338090841 115.69394561857325 
124.80599403428937 283.96858574817804 
225.9551438450831 241.1805866092838 
461.83470402139505 340.66124008871714 
195.9035650507954 166.2661519273954 
180.08852956503762 116.78290674438784 
234.24877182032048 169.56141422562865 
40.66158352006909 290.78919510750563 
214.55527676194686 382.1976354088239 
366.89112359452525 466.9729950731138 
71.39688253548164 21.25978148890294 
484.28028717070015 451.8817540842166 
342.10142593911377 205.76983909004431 
180.95929829515734 372.07380221749446 
378.44780760918434 404.048296350978 
18.76302564837644 244.54201623043724 
120.89368253849553 186.28187518569345 
450.00317449873046 236.13270557154664 
452.9116892925339 81.12573783695036 
320.01316654013584 473.2881267585438 
278.0124701946571 460.1682435080153 
460.54382298000786 388.4405352032638 
87.03261740465267 499.08634762185187 
204.08807241492622 214.38594619488543 
408.2655922707502 389.3198200760275 
274.2126610249029 362.96586802275635 
158.01380875885027 99.09237876785359 
131.97511270068924 49.384839949043794 
34.1400363724708 107.60788123040909 
483.5040246684317 148.49228760692145 
220.1960190692394 161.24968928041721 
278.82078603863283 394.35648755633025 
292.7068865452375 225.61130854043083 
156.98088307482115 159.4588816268309 
349.18893774334794 432.18646616507016 
417.6129717411439 174.83699099029263 
499.4793617810424 443.546799414285 
223.93363918041925 177.5037943386164 
487.95580025401546 285.8350911606757 
367.3163066280506 96.47196539555767 
339.22391750503925 322.40241496365064 
48.49203522585859 13.710904918364566 
44.85113985947802 167.4171444239072 
255.4606835159439 261.36480968139233 
433.7246074822543 463.27402926352886 
443.1902786614718 141.55974712502294 
493.61160789112625 70.63146793383146 
345.1828974375917 380.1281159977935 
36.50043419822934 344.90502645934754 
371.98516863383213 50.57835364164081 
225.2999631917738 298.04544880408247 
176.72136136034692 329.638177115911 
104.47591495630331 69.42913768791448 
92.72745029612682 70.69941625042597 
402.2021226710178 254.68936976572408 
273.3640068875514 306.49261033925603 
496.60469605347066 266.31630232822187 
489.08624420546175 417.3194451919432 
63.67742571459422 24.853875249576042 
161.8492693600953 326.17116872621057 
49.44639012345985 404.52177337422876 
341.9266066864505 207.0611251488386 
233.9619746119862 482.09059404619524 
457.2202430398105 317.8995719857744 
279.69643920664555 262.83824713749357 
290.14020998521846 194.2387598206729 
281.9250770793178 182.41587011473996 
262.1318908906983 65.21658428925785 
463.6691786354398 308.45119981888183 
230.92916084027243 478.0268311668941 
282.7788616580491 290.7176425189088 
130.61145424431174 242.24411175521226 
343.73395644883965 233.6972484101249 
409.54296119552646 430.33173664788603 
131.7409952089564 290.36540370943993 
346.2719468652962 295.6604946962419 
211.70446852361445 401.02577806909744 
448.4685179232266 94.3666038812539 
159.65052857843042 226.0233069336856 
264.97875204353613 422.37687169311795 
119.18111198174651 446.16356402262414 
66.07340644774007 303.92922369154024 
500.53684436005926 229.6664488492942 
471.969415845169 392.916723529612 
464.8465468639311 289.48257053603817 
234.70211632401848 273.38317978446753 
461.14179243317426 79.80016715451698 
503.4264986867222 470.49851875695504 
208.71435803571646 305.5709008724609 
28.225513464022903 408.341999957064 
142.39488289319752 43.88257302726699 
382.50359326579377 175.82143481088752 
463.3308136009941 401.0068200107057 
409.0434407800144 87.05651883347674 
62.84163695662897 253.95012093254493 
219.80440081485767 147.55432976994575 
211.92978315277367 250.33593580348273 
204.5403194089701 162.50531429073237 
34.02503996131961 365.44639833745555 
128.3150854703208 348.5276555558897 
403.5407972347918 440.251497597712 
22.994059717218065 435.18828835495964 
37.82016724254515 249.25394534401045 
202.78950815076996 367.62868138001147 
175.0501474311165 271.9778234928148 
358.9379505344558 346.62340374394614 
355.72188230204296 466.9292271742963 
313.5878652103412 67.39975548913313 
450.2152245241324 471.85683761053343 
137.9757017057953 143.54645312144797 
200.0856929516892 279.1407930356215 
464.9682289530213 327.33961638716426 
165.63189728052203 60.13775090388917 
451.04966603886766 262.81405105305885 
97.32169465129941 437.31046862873944 
467.83132900929786 132.9080329289917 
373.6550324480803 127.96985942825006 
228.16218476663184 187.00972572905803 
273.0417239751343 508.45775738779133 
176.91840693709526 260.23332997715704 
472.2722043921367 272.5984563492152 
101.54993359130886 20.753084377204623 
289.1594949644004 483.2472530115841 
42.46225953099541 306.5232429308648 
311.93039693119886 440.76390611609054 
208.31156360737373 37.71217530005965 
182.9440350154226 417.2393650347162 
226.29131065226053 316.1787397741658 
429.31599912033215 430.30378021811873 
182.48837260799493 448.31892360225413 
358.0260738514897 355.34392157958786 
32.38690902004392 252.61109004008523 
158.0877559808577 299.9581774580415 
86.59809245659788 138.18771883880063 
477.35767987630766 289.47714475290394 
401.8936843257248 65.76199070089133 
366.56299827662525 437.37814306131935 
32.62184095232628 127.23711360625505 
108.12499117215701 399.4215553771251 
222.58303245088385 105.32680486385964 
72.35687194008804 35.337235049780304 
242.44423446411122 499.5146666043403 
368.6140225163039 326.8891386077033 
202.76977076711128 129.6810064047893 
183.97474968740468 226.1461670991847 
297.74649369528424 53.72486683809817 
327.0296564490835 232.7875357428125 
59.68187783597244 160.5096480000474 
119.35780619611613 124.2705986612193 
329.35279217318487 424.46023954340615 
402.26776251430016 387.6894298636392 
272.2833510367417 433.1400127446239 
51.38164136139927 27.152113328115227 
396.02972452918226 424.13554815418354 
16.640351539688226 45.505039623554225 
148.55024545184114 192.57743072974614 
30.308037312572967 24.23220290066485 
302.7388312391764 355.6251109377372 
250.5539772989797 350.3576951091353 
457.1997785259839 85.24407059024668 
233.18993487153404 264.17947695176565 
108.34228785799692 45.60326582586054 
249.14120301635438 26.66260380645801 
373.8725563783778 396.4210822760061 
90.22939475983453 130.31995259916818 
72.76175502240955 348.5879350129114 
130.8451587903047 102.40869863923673 
491.7679925485027 383.39360303444 
38.08882295117226 74.27048781736494 
293.5902811893121 371.68736010138446 
147.9572905197528 415.6436314087512 
146.7327887903043 454.2991593205445 
150.1551733219415 357.77529495868356 
282.15737359311794 170.04989231097932 
349.10821465074355 154.16186320678375 
306.8025710470587 442.67893191798623 
393.75742934835876 452.7456425170035 
229.0471815429736 163.01696813632432 
493.7116526666812 178.39593003266467 
276.1966023758137 227.73237228426677 
264.33709290397104 349.5026743535813 
209.0698553897451 20.97918477167903 
468.3615533555285 377.510790482167 
463.7657330088885 450.2747938656408 
46.57186269677182 23.223268153887133 
75.68590607412933 272.93550883022914 
455.182294820549 308.7012741347035 
465.8933156062406 74.3981358221743 
452.4523943125053 308.58915290757994 
294.88382975150097 384.75559973152093 
102.13205936685098 369.6927610239853 
213.8494097989551 44.83488798707174 
386.3122349964177 432.63901346543145 
468.51079260252936 58.14527383406819 
445.259243427991 254.44487240001504 
435.5979593741826 290.02508392801445 
86.81082514003535 455.8238615699685 
297.05638700543557 500.3150459831963 
332.91212977534593 442.0583255193166 
182.05723639945697 320.8864254404456 
395.86968940755077 371.2653939630644 
231.88966396085664 414.35190121102596 
101.90155751464223 468.8849412875306 
167.81330269194515 175.2875869015758 
404.56169456723615 112.21757226376494 
66.94909531731878 460.2940544447268 
255.6167649582858 233.8407637761825 
176.28661901778824 458.22459145169023 
225.95345970956126 217.73131658293326 
219.88586440338142 436.9089403669104 
394.09440164820325 86.92225808601027 
279.3518579008886 227.70032978327336 
144.90089277498367 406.5222420941962 
452.66007155922966 434.1743030430021 
146.04054189113 450.92568713969 
121.41073005133812 476.30718055975746 
394.7978496661213 309.0416434521588 
281.590275525518 206.4623815903025 
352.806009005441 226.36961897518546 
17.917992051549973 458.5128032444115 
311.27792712017776 107.75049236459881 
326.8559795339847 16.42722541634855 
254.3146414757837 229.6205086603672 
118.36057942074129 113.64902510827318 
112.86931856110493 335.59666066018735 
351.4533563977696 199.59518000477115 
426.9447953134473 414.22144796115833 
383.68984643131324 334.60383359299544 
58.60294527304987 82.69519376309242 
239.60405986453398 199.6584426658084 
223.36392988556614 125.42402688385317 
128.206990908226 332.21658206202613 
232.57348664076616 361.21169790439995 
164.6171632105754 324.4717739331521 
464.31631819134975 137.92329591573713 
375.9014665709826 345.37615934567094 
205.45378256885692 378.4489714555125 
196.2042064494855 472.7523459806771 
132.36393746469548 226.79590719510477 
281.24269956789647 446.82246953203685 
322.962157319724 468.13657863501265 
97.24740058412594 81.48265727853614 
317.58035756395725 21.641348928998152 
364.42476275064615 194.65090535418133 
371.282988870479 429.92373439272916 
60.020933022566325 44.0166364232013 
165.19792144680565 393.92626933337687 
311.0643243387905 379.51997536094984 
369.4403636013337 27.075176370750846 
131.86540768559823 348.8888494597746 
75.207901080503 127.53199812913651 
86.3515841268943 117.56212584969471 
238.62484239250097 392.37022138177343 
80.31543843227617 189.3268218724387 
403.91389328320497 122.50515010997758 
113.65444682871072 38.99758247223194 
98.47340145954274 92.20496542658734 
447.6802728689056 293.4664938694995 
417.4382282535805 382.01134430973735 
267.57574256861903 322.45138660267935 
440.30241009142253 98.89752666786582 
45.077658883025165 225.27078288598833 
247.18164038319978 32.49209464853868 
431.4636025537333 324.97352588433824 
427.2938427316494 421.19653625122334 
135.92077136315882 406.1513240843389 
97.23589960317662 127.02475657375666 
369.3750085531356 57.76222973613464 
71.63454286328829 142.99261992850998 
58.85826243427205 107.29327336914095 
453.7497497170626 481.8856600809642 
162.4923485461686 257.59031433462 
38.608602027771326 120.23312752837543 
40.16744638480395 162.68325859764647 
46.247799817414496 296.31635833434024 
459.9932132330782 303.9347447095958 
327.6429396591883 86.03987558081204 
445.6006751646296 152.84047526073834 
310.90267798513 305.49295835892735 
294.37325086877973 231.80924631529757 
80.30592354657206 414.03014523954664 
221.68466976066287 309.25088565616846 
105.7601902265216 216.69861948641739 
211.2222033543287 90.30008901171931 
265.2591687599204 289.8406412043483 
276.47316880326025 389.50451782877496 
427.9177342425774 178.69917112568928 
463.4529633986135 396.80497267556154 
490.16243680885873 40.854743194087206 
49.752585204329726 273.1359946628385 
382.65570353479876 34.3218386822297 
19.983909795299173 436.9750256166747 
190.53168346271647 374.13273332087135 
22.70082356404695 28.168021180386628 
154.52213144206482 106.23708880230608 
138.87422651709045 160.35997912993264 
445.5501919020826 272.54528621261124 
416.9992173679862 198.35815414570146 
230.37040001987862 265.9436721729895 
254.91240306769873 421.75641759969795 
170.83288433409808 299.1099573884042 
333.3975971505366 61.14859693100049 
124.35004728960891 35.95665898706051 
431.65791236622294 318.25916003623416 
438.1436816863239 59.530912030606004 
79.73247844873242 106.31917983077348 
354.85078834172646 475.1987166672471 
127.93587617413954 372.0158140222574 
172.06610881957118 72.94168181204284 
438.3983583706269 485.34342524193653 
423.39959010555134 97.59447711289458 
28.78504216515653 308.684364233887 
473.6268658629213 300.851087614106 
123.27219155872537 181.44773123741734 
45.51087056602809 73.86798974377467 
190.85869638361302 181.59397062463898 
320.87268977119084 84.29233931159834 
176.09090026215557 150.37372941252525 
383.4898857574626 466.54336837445436 
252.2788500928396 91.60886078846296 
396.40021925748925 239.17510773336747 
52.2821308591228 181.84376112475113 
31.189159247900268 248.14848663290184 
456.94344396845054 252.69533512827408 
291.83901583777174 59.84095250362597 
146.24799233403812 231.7293864453221 
500.71809194988504 352.62187466023215 
243.28676707695234 153.19191835759275 
339.2877596138375 480.8216326520905 
506.10204865551174 474.92314561463604 
461.1057038288271 509.9226792558513 
147.49293045218695 62.78262380767945 
319.7034894096152 146.80070604958283 
487.8593601642449 328.9133755611931 
478.91642927788155 113.84381040257901 
271.1624958524469 135.17333426545463 
298.24404744821476 140.77820532754518 
99.0796969054008 198.0621373633754 
10.819133797402449 373.0281214348476 
63.43224107181121 356.47134032039753 
336.56359818459026 120.4384163585026 
281.96380842145425 188.58634033575504 
398.1092066926497 495.1878053892016 
167.54801337692786 89.2679579893274 
332.0612920743241 112.72083007798739 
385.90289529184236 44.24191745360616 
113.18371116329844 154.52686970135713 
81.89074930033995 462.42430385016274 
234.08298859686 216.59413726276577 
79.48116693541695 52.71115269846065 
507.9698488297803 492.36678238207867 
385.4556049109997 356.5602165087891 
387.07628067705105 464.0334562551716 
451.9315266538923 172.69314914883614 
314.3063028374924 400.9751369349707 
277.784192836681 235.24619401387352 
250.6984144483828 89.2006036437421 
54.04437274041623 131.69739683794256 
146.27794755190325 340.5975632588925 
183.34993721416186 71.89863406697965 
246.8775029639311 455.8275308347351 
128.52955663145872 244.54048880714228 
254.50347408442852 439.692701995772 
170.39662479827132 122.37805292772678 
483.82681406292903 392.8028482834321 
279.8314496732445 202.54592202522736 
282.3762781010757 128.37032800549406 
434.2300069434805 293.29042830031517 
107.01213611823145 187.96151561632334 
333.3971222280189 83.4471135586755 
274.2584646275349 55.032552187349914 
94.96253068913407 355.99182638889977 
27.072344599258937 490.077664116561 
134.39762394427646 331.99338239843405 
185.62784691613714 36.21820968146376 
59.71124737709559 256.2959443180737 
274.69306141700025 369.06045844042546 
35.9024881255327 461.25926574697183 
145.1782709255147 289.6503338673604 
199.2487982189683 269.8849367221998 
232.43341077636575 284.353187554607 
326.5072627572524 224.6567488077951 
218.87288915864622 200.48677203902787 
89.10753269224696 253.4232620079804 
493.50594231640576 211.53544705856476 
347.41416877477303 508.65078433174756 
425.95065580547555 370.7739166794421 
65.13677839185115 241.37475318123086 
97.50967310962132 177.128401716089 
48.965963803319184 196.17783742448378 
256.88592025552634 202.1035709610067 
343.513206457686 138.52270089630952 
393.11622244333415 451.6032213283275 
236.63285118262573 250.76761580259776 
443.3011525081244 261.4729298454549 
455.20431865526274 258.19315361917216 
277.709110163632 150.59267132182111 
256.45256466132935 271.3678774649897 
229.83278185377608 180.34768795908545 
244.88510453815215 456.18133432121107 
63.97616270253525 494.30567551232724 
369.92352817829124 267.8723865599845 
397.95015255199365 336.9282854192029 
184.30777556001442 110.38106567046057 
223.45502306309382 475.1452645516513 
68.35119131368849 407.3519913711722 
291.7276449343411 71.61925063356915 
250.12461711439792 196.11754272158726 
257.03185789467204 183.5293624398148 
76.64746217877787 480.9888654001615 
95.56988370160362 185.70169595222112 
116.16405163456439 207.1829650916341 
442.3930940203582 41.91491401674851 
296.5832638213644 341.71377371050704 
113.89007439327574 473.20894754520197 
410.1596855106333 172.57554643687118 
208.43032225224005 197.0250442344169 
439.494240224007 62.54657687435604 
302.74147920523677 36.005231275111115 
284.9326341219775 18.94144302004607 
386.5983871209969 320.2793274404702 
98.4395485650249 65.63978998259117 
303.4020209797445 132.06759710369602 
54.02683813751834 28.719940369450683 
89.22645762884301 66.42725235510015 
509.8138085228222 472.02528240014476 
227.9119743895524 306.9708398886182 
141.79762812895052 143.99170803999948 
464.7824031260772 440.3847225536174 
254.41217509591706 422.0641145411959 
446.56486725073194 58.575658714260506 
97.9532655507042 366.03019325683505 
80.09012040866108 322.2737675433941 
147.94850141106224 116.59950793895845 
127.35137962265091 284.9198647667734 
426.5497841869017 500.5561348150094 
179.50009888417867 400.66533405001184 
71.02668465171557 328.81287037896516 
277.3564902895596 265.31275323735645 
479.43878561330973 498.695208411111 
71.0131232233388 264.02519849080704 
488.5650647216993 136.7830884373935 
36.1096657328172 424.63258337442267 
164.168512774544 143.63879223096907 
389.3569458589581 400.3630043611057 
408.67403583153106 126.74877077475915 
470.88824433066117 130.8272076628385 
216.33791482917252 333.0078565187218 
486.0163055867435 355.0844729619197 
30.98670336936348 317.0737364829097 
123.97384814745637 275.617779349723 
286.40394540658747 206.9199734019616 
196.2159011123931 297.04664963336535 
334.44267918878967 52.91560319899773 
61.8620272033895 388.4056016467421 
90.94189683526027 371.75948050056854 
232.8565467877247 242.81639783534942 
354.5250786434491 121.59748616230347 
176.42494623480474 33.382189389413995 
378.35894543102216 469.6507275387157 
457.4044919093788 189.13183932701006 
399.9505219280491 338.6828193897782 
488.02728158324334 239.84227120723187 
459.0607253061481 343.63446183940255 
277.73379554667895 403.56716140271504 
458.812381869671 354.75331014617984 
200.59510097047854 215.70010845892722 
50.07114304078841 48.54737877854664 
422.9218425803256 123.40029572100867 
44.1770360254906 432.8900304340897 
258.63805025980344 94.20883663493694 
184.10517617172027 457.60472916521684 
344.99806428185764 412.683919486633 
229.13335778020314 446.85760452561874 
156.22453055389406 463.8829074581731 
433.0949721480919 214.68608413084428 
497.64567344407925 427.51944743478623 
121.2952266510247 349.9915484151565 
247.91001836615249 431.62375461767346 
196.16885659867972 282.324276153864 
241.85656679935047 339.5342418603279 
26.75729249355801 364.7887276655508 
311.618599646043 469.0485154970702 
302.08369422020326 335.3973411311427 
128.5393686487123 167.5619252079301 
53.50369931059056 143.20091502126596 
113.47751276745709 292.0218647772315 
176.11018132889498 250.523725991803 
308.08061197655525 267.5257467944022 
404.2700927640795 147.63154092077818 
224.60486811816986 23.391023243009503 
321.37143142848237 441.16052716015736 
316.8589862703147 230.5251638506705 
108.85866924645504 502.6354469184016 
339.8505182133552 388.92385611242065 
364.6344998920058 288.404867901168 
490.71274517745206 439.1255213994148 
445.90630748943533 67.32192141231823 
348.4900522561286 196.45014656993192 
416.55521656121016 417.49844062546697 
255.36027027443035 31.85084214423244 
304.105995051899 478.46073828203896 
406.87179221053725 348.2058917669533 
496.37602451499697 70.03512847225772 
43.77372016716878 25.879744996780296 
232.88115853133579 414.2913362710369 
263.01713683899527 136.380826180502 
271.07698519441993 321.8717993023574 
90.50576119768648 347.9444885166064 
432.5132663026127 329.0352024444884 
83.17381039461851 71.8690419448773 
358.97991635661 396.7421715185398 
352.96954739499796 23.433172791281812 
433.72252869541364 408.11130698521856 
30.322369871037193 496.222702431057 
447.80563678059974 325.5738224936969 
309.67171497697245 273.6949842728352 
216.70172168738304 494.05465265778747 
344.6358180727846 226.8088975025883 
477.18432145033574 201.50837313442975 
385.3985441400587 271.5486735602939 
19.603078233619723 233.13800227065116 
175.89228152806817 485.1696516238449 
135.6190603471369 280.62471819490924 
253.35522480694004 304.9940761385273 
86.47839251884325 192.69673570762484 
417.8408985302441 358.58503639187546 
421.90239360889115 178.3654178250057 
264.25831946437836 99.12677665623042 
104.67219929648995 199.1567359458084 
294.52074221935277 44.839368865392515 
20.986162057406823 411.6662242756555 
252.38121074969789 46.255935369498395 
81.668069292934 146.7655462038453 
448.53296124293854 130.19060372432085 
244.3042968395991 36.7887549373354 
468.5528504355866 94.22518361873537 
411.38807655618643 27.02650392258037 
281.2659629075101 150.54282612764706 
284.5489020850891 132.85617387590338 
390.1094559106347 42.93668892173574 
379.9453446168153 428.83613097488956 
295.07379155754376 185.82181919253853 
34.899284128219456 381.0921910649008 
157.79948570644845 499.0783114518404 
360.8497273404418 259.32451560906895 
187.40755689570815 237.55386628221507 
222.7043109993853 489.76297325767416 
389.641644476888 239.0539226816856 
449.6666579994237 435.3990027754609 
446.90007988237346 139.64751615638065 
107.61769612903903 214.8223800065379 
121.7360105616878 230.11682286260702 
288.1290287279873 295.9907495267693 
201.40356622460004 252.37869468911694 
494.1865452657864 226.26016347582149 
126.02837926671589 59.706261064991544 
327.7023201529326 485.00470056032003 
67.98047509267023 189.57867514120846 
308.89299151992856 70.1533816432483 
355.0276318710685 22.987150911832668 
282.6027316054648 54.97242883401109 
254.8474750307441 329.02543225283233 
491.64889990600045 476.4209466585525 
263.47625329557786 118.59283671916874 
22.26853915685777 41.40829946666062 
165.27255784215527 356.03792194590545 
451.74380157178666 262.28120032591335 
256.97402450976654 202.57102552740275 
153.2845063893069 257.86861792133345 
253.42523966883073 90.27363308808694 
338.2458453722684 81.41272905175488 
17.55480399557179 50.53285894647185 
40.759455935389255 61.71395991203387 
382.1799200453511 345.72911702050243 
374.8559493277267 268.8182580704283 
456.2164019931284 78.00503913319005 
19.156975709100067 340.5746867590546 
432.8723504988762 73.94381149886553 
509.2150513831628 31.39162867306649 
42.40363321028911 468.98516163766544 
42.579189047947985 469.5194413020143 
417.0092089696469 40.40684239832031 
126.66446319432711 234.1879888247717 
260.4444921165268 462.7001247336326 
24.503734052432716 488.92691866851874 
339.93084338199776 284.1670229741343 
78.45942752319361 32.39702208149275 
442.9393874912833 48.56768601321481 
116.97381428716274 253.0606474028336 
66.42710613478363 110.64595754598204 
274.43565200017264 99.01935264233202 
231.10358896366816 319.36113271850417 
179.2413916241294 299.34696349379396 
438.30632048941476 367.65429803459585 
90.12915825447831 198.24607065792787 
412.06277005950653 232.57706953524985 
185.86348770052385 188.35612887317598 
393.9173900313703 254.61109747142623 
338.34908505949215 354.5413591684616 
383.10161422812513 30.00634247510491 
324.25162006813065 64.48644164762905 
339.6250027764167 414.9662716571859 
55.203724889895604 367.4282561989013 
492.8656365857774 65.5081025717239 
31.674384210166487 187.35166216442448 
23.23796344914335 61.82623974979056 
350.5796560548289 421.9775855390943 
509.51609099054764 290.9869833136772 
221.7131255462119 183.87140845902255 
159.39072471433207 386.7826581000214 
73.07394433004626 44.99991092238908 
465.83796617402453 150.57335083599014 
450.1707722057502 271.0647483271661 
56.87790501961197 501.944243609618 
39.37959662829081 156.9407333949111 
131.30121621606622 133.00678705778932 
270.433742888637 199.5469246915665 
497.94203519327056 165.17180209580084 
78.12398731111658 469.4787418856898 
361.0749459658832 232.22260087508943 
28.287052747080867 167.7291509332449 
119.5144332143821 38.51631637590263 
138.1605290883503 478.82717285699016 
71.99489041085782 66.14151269504242 
346.18244965107044 456.72159167153137 
46.40915127589872 229.86020955610692 
211.31342831770965 304.7383647165258 
95.48393094806805 403.66245643229496 
46.959770827054705 35.93942095929891 
26.470043569479063 367.76163078739194 
319.5754911769654 125.21139150755417 
157.42572678961392 349.8584728904214 
267.0213671329731 389.41205847627475 
317.6710330231497 459.50205778661353 
316.7592452042579 456.90284665737056 
234.99154718342123 439.37581746301254 
508.95965829957066 312.79545333526505 
77.1694391560586 282.3367877143423 
254.600940347605 31.24066130019997 
40.42011445971893 388.0360623622922 
383.6378303138696 431.0875682381973 
502.31242292967585 57.948759719001366 
63.317895184886 16.24122167009927 
381.7506851458977 252.6414578708736 
291.72365631834543 187.04695594856133 
473.59661937595575 160.10537759646704 
296.61881205998367 334.02943166129126 
150.50920896226705 248.98331047278504 
294.67640749819515 50.314476509021866 
449.58082761730157 105.51848530203554 
191.16731818011382 324.0620297550249 
186.34754707225926 478.0535306006679 
425.18695453953535 197.23808442368832 
363.7518812129115 77.90750649062666 
290.49855013511836 502.0539554219953 
268.6359842803694 310.4593537244371 
187.07092182278893 411.40082364078194 
273.34359824866846 235.26566985412688 
383.38896437794585 164.6078581325812 
485.00866637409143 179.04109694566267 
494.6150172858417 454.8518775987986 
10.108889401669865 50.32934633290619 
506.67914642361177 89.54676760135199 
226.8622941606871 29.693066581672248 
301.37648207761214 160.04079727074625 
83.04495319888154 434.2505689820219 
262.54984600934716 81.94984703474644 
61.80792146188523 180.38765771756704 
168.4356264744233 492.4548140742014 
83.07165160217316 393.4726274586928 
200.25111528135469 115.8912629095372 
233.07583844006095 338.40249298924994 
22.10153029027289 333.95932332885866 
339.66297278747817 469.80878555981593 
12.284546282882271 321.8822420625967 
35.87361848698893 25.750716081464113 
351.0708742533885 236.84139297525462 
79.4316146456907 213.7241851394626 
295.0386263700668 70.01616335506094 
320.6972653452381 162.81444366613277 
93.03985392029361 398.55656950085586 
336.66670018117 440.82079857061103 
123.8772599843199 398.81690370302044 
373.5954865392381 60.18127519816268 
460.7692543584821 107.17859736861139 
365.8246359837236 21.525530333954812 
192.6814232536448 39.79012927564262 
423.3871340942116 68.68399840445088 
457.6026371689258 407.55246545519185 
305.9730876970378 453.9814863602384 
267.8438433894646 287.6778857633037 
25.831697058972914 137.64336008093608 
332.4376584748677 238.15044894807994 
347.18805385710186 470.14231054328155 
206.71693757225123 466.4162083189588 
74.75299856949518 31.314017681692388 
224.15047689870727 288.63129198783247 
148.9041088811448 425.0696815559491 
290.5137989844078 240.79591136023186 
190.11593726576385 453.5335785678089 
245.47338191213734 328.10256458312807 
260.2176997230821 219.4338991885533 
121.66229332033973 23.82643529764682 
233.05641834823692 330.57474554250615 
256.32542276740685 254.08613046866412 
292.14370853702184 505.2176682431037 
335.6123589059717 229.80292527764271 
197.86438859223603 502.2006543541666 
76.59622799951286 112.18666257596892 
91.82494234741256 424.6228974441825 
377.0963278884863 123.07631469766544 
230.91998649613936 70.92326533153775 
388.3829819717103 336.46344081041747 
