145.41129641130397 162.85342129154074 99.50824500965965 368.95618613846165 193.62449081639494 22.812688202575497 36.71853506809617 27.22286934194145 
152.0957918473772 154.38823394075715 115.84397630954827 499.35750121892676 442.3348051089311 536.1875353873351 197.3767006664369 67.07196375768808 
418.6267043199012 88.0887422902796 140.64308797259525 447.3661775726682 158.48385333346113 542.3654936994693 419.0294566297092 392.6262535346203 
503.23171400789795 432.71952163831423 255.264168764258 297.30231356971404 226.07280826342588 316.06462091621614 29.0992979495335 601.0097081710952 
154.97234396307823 291.90590596791816 459.73627044072816 327.8972084097119 227.70950988155295 434.15801856076206 215.33868611219825 452.12611009426496 
206.43797340413573 500.2460329123201 351.97639476876486 129.30392174441437 529.0994029352948 232.33282487743236 134.34444976255867 383.71635498002564 
525.0337677061411 515.5166830395543 140.60074189601994 591.2014633341761 372.13022354930246 407.8428344881307 503.6659489536032 247.50958997817702 
122.86218086821202 206.9727838163052 291.3297692456907 61.9928496669238 76.5505019501608 468.3549816584909 577.5069359264623 166.46807808408218 
325.1983657355846 239.74080623872837 106.98697599887876 579.0967816704411 450.2417784853728 326.88950388945926 206.0212778237503 213.12587359344667 
497.55924610692927 155.3057546169092 341.09141763500423 470.33319832782354 308.08455528833406 342.8538618302281 78.20231334847104 409.0211253559345 
431.3663267228305 448.0919953821176 545.0440086448045 26.402505030428184 199.41802382243458 109.17049150844385 448.3659998306838 145.22224475608328 
88.20234395344448 538.1378399802405 448.90751953860104 144.4585884270265 44.093528071150104 485.49816088992327 446.2278730536679 323.9477461965402 
602.6615560196574 139.8638326775609 275.7803620271501 242.77552389184552 577.1217767851701 177.54716769633922 70.5736276146084 121.27990760511396 
243.7938560320277 126.93478351201684 289.76414002333655 546.5081231329918 501.91379137551615 362.4883471884403 366.5235815703551 70.97212132554007 
35.142622910893806 193.21567603004488 477.5249172908767 44.54612971628105 452.11569227066366 260.4556798084284 286.39080632118635 369.35002032857886 
133.3762788952074 209.82110559218287 63.44824197316783 617.4622904922365 262.03709574990046 152.14273560996014 134.13302455058852 101.30634845100772 
465.5136922208931 178.25869081192053 158.38793247263078 236.5539944722231 45.67333135929459 142.49288842054398 493.39827175070457 87.38958807355202 
524.7431880402703 279.6660513260961 242.00860232880515 133.978903836808 584.321466499227 370.4832684438969 539.1643079224042 51.98632288601331 
424.83545815518136 120.14169611366415 178.72192856554457 443.9840898083787 322.78996383990267 565.0023594249436 232.97176603893354 612.597393854124 
513.1501415760587 472.16951390879615 267.21671268114477 215.22908913041485 74.20219955260681 446.82156671288885 101.75103280279261 190.20770980732786 
442.23611614006734 612.1371562809588 223.58264934478458 294.20262634355845 133.3936233096359 76.66026895439245 100.24296451385622 340.7499495759518 
400.02566659121163 553.9480049279322 398.02780726962965 379.73314937997696 298.90277015927745 449.3448406848166 257.01322794236285 607.661874045819 
598.6222564311555 78.72708527998418 125.18998766548692 148.59300413243392 103.55594993225128 434.0613194821169 404.06046737244856 595.53745823668 
521.6821583506144 260.6205464355938 108.04168757976016 552.1965475114079 153.64573487901922 560.7018115606918 490.0182486423948 564.8718031713231 
30.389813601214314 588.689006942059 135.38893187726083 184.3917653664673 76.70316954204024 152.30470286041557 576.9506773635765 247.89969789526492 
228.02684431189803 384.89462784019355 232.9637548118029 220.345855717784 577.8637341554098 103.58862645702389 220.74179413612293 385.52805963478335 
183.1350093225206 618.1818906213693 148.11049659247254 226.52445990304992 304.8270481608385 205.58006559444487 535.0787512316414 85.36199728344123 
611.2726877922363 414.6521650335231 468.0658747114366 141.76463551711475 421.4103808951955 316.3348650303275 239.028748391259 500.8247262048632 
415.36530632507635 563.8320533250832 271.8326735710972 329.4416471402644 389.69581298742304 277.75337800351457 388.2095802174896 131.37116894887808 
184.64935645519435 521.0354170495002 615.6473698053263 600.7294452150401 260.7712317491073 78.48941422635349 89.55418408023088 43.79532681764582 
352.21030200512195 605.8191713670003 352.0413401372604 308.9548554233378 174.0650577406898 562.952921846615 299.6686655061353 114.63143569281327 
311.11413938857044 96.53290495809031 182.49593340560054 415.0457065515558 365.2746980429743 186.4064346714622 406.7842883193245 393.6487675429 
589.1327226164872 520.9621422645315 243.6912324158326 24.07243639790864 182.88874858566928 116.15522653893838 496.30308531662496 88.44035924286132 
582.0629021801996 43.06541346067172 527.3485726715937 292.8837076933627 613.3029947067976 578.8312935363821 599.937290643 470.1052797855203 
545.6393302901499 245.80504721851645 233.66684927862212 408.8355825310085 414.53008924356936 153.7709897221802 228.44244634568273 600.0248248051766 
346.04102634753724 410.0718159066418 558.3525270846721 339.6145190544236 558.5030646169085 112.4864996351447 287.94437533198925 577.7323478407487 
68.99181440757492 589.7031337096091 413.2434121699239 454.15418593467734 481.9725135067458 304.2310000700155 479.859792743046 609.8769205634292 
387.4543152396306 582.5951608254015 380.5262338617175 114.64589347030095 245.99754987678503 87.65762287779906 284.410703264927 400.28066550665966 
587.9178372010717 497.90865727868965 200.54781822654513 339.6428692979904 504.0305816411834 408.5721159729296 227.73257096615566 361.0899088199226 
555.2799647591412 219.36847459121887 293.22024195960483 38.258249073938245 578.5957116888611 123.77928748387413 132.576230369133 145.02004128763951 
