500.03343413616 377.13835431622545 331.90714493763915 119.54022624251408 292.62812571389384 212.18587946229331 140.05724069998791 55.02647523047776 
114.30513458702173 219.23323567902986 306.7255558461635 401.69181665017146 138.66578050845428 409.3052055235692 165.1991165235257 109.27762758211922 
333.6155992945074 203.91520019416964 381.62267731514606 501.4674352955221 256.00830554754083 58.14689656200799 268.9450093213685 160.70259179027585 
186.16386415758188 103.78603825180114 58.90340988453307 91.83711838272868 369.83908862940456 361.33028470422454 462.1247747035605 275.95969088114833 
260.22864225179325 194.705441050582 471.421224770448 350.71107303564423 277.57480427610636 307.51608311785947 488.3583867315027 278.42503213845004 
228.9638808461598 204.6587353059721 478.17453889749294 488.42074271079736 155.88758186835256 168.12574604049772 483.1287624837357 104.77515546183245 
502.1474037515361 420.82788815754526 449.35608306159304 495.9029910038076 119.68014921574604 277.263966759793 447.3078572863941 507.2728541354513 
254.88271723155435 204.86545072447387 490.85551281783614 363.5874448274248 283.01424586038627 344.8442502148604 285.1357139586567 351.75597801686695 
83.25386399214185 166.371831464669 358.2151019058229 20.98695598299948 71.9920267170454 52.917690604100166 156.65274546996554 261.32950599363244 
36.93354504174245 244.57550818209373 310.038492135497 246.99118485067277 39.59069819379062 185.20479381196785 394.58512062385256 355.76068281660247 
278.7441778714046 448.2165176836673 150.85273442674284 300.86327267067566 432.45025640789186 39.83050484217442 235.6832415925037 336.57728363989884 
121.17223740673477 503.6329734913104 213.42325219901193 23.93971044915421 259.6142641670797 375.26226516867246 116.51336918141413 167.86899509166136 
189.83565993958806 161.0507494448714 30.522088464136946 162.03325175161976 113.22390140944265 139.4513123459751 283.702399549426 102.79192405145442 
463.90436591885054 409.0762584154196 446.1492168302053 158.53903702208683 491.16497990286877 232.1769797349389 468.63572905421245 305.77627511252405 
443.47389042444235 347.39238945883915 416.2069350429445 168.24376924041604 371.6682388537068 50.59423103729826 376.60823330024084 320.4370737943233 
193.89222935796062 467.6575400797892 248.62747890035973 41.838041500700626 289.86262712671396 67.98421729740593 240.42842371914972 133.1881031433722 
17.039681557833966 92.60784418886836 32.95372615546304 31.131805334824783 166.28180676957803 195.70806871272526 188.4756885502825 82.5588786338055 
499.56192898285866 223.3623908620168 509.3729047254182 464.97292390184003 137.32376235801595 178.36372381268944 177.21066665015144 364.21480665393216 
188.05615752373 44.93169094718657 127.2036516590983 145.86892552715858 137.66346773267372 272.1459114899259 238.1387206032195 381.68047069945015 
141.21034882773003 339.92923133079785 42.83602425699361 217.3117899535004 484.61877031531105 456.40926725739536 289.2266246179987 192.76598939396376 
108.89571705953837 60.48612058927054 307.12468313559907 251.80589768875421 214.46937006969128 428.4345949073163 260.77227721866075 301.6965394690596 
88.21220491649117 308.36891915788976 492.2352062580861 309.5991536266236 420.72886703014325 131.3981878901968 285.72756166673906 46.94501762691027 
506.4871543822851 473.3005310824238 507.943545107131 218.11713965373613 344.37004503586 65.54430354623312 204.47438018995427 334.76781520837227 
281.2270888891935 279.48425793633476 357.38858947228664 322.1004787824411 466.0031495270644 132.5608535190086 134.05375398474501 468.44364978722547 
507.0226255152446 490.330996277128 82.27782222544604 454.44529532529504 350.0074089974904 263.15805330646265 351.848119377664 323.21565113093783 
19.406498589911273 21.38951531190785 147.54617956839772 377.7467375836241 490.61560266279696 77.85030289532217 243.71660780409275 116.93646683466912 
85.66471333476305 211.4798706514912 15.467941663827192 446.54574558938646 409.95179727949096 330.9412202478986 66.58368585859469 26.416525464251485 
472.60084071495214 502.02998023011395 159.22182873841078 240.27887391053042 258.0221823338469 387.71168235492877 275.4806450521361 399.4754460322795 
141.25342742450087 274.61526925847056 265.9091946245811 416.9311881462996 164.6590147766914 484.8111010971682 165.04044419036506 312.6965602796939 
318.56650237893854 96.70147734234563 379.02530656509504 37.39240275054772 93.41775898573117 23.851803530576856 75.44554301978938 224.88451423524873 
196.01325794638524 125.59060914038515 230.383819313821 110.51607764384023 447.4273064714246 148.20644581458004 412.8289171316588 476.2260868886009 
505.17283513656616 420.5699130770088 11.494313147587246 108.88191459253382 177.19327160110643 353.00870292727564 234.12818334303603 383.15405088837974 
220.26020902246566 413.26413025433203 334.39299637192704 205.26124648709308 140.35449372652653 378.35694732023404 146.39283182976558 178.9141683974934 
137.609237724557 286.1907714192294 131.9265015402069 479.78558913448296 463.392630230803 135.72114375559812 270.5446432424378 49.835400336768025 
82.10881907825328 509.5184853154732 247.48886851839413 347.8183784992171 155.2948889235637 417.552822489744 19.59116042018654 17.303101774212006 
490.59215870986907 286.02868605901136 464.2115467574006 458.52977045848195 223.16982900376058 140.0981568805327 441.29229293341734 415.43545305435515 
122.17919049928649 154.28018249135494 223.6066142133889 314.1745813024339 39.81640567880089 369.41429070447623 375.28011778540144 214.4629739307601 
145.57212335229423 499.97696969855554 283.6630974320412 360.07343230960254 213.24597159264195 380.5885836329798 174.63174588757394 439.8111467787396 
353.3040509526634 225.53917897048535 66.39642632440379 295.2968860558555 208.15756661368633 500.16117347372347 241.8952654844092 436.88619731705063 
252.94076978028195 327.87710796932134 444.85093050204927 354.0527867984699 469.36624638802766 481.75056087924884 129.5689525176758 231.5639993109562 
