426.3221656680444 501.0132055764768 
54.54520298406172 391.66114824192607 
126.03416363860974 31.521140977181066 
124.06450393136485 194.2636804525992 
459.0646490343209 183.07460890486598 
64.4076173222087 424.79370670048115 
586.3987479992621 465.2409865952364 
529.4641901049138 535.6220906420673 
602.5057389553209 554.23995508717 
366.0985309785732 590.8261750577765 
302.66902972902216 52.64102662764756 
23.001735086662684 352.07746251078197 
282.383945446967 384.8399083290761 
608.4086901443055 585.8550389173832 
439.91727909896724 36.907352788377295 
342.773447629296 275.5783963262248 
103.12211186830626 299.4044436553801 
502.496972403263 372.2534564899919 
551.601716547422 421.75781039769436 
100.80078568551414 267.2255543449029 
55.31649370292802 236.78869789786526 
101.84038510584193 320.63299969734425 
500.7273381658706 263.98963099914374 
314.1522115686875 529.1552131614308 
425.5695151512418 250.14234482581574 
459.52773820090636 566.648960769523 
433.35059110414073 255.87076122756272 
263.40874168817624 581.2665447186833 
308.66626164814176 146.72285651738025 
162.89709434382718 482.649640077994 
304.4277603140588 97.37497286476159 
178.4732936773275 402.79266621215544 
22.09472171710461 67.55253027238211 
45.51697392888943 364.1691815806124 
456.00708004262185 558.2607406718238 
251.72371915544107 338.71540077400016 
522.909872038035 506.9191603671686 
176.51132845711246 231.26427327332465 
547.7646818333951 329.9938298834976 
478.5097232893799 71.02393222102717 
126.94139562248692 271.72057369856986 
227.2281704807747 244.69456512707134 
139.8841510483693 567.5136335978132 
424.99331799730464 554.8169470649619 
230.34514485496874 480.6528102698971 
515.2521238751954 36.946853683722686 
28.280000364313466 20.843362878939423 
423.33323347762735 219.24879575641893 
533.4985416253126 503.24214074396104 
425.760568102344 258.1029841372143 
