484.45752807067095 201.31859699003502 
280.5738891231871 449.48907739303127 
324.37813221287496 371.8622045880529 
334.13726230082443 161.6197822562927 
278.11074475786234 457.2941370759779 
207.6438734763966 96.14020758416608 
22.89389757734427 229.9577699577985 
62.19572781766274 227.81748542240703 
445.62413305950565 337.5078829560865 
283.48572770798745 15.50839639661932 
181.27434377402662 163.9073267221264 
434.04959527907243 231.9212653174925 
405.2487974009563 249.5363648871559 
327.6186042475897 361.2796834083858 
147.2531010571345 319.2425530359491 
55.65128298847748 176.215699875684 
19.257189653148924 92.15953213667821 
421.12219303565996 230.22111833221646 
375.12939497413674 172.12267623938249 
359.64591141533884 126.9846488275807 
44.51987010722457 442.50981924007635 
53.01432472790889 52.94313748844048 
408.5713625789799 14.33512345740561 
65.22541926299922 184.37517959089544 
210.03546553934598 401.4242961924338 
456.08162663491856 205.36493946192695 
115.37258994988463 221.4991983920143 
452.4358384424911 297.9645612631163 
171.4136418264759 346.9999882563958 
382.16336178210827 90.88312443879974 
424.1616437690091 54.472981747257776 
200.93765717179062 178.0303974966947 
92.31130345466647 346.3522797045663 
66.88834305663221 443.2433923319375 
313.0648167561066 243.96331745141447 
43.219282376390154 52.523924333792316 
102.82185228179523 475.5764797274957 
133.86503792520602 100.11533322287247 
300.32197892275866 108.33888840159932 
482.2637466775094 19.746364967169797 
384.8176061375862 297.9124871773261 
188.32468863422045 497.3704256040864 
186.8555383724748 454.64650466538114 
323.66838057117405 246.72844201005293 
134.24532883214206 250.11257277354326 
350.2176974865901 134.06310458596369 
300.7925153719479 12.830406699024845 
272.2177515466751 263.31308080259066 
150.37487529827808 187.01234210077237 
476.763020150308 258.1149410465939 
