317.6999406601863 50.23980204369225 
202.32782346897102 497.8895837117478 
254.75246991225205 539.9171597867671 
492.0374039003606 548.7246704225098 
63.726609233111645 68.861382490529 
451.8455530692761 342.230903669059 
566.3388385071042 325.49717018811856 
531.5682275914592 295.6059746515905 
289.76847135029453 603.9871655369275 
96.38131348263417 123.40113948459309 
349.9620408553877 33.54170039982105 
585.8758286651992 212.40584722435423 
468.275132980326 40.08926207110879 
238.87228322211226 80.06506949778934 
523.7953051582879 480.1515475067214 
261.33814454732476 31.273071569539937 
593.689989222194 436.76695827183147 
464.7520438528952 278.38742056363526 
383.92299386970245 417.3060424671604 
352.2585683641213 339.3069393842228 
302.6833850623889 443.02288386870373 
179.95719966690177 478.4573886406191 
578.8706233356471 70.18602053803932 
270.6694526450399 505.52862535431984 
377.9794726624544 532.632763497849 
607.5276637129908 396.806935816602 
217.72867160624494 345.5905647850436 
484.7293263195702 153.94641207376372 
335.7769216391713 460.60918477671487 
542.8008024077398 65.02290400574452 
411.87008948368106 411.447553970465 
65.71384736010407 282.714608700151 
196.76328117170172 40.758851126571585 
567.1992286204194 584.4527441508125 
150.2615729206515 547.4178315343364 
443.60051342253166 129.38624828348463 
140.7231593385813 544.3337797885806 
420.6124443978434 177.00416044420072 
408.3686191210473 366.5932683601314 
71.2471349549191 282.25952353487423 
144.74012580724394 419.77612763869985 
32.37215004480909 232.03838793573016 
590.6542814062557 508.2885002779586 
97.16406630391808 337.81795656484746 
504.992351287125 33.556845967101516 
310.82133131883825 49.357233167317865 
206.6716988430005 301.9263984197779 
346.8801545857733 404.2643249430129 
542.1420329201741 132.10805246339413 
391.47713815026316 378.28388230487127 
80.7504051030692 102.01732160047312 
312.90246443645555 151.14842007499672 
590.3185296128551 324.8491248779964 
43.7874073661623 452.83752594123655 
395.2763047962189 194.2321641358236 
53.269756289179675 505.08837414610093 
369.6952564834672 288.30661917767577 
336.48110210939535 223.00158152313227 
67.5655184419365 172.56902475379073 
98.69966900547414 491.5859266705958 
42.660387598616104 391.3278467923622 
461.51231479521704 282.08583973749904 
160.33186809228746 287.613778231065 
68.32970967781537 322.93533113330716 
53.581219477342074 241.38827635612597 
616.5981420595073 390.18218169974307 
225.74812430525773 265.89425918223003 
494.0519835486019 232.22604924499387 
52.16229818091543 251.99263924291472 
446.35030205851353 493.7142469234867 
483.10114410869255 100.32833963349132 
353.4416416937247 153.4391478748976 
200.39743068770628 531.1698238336678 
542.0004360055793 341.0806363294265 
530.0405467973112 111.76557404553816 
211.27909564456783 547.6375730040497 
363.11520057351703 391.0614735781899 
99.71922358495863 394.39204815430287 
287.42127177962095 581.6227917651504 
469.66599447808994 475.2499833046026 
482.11848420604633 578.6044006104911 
37.529218365402556 137.30205618733973 
477.73987989393146 55.61328374802844 
426.73494202324423 414.448496502705 
33.9175338296931 127.30665845540368 
470.81141662456236 78.93167785564799 
537.1645669010318 418.5698473034018 
243.95295865408684 525.6201026557633 
471.05692705404107 130.11742134796924 
46.40566240222127 553.8876919254587 
261.1589472680571 440.36147875403987 
122.0186831992238 61.93189186558204 
147.03619052104386 333.3906656952478 
435.30466973528587 618.3746834674444 
83.69956801041107 292.90392411804174 
585.3533641414296 25.9899131431038 
24.824236331710164 251.9424703962684 
83.94189006230322 342.400874200655 
290.0872196469697 538.2639134688163 
575.1855909336042 372.5919102939054 
68.96746371079368 305.20218188927777 
324.073139860884 198.07765327845382 
63.351941450552346 87.85711920638819 
251.22970731654164 457.57377836226 
421.29173601585904 274.45728746409713 
141.2518678186276 244.0129202751578 
264.2517791081911 32.73996788013396 
401.95806310070054 32.74968251923545 
460.19796934017256 181.19198342854085 
301.8983252881013 605.7981375553732 
44.86538866851207 444.99509545657276 
563.4669926532695 486.9460495012023 
243.55156069718245 286.51965717596624 
338.96233157183656 552.5891054370695 
195.77822302567668 50.21058461301294 
346.93649773878434 33.12923937377075 
435.1655619092741 511.7088942336487 
96.1799424913798 69.78058084780017 
326.86262727531243 271.05302429018826 
74.68373753131061 541.6269646763837 
414.8775589676646 179.80341709368074 
130.92374060845123 27.774547249086417 
381.6515970732737 141.93419033820913 
424.81024980226766 519.4434971807007 
272.22034180005534 178.3356831351471 
75.64694826388686 46.84229229116133 
185.3063117559417 394.7715752435929 
184.44288987285037 335.66858626684774 
383.68627950942414 43.13430704046419 
57.92123379426231 358.0801993207552 
326.17738410753424 215.84263729727397 
211.5685633269708 192.98016491346195 
73.58550390196928 463.2250886588137 
79.06838526978396 160.459355559936 
470.95993853313524 173.7328004960286 
105.46273907367392 145.24074942420674 
458.4978342489792 106.82597265210245 
51.38555224010735 573.968784731026 
213.44237905664423 218.37717388487894 
485.7115505340482 61.187671471563924 
375.3183583460102 268.4356404101059 
193.96440864560356 488.8525678781453 
356.84886949538776 251.19609315848695 
379.8279006950284 434.2169949364028 
92.89690679783436 237.0158906969904 
287.10394632142953 610.9406691011033 
129.77567333288832 566.324328059346 
219.4610658807271 138.26116671715985 
507.2711925413913 485.26772409259365 
485.31713602286607 403.0734080871052 
235.72116106481232 62.9341120349628 
545.2002229243869 429.76050432664096 
520.4936826619708 180.0012698092629 
388.93116539928013 222.61988789431447 
36.20958783610773 328.6518734546238 
319.9716628124922 495.7283548735562 
103.05226061715099 113.59939842205895 
274.281642837018 555.0899264820835 
567.5085921955011 294.0687354409719 
551.0297399748715 447.9100371874978 
339.8847101609371 556.5750607454604 
582.5003603695292 443.8400060779156 
490.94055454815236 358.344779846044 
320.54157063183635 63.035517913526824 
159.9867303954496 331.2224288524906 
566.8969151680611 215.87271735040096 
276.7875426152164 85.90700831654604 
524.7655651349731 169.16586180950688 
249.61395133674623 406.36179006243515 
598.9340420914292 403.7301409526116 
521.7901344729578 574.2411211477684 
21.823584195219418 378.1334160130467 
49.07753425237665 313.1781447233185 
32.796715409388696 163.48084010052747 
100.23996270922235 392.7770379302224 
88.06691122319897 64.07573274840206 
133.1336205212238 282.15359272575785 
528.554988407174 288.8007815812265 
448.6659215827395 392.86804823028694 
83.03601843007796 488.06324388438105 
74.96643679065336 401.09345957436307 
133.920584282246 321.1477783891374 
84.1142830544146 288.86394546238665 
223.01397022674752 568.820754398478 
493.7652039524659 94.24613072424296 
24.597224922205267 256.02985185135947 
56.02244005866355 510.27768350682004 
363.1736740277057 399.54254464086455 
585.8948454673044 22.516732763418574 
203.22473779700545 545.3673210170705 
231.686406654894 25.04586452727478 
488.31883093814434 210.80138091157525 
439.66033857532375 104.77446921616307 
56.91690967302834 95.94856119649329 
515.3221421143564 33.883080339771595 
212.218689142251 479.5511616596414 
33.664855914618634 560.2537406073703 
473.393055856582 363.9795881116137 
100.72056930226437 35.729789938303966 
585.5364792933223 484.22335576636226 
