230.61082457601123 379.33801958409333 
143.78767406467733 212.663674239997 
182.4729364570294 350.5341744875953 
237.96756900366398 430.62285358544113 
203.40779368355797 216.81440309098898 
94.09573750143761 36.821446624944286 
456.5498260903849 165.02238934647005 
506.353566200812 346.70302649648335 
482.24459535163436 340.0598386885072 
141.87467957187295 173.12375316956835 
153.28373581773363 274.18914081655225 
355.37020021517355 236.38317331586077 
470.5025506700556 219.68693351692568 
352.90561459816485 377.0200140597107 
247.56824418375834 214.92652829096292 
316.1573935847669 463.9508615265045 
358.78689941185615 338.96751804701836 
223.4774370242471 15.530131059420073 
348.75750618129905 234.7304866452201 
229.09358489156656 176.10916414312794 
327.700876767903 105.83515917902457 
86.77414131078136 315.67281792684264 
201.2918621743272 17.17989415601117 
229.28469493185483 145.13155747390482 
408.8228516642621 454.3408750884188 
239.9652900258843 364.8471074312048 
468.526592222704 221.86886167767 
77.75607903219722 488.969989895304 
253.88668684980087 385.5619363344821 
41.999574252254526 113.16688223398407 
49.76370032472543 88.79205779003617 
88.34769275375191 18.316006156080803 
62.16507861015862 197.96380166044906 
232.1015594429544 127.74865687697789 
180.4869856224836 357.1832524569218 
400.3123853032344 460.6150277932623 
416.056170406016 157.21522201284293 
218.97144163720387 348.9523910851419 
65.80009137094943 248.80694135944458 
346.6172498700237 311.03380083599944 
274.8732131929576 355.4563525925163 
90.68810088353978 98.57546476935896 
297.0678036169693 265.70306208009754 
167.94815382398835 60.380858060382 
376.8373208517008 10.020144883588758 
95.31506816543805 89.99976630036359 
301.7603425431442 52.384902720394855 
322.4173928946784 49.98026029082791 
299.27345111385006 451.6067243623485 
342.2098193366243 190.29192758143637 
76.50089607104248 72.49010236925335 
140.97444325485148 203.49829264779171 
427.0094219933742 51.911010931147516 
474.03607941639535 184.25666494167353 
453.3162057339393 349.88474714740295 
78.51987483826771 385.7234547432085 
78.97808665838345 340.7033399334224 
59.47923782779123 290.44322957512253 
149.09030540192262 24.220654960081127 
310.72231040775426 138.29942817399848 
43.022640666176216 62.36333334428911 
456.6649826120354 179.10503085571904 
348.2213867823327 470.9457185728516 
426.5386650668281 42.41125600692052 
268.9050280339424 421.86680879516626 
397.2809710800188 242.11234684634806 
68.48181032198613 235.76745974745054 
466.4373123122996 458.4246485730985 
469.51749457389684 270.2258717187472 
41.40166728598898 364.81814062848053 
60.08116092834819 33.56959699727268 
56.32453798101388 392.4783522422846 
380.2973071192942 479.38205277858106 
253.01630534524915 449.877068134063 
487.93250869713376 61.781816952304105 
387.1740324962832 240.0296966608588 
426.84446355268244 256.5526731224861 
346.25994506825674 443.01756944624066 
147.12179641524293 378.20267855298533 
290.35953689800544 156.35326457421166 
50.742673033165474 148.03024746999182 
52.34769814221595 110.76705474478564 
461.58028305851377 93.27554949016641 
158.690631480602 303.9926581564755 
443.58340898229096 482.4350852212903 
457.21206153023 320.13030038022936 
15.9601885706157 126.8178244856049 
463.15156645593356 227.16541772696158 
439.19306835617476 503.42091449905587 
159.84333946156187 70.2208650868935 
370.71337973559866 279.2030715104272 
115.34336188390414 103.12102952336532 
314.0632409291525 441.8337861681602 
401.3332545958405 25.845716324625226 
410.37330948564664 366.9965045476162 
425.6288676716582 120.45213056516052 
245.98418917179703 277.32391138128827 
414.62164777837586 303.0429512652373 
475.03990789552097 173.04340664420474 
406.981100291045 234.3587355185371 
180.88132638175375 439.4108312565146 
244.94629246361353 256.57263105010446 
25.06777876627097 461.0108050016887 
174.534591718741 48.86569045384947 
357.8549799147475 198.00150517961862 
290.9958424331815 19.36074694536737 
88.95738514853784 304.3822081148551 
190.839918237092 75.99315605518946 
242.4230930637632 493.3616865348769 
316.7659537867215 43.89632957061578 
244.44941379525608 479.9054831901208 
106.82132341399874 121.88033262363074 
117.96722693955869 455.5403511710455 
184.11843591918407 395.5816527722762 
382.82227756555955 175.49384031577037 
448.43753584468476 49.86216982911461 
85.38154570283484 363.2472419324648 
56.043614023811074 48.03558802105877 
506.3927148016988 262.57998671402606 
399.04559166554003 170.49932570658765 
220.92503474251302 292.1835776840641 
320.62578018622685 430.35007580585113 
309.2195117560015 382.9233355909533 
427.4679188850717 508.5611625548446 
142.27676181031427 202.82584859916636 
485.71175914666907 476.2997251999296 
291.0104113978121 99.87045212342332 
11.762426486931535 196.96195482672096 
232.79436365086525 217.6627759411917 
294.28261480739235 425.5044931707136 
154.23202606118406 364.06848698868635 
208.6957882948245 247.65009666908705 
273.97549363171925 337.8853581081623 
310.5284937599534 126.54561127112817 
234.42301097835758 43.63181722867975 
318.91985826936417 449.4505885094174 
236.12259917703247 349.5300588193632 
226.6265574036045 92.03445796405833 
213.71027145631305 268.76183111913804 
397.85115390693977 142.86050094041997 
477.2106378494139 169.07513371886978 
140.22210323763318 55.634723031894694 
367.5283266309805 340.81977881240783 
362.2535008728513 121.79768784891809 
99.95805618020414 378.4900767694885 
52.61270023900371 281.03759957555815 
94.54178137033136 455.85275208390306 
442.5238276928439 412.30252899685667 
217.10078165373463 199.73813800833867 
337.63557301859015 372.8901339881651 
479.7709696562875 492.57284906155434 
230.68103227194308 178.19285479133532 
374.86947744001594 158.73205795039664 
431.2580522167749 339.67671527688003 
140.9206763131899 114.78940845425416 
74.05799102110754 503.6719750125725 
384.6697581273414 188.74286590309907 
491.871124666027 158.5536106007005 
107.91196315985911 438.29439151039315 
64.6967366687317 302.88984502741175 
312.9656458515788 423.26182787368367 
281.2861541009744 92.13676681629912 
485.6172001680862 12.200870728295278 
374.4466892729985 106.45732105959908 
379.36612898640846 428.3154732887505 
16.43472398719769 507.2425837339918 
149.79817124239213 364.7346513955826 
185.76606336966205 474.91361255024657 
12.914827119798513 124.2338458123664 
441.77157639171213 445.58192357944137 
226.24727324750947 363.47905203450324 
468.226380474745 289.1467565198413 
316.58278094316876 146.87175847058398 
372.3806580710092 196.40719647361493 
103.13190886642175 140.07276552212548 
350.7201204697628 167.7673337239253 
189.96438567969432 398.2832579733427 
457.7844116123989 121.11257781034884 
226.5419727061248 329.3608493141714 
339.37147834186266 261.43520681031976 
360.17640472181444 36.84918274975185 
416.4560173307196 479.78735380623147 
429.24043437639904 372.9988484977815 
131.15024490532824 174.13945556653704 
70.9602162148482 156.85787802669097 
491.0348951195085 509.7223914975127 
42.61711167385006 137.51006284908044 
273.1888524826434 261.4313788722203 
179.9870429922677 407.53895991730894 
374.245261365669 505.86973690933166 
41.84549603547793 96.79593926909229 
417.8024849622781 55.61069374177163 
414.3663931053362 301.55028125632384 
355.51785641163144 153.2553302213902 
474.242768097514 329.09951136690984 
423.2123900689345 67.8647712696847 
34.35761781485479 462.9180060498667 
438.31473453159066 361.344841655364 
420.83287297436686 78.42210598224463 
49.972196405871905 217.36109946838832 
