516.3178130848446 32.87356273766087 423.71222198034593 69.38840469275604 487.51249956249177 332.8423465810395 338.6277627138523 451.1189311902762 
535.2024491140602 358.9275436818207 298.81928046712306 606.3019477846594 207.61487409921696 504.0012479835226 33.7777630662284 350.60703155805624 
269.73402463876505 102.3211697417075 512.9120432867738 131.43008757463758 573.3136182071383 373.1118077724926 531.2046147395365 582.7233444476168 
604.0744301810022 216.91671775610115 182.59931308808967 211.89315173417816 364.6805865297963 260.81536693107654 554.7147670000579 89.85949529461747 
602.0884865191911 98.59859525106683 528.4771678409497 565.3708360627912 337.8620173126991 221.996374505478 116.2663563895234 374.6680319019855 
610.0477692953432 489.05137138584183 122.16871746910599 267.5912296252475 85.20419563657072 325.73243962298903 57.930876303472274 221.22328568861613 
149.17818798785117 606.8815516472196 598.2077009027481 462.16358922524876 35.223034183888394 112.58795067973918 208.69861769899182 468.52603815385936 
498.0514220678656 606.0832706360164 330.7657492072634 472.7548319230931 492.4172273218862 529.2515433301277 56.12782281730975 536.351907621175 
264.8199416480088 61.84751402531521 375.22344442829296 217.6097947711655 416.9252780153646 240.51734128201778 432.8375921543734 203.44349649409176 
449.29593895885534 583.715240729398 174.58508027576983 226.41529305969365 444.0261785222372 418.6098760203765 517.844584912552 338.0462230285477 
94.87388008053628 256.0742130583891 130.73727216843403 159.50781166987898 243.48396391888215 309.85274357388954 52.74342799684285 480.78802984659086 
230.29689597653743 605.9995482696542 540.5511975917555 329.4250843442592 118.73590152683806 78.68116372743995 472.73085590732285 179.90276802576597 
201.26687424889107 598.4380496304825 196.82865005354648 524.8013239458397 545.9244727030349 428.9980974636271 452.4736754051619 178.79727017522953 
491.8983276106847 158.73633040309957 354.091848522737 36.606251227489956 552.7730978197279 502.87420426527257 566.8204074307009 155.96233154566534 
336.015980961357 322.5125474677245 559.2169799995688 386.7278461156819 37.305662548665794 356.59158116438437 566.3567359136982 517.2272460154788 
618.2961709420975 312.8720798598028 446.9114975689521 258.89886174170636 326.4096979279929 514.0311807195674 367.80461595424765 140.35828587357702 
365.25188362776316 244.96677224180016 600.0351426445441 331.96710569071564 274.24340643686935 97.40402862128464 259.26527830283135 572.0007901226091 
326.06168516516834 157.89805176359727 374.764749518081 315.50942141336634 200.48635079352337 435.3261738697466 20.305830626168046 176.96506246834144 
143.2422905478929 473.96377078998734 190.6028188029157 487.78949944016597 168.43397982032295 48.23737599577305 256.8897103687125 139.85603876203288 
213.16491804910254 585.2487352621431 185.22977483514336 236.05933511423973 102.93582597297784 511.16358743916 251.15085956970347 419.0466210777993 
136.41542484203435 67.55903939245738 334.200027731721 499.2045340081935 248.17751311467012 93.82309250374988 426.0115903433229 352.994861709247 
57.99812993083136 421.7002022224097 535.481773050355 212.73330856288115 465.30647171710166 78.07655769906276 124.64434218764092 618.9048138010961 
397.383436150435 442.0989138184794 358.84050669941536 256.10924194399814 469.9014196029876 52.720631370271256 604.7770494904016 243.7312229593765 
268.3992020617046 512.7686637973555 560.0663847379788 202.42782358684926 109.28562164103924 485.62543683334223 347.84230251593084 367.5278676152187 
288.9658235086266 530.6190420740694 60.045173256143386 170.436671492672 579.6838345161233 273.2158114938504 382.9702795214254 59.13974036721968 
480.67513659632516 156.10882359175991 88.67314149313732 278.89957091661813 283.2230840960909 367.2961891314511 125.82544553227451 84.23886019600819 
158.2129409241952 491.24280574063323 193.61552715430537 403.3042355700777 24.777083170298702 579.2193622784744 232.28692389909847 525.7040150643529 
108.6254336468036 284.9123582329806 213.90890026240538 534.9138494518744 448.65452648828403 61.39886094208911 166.97270603939356 356.3440638638972 
160.42929955270043 165.5797614301772 118.40715285196322 242.16225966822938 415.1310529922216 566.1652471833759 386.6075339608939 463.96513298464765 
242.5655689198504 201.30631076992006 409.07130673166716 534.3930661106539 216.82496017978116 181.9659813364846 438.2346120288428 228.78146163805872 
433.1971850331546 87.12408447569267 389.1030901409687 27.942326359823436 334.91671083051995 46.9091862033086 472.2709915149817 553.1700792179934 
298.3504110041662 459.75157571413246 595.9221894235742 114.56512168459408 235.21212927779928 339.6510365324241 470.40677544975085 443.7691492966719 
220.39991943080665 239.6529969753217 98.9873142986274 232.20575614839368 504.04946156980986 247.6270285921514 488.3480051969052 45.92016353989257 
216.39765877439862 500.44132373122767 362.4610096743569 338.1118525735417 224.0499910656701 412.6268839685794 413.403331568555 230.45379331654195 
146.24542939878938 165.6251980716967 372.718164830356 84.29204585015766 89.7126430903878 353.7132529914411 136.9144481288912 232.81951076110667 
410.7112899709711 32.69941962675327 130.69833172720502 395.31751945881757 162.85212714350072 167.48419543609893 441.53029115694324 244.55902846301726 
439.28961987961225 424.5793411699376 209.10175856612022 548.4672734482499 367.8809519375236 205.6793446243254 103.32487662826722 257.1234102613279 
67.90500307438803 568.3788783300371 74.42920565385381 56.21715516050863 426.9351836260987 230.12991138606932 308.759073728904 258.0339559627452 
506.45981262670614 601.5324061024633 273.8654586362278 251.07258564839987 134.8438622852309 145.052299894444 486.4859349219971 279.38684657196063 
396.2256167112315 505.26028735041706 387.0066508590091 472.7451024845648 273.9423135760714 206.685634887275 253.9999267838939 598.7015187418474 
457.0782227239289 465.3782076394272 242.4313099195082 557.672598262817 268.7290739573017 410.2729544060497 579.1298067998737 592.1128623208389 
224.57656964299554 560.4502672314326 499.11508817576583 330.8833844318327 80.36663955349282 554.3861261667955 256.37532046308854 139.90700406902354 
376.88533005188424 77.28578106457347 492.68943202318343 600.2038614141273 41.0259537428187 82.59457249950793 598.0876247994019 284.401048581872 
151.5412888796437 353.7798805960095 246.54374737411104 552.8101392271404 128.07464687517103 402.47770997880974 40.493433847775265 440.1663964419848 
352.06340498125905 49.09783257114427 347.7715396676664 254.12324650821265 178.10897894684155 381.98115291967656 564.5629442107336 256.5959480528972 
244.40670307948906 541.2030970709993 587.9601394894775 149.04812016843343 140.8296327532696 323.1166852085745 431.7215451452558 432.8149025822995 
43.25985748740111 151.72919189296132 68.82428649259975 265.55643378988907 72.76114741348042 313.00594235548317 534.4051656725958 384.9355051721904 
288.18658831100953 298.1952068027126 272.6834509202012 20.61305465993733 170.81517555049763 452.267835059241 61.45951351689037 265.6553356142657 
209.6107404919142 473.56522246719777 597.7827899120032 128.44635743027553 545.6974434283245 260.7498081635299 378.38296000339335 436.19951847015074 
184.6451127451663 353.1512898518069 458.45803810781774 311.1621485316423 435.1585168635056 560.6027696006081 22.413209497136126 490.60657300453084 
182.76413921037124 328.86031429859503 450.1439883313568 311.70158132376287 157.0882611525603 336.6997653187162 312.4577131488792 532.3580593933725 
501.3201690061748 170.78461629777487 479.2268171641709 309.14248530560087 102.45407101121025 274.398476189074 273.86789400357884 203.3519809740993 
290.9036432014707 316.13623600770603 557.7401436510066 436.34479334921406 68.08285711435508 74.64734466749496 378.05699124639193 565.2199023045881 
170.54688757138376 85.52508434139368 362.9047451406634 299.93945451949025 429.286793707146 46.435630723950986 396.96176051467955 132.98785008621076 
232.77177594788498 326.5806500468538 261.5122208349899 602.6612303407658 52.332769172626975 76.58703494187714 72.34792745799801 361.0809745991787 
338.4810451179687 584.9177053458318 499.1521873036249 568.025209107439 246.75565131465413 476.897161478462 499.95928278736875 481.6718777728764 
601.6934177315851 102.44551392220687 54.28338594409226 467.3470963531061 57.51525559738309 208.61473594930612 528.5106825643802 595.3728090568586 
564.1224840454953 543.0209927652667 257.14844757739377 549.1071428974209 596.9970655151566 584.2665827077975 473.52468997956737 114.27152792683526 
359.5992754478241 545.4455015324219 273.5324169971117 270.65802786541144 116.8567453259284 346.82623187910053 246.0119346159925 257.3109447843541 
568.3386057592321 403.8054248342497 353.3651134679435 532.2762362333732 519.708333389513 426.2264824841898 595.9953814230058 98.0125268391348 
461.0492384252366 375.1564982680349 544.1671081265997 213.5574896948829 410.6562636321587 73.21554167431717 570.8782009461496 264.5434108595264 
332.887723137488 114.55187372945923 569.3395730949197 512.1555737057254 188.67106761594619 270.55697700437565 488.6554240974876 192.12728984631335 
427.25595999853067 137.41397317627212 571.2977743174413 584.8652625524239 277.808877912421 321.5734325713286 525.9693859367097 27.799104922308707 
349.44260298875696 209.25003696662662 619.4484092890981 391.0487389473488 598.2746478438379 516.0340866659615 21.008891407785395 287.503359153452 
470.10815521405914 362.71146064939575 483.0106242701574 238.40586130791962 377.3291367658518 373.38583752691164 191.2521611456938 165.5362991705709 
218.61380510801072 41.9968889140314 568.680822747106 331.08824742746816 400.0396474806087 563.3282574301114 366.05341877243393 196.33180812961479 
166.1940885251959 474.5989907040436 123.14123384704637 20.156955490688393 199.8745023691921 403.7322748805091 34.07341025495534 568.5910234214049 
398.97318450070804 370.3950898376856 200.41212894689315 56.384044065622035 89.14127165446938 235.90268772408064 405.5535200488845 191.75572830473303 
280.82506372288657 248.0814857329561 294.0479770500151 345.3978188471996 529.2687761460808 577.1842970737572 389.4336941344185 414.82551299246074 
506.07730643500975 88.95147764796366 334.1771321286203 105.17186002965238 340.93279741234534 150.91188109634174 485.3141207705551 497.51864707609013 
542.0587551688324 218.01726678023826 549.3854592335853 125.85777219326764 54.02555349361156 293.7039326644888 490.2606555566129 133.77669458124427 
161.49085478847215 312.47546353374224 93.4435909176921 231.96170587931744 497.46898933088636 440.10003123364714 320.4539505679076 327.61293870928415 
564.7227558405689 437.51644582273786 136.87797043446614 46.86461956072406 528.8716628626712 584.5421305759123 47.68245296847303 521.304531328441 
591.8101499182744 209.47743877241103 323.385668301568 359.6862864788093 204.0295799475265 220.6994360353561 50.678982528182885 75.92831804063465 
324.43792197569576 586.3393471086887 291.0928962328192 594.4930776385668 86.2706070734512 58.137161877480395 381.30123226109873 204.2405489303486 
377.68648995268666 185.56730000411503 558.6573391382659 481.84945390723175 595.6426987825384 216.3289586264188 245.55588373100568 55.900220185706644 
181.64188088382022 229.29501119779817 76.21416661148271 232.7132253306769 497.94594428125794 596.0131042672035 299.4665471305092 455.0362298760333 
352.84965525025234 416.85282474932666 341.16585354421846 114.67460896007269 233.60824101138462 127.89249060553585 259.78544119707493 590.1582629492791 
455.6124337053146 424.63956712605824 178.81569810967446 330.53891978592327 186.40482316933964 598.6782662042605 529.5487816735716 556.4114546231432 
253.13131674648162 133.33811174646945 87.84516675451854 299.25316747072725 192.02142612687436 354.4773460029171 338.4759990127243 450.17471147048735 
548.490978286642 82.47470515339428 250.63485609326167 39.176268307621044 586.4613415629543 381.5235775139965 498.21261098189046 516.0029450088969 
315.4885001798986 52.32204140610912 308.4293622776403 353.693046748589 294.2961084969859 264.2527111173956 272.4169155710499 245.91287357756667 
619.3059968757317 273.1460981023083 601.3458119718448 319.1720309725909 56.76001456697191 520.7211073978493 61.69041926738768 331.0127188369413 
27.026981027689416 161.79668485613834 373.22612198881956 175.26696649768334 299.68832261597817 215.36812341080557 603.3519872854266 565.4755510219494 
407.9964387641706 285.64182493169614 441.33307252425305 317.5620791295729 541.2992270572574 349.1224237459089 186.05576492654052 602.8564572924188 
24.02474426140116 53.84576886631632 430.8901090516401 292.56104701346817 39.8196428360456 126.85182746778045 379.2528655975001 264.75346612544695 
609.43520351223 435.9908770121089 474.4648684080665 495.01982037002716 580.954634763048 202.15708879510163 177.4967673735228 301.8120623468373 
540.9554463378157 608.0431161858924 476.19647824454904 267.6231145718158 305.20066156320405 599.5092941232664 459.5925119831417 307.07372642539224 
197.45252806140434 225.66148782225466 240.86661642988602 503.004661496896 475.0026033472905 213.73108549697523 462.58960339688196 81.66796605860802 
609.5118078994229 424.8510344722228 167.81425441209478 248.11122362989082 281.7544249848676 586.821607714759 370.6186820156662 552.8482647328664 
498.8595012518779 249.95967945739574 409.69430358450757 210.9103843215732 392.64369442563793 462.1252192985675 118.57192528511807 344.37166562617455 
407.62908023564273 209.0188147429238 596.0797936176104 269.44205609244807 537.3398263291158 615.843918154591 110.62726861307723 299.22222778191934 
417.4713928205342 56.42761467759159 421.9080074397205 283.2136846285878 434.5260554729548 65.89358474332673 553.6162722467425 54.67809974377567 
158.50847821643399 102.9811337155331 200.77021970898048 306.93937645748514 158.27513546958588 158.10388629669802 305.2358084530271 169.72245652093204 
208.13120815155827 353.24208530156756 483.04525782374 506.62251668013505 244.2688745498747 29.762016425812114 337.1035198282955 504.7981165993489 
379.64062440177423 170.2564941451341 438.8768362974921 477.9824266121918 35.861334070211754 550.5001136571641 112.65691909737777 553.9059328763651 
600.7330396261872 567.6129402508802 105.99454379896008 67.22455618483794 569.9858283238352 240.52648853738887 379.89634944893305 229.0469262262156 
481.8289417421339 428.84569421924294 202.3786303788277 194.15446591522104 302.9056228383739 266.2005654292461 78.97167576705814 197.00816616680592 
274.245536436694 154.18149794786342 403.7686529976449 377.635656560987 175.8084786811061 212.95158817267037 264.6126486446132 268.4924656829724 
518.2131558024844 434.63020084020735 586.0156351380834 463.39108105602037 320.2448147841674 535.5410493777507 343.40312446254717 339.591689040549 
80.73534981345428 53.41900565223259 532.2782277695134 254.148307434954 103.40976098095938 585.6689282862584 125.89895825094051 585.603936341795 
83.29271875521053 214.77064137183578 205.06241121902065 342.12868590396727 613.2688201218099 316.92359862092394 193.5896721497765 607.1944394192949 
219.39055366509692 100.02508315146932 283.1051179284751 243.87998808641908 283.5273940787432 567.0755897067469 280.7039128804879 228.90017353867768 
361.95017302332013 151.10523503632425 263.1014765843098 137.45297888919603 158.44402611786424 417.7149639358733 170.85855070678113 449.9782430246854 
560.5440763945265 181.32615974568347 426.275851963597 501.92168406131316 497.48733728761306 331.232574326597 408.55168363529276 47.598081043725074 
328.47471385415525 413.54820866496385 169.79670284816265 559.247357915115 419.8367864629954 565.1449920701085 125.49922946134409 132.37724449583465 
519.6971707129061 345.6738687641661 203.03506578176064 618.4863076722705 288.7271691091669 563.7632247643999 81.81540517313366 156.2611303514944 
295.5855127294666 543.4882683282027 508.66684795458855 222.34134644679443 535.6368324126315 227.20514039870574 422.0368657266022 72.74631391994187 
281.5428409853305 460.84356054617393 368.61893368549386 196.05711179355893 224.31963807249213 357.7516730844024 45.99064077176811 549.4477280960613 
213.45521288389915 387.18697485321854 154.858894395498 498.6590397159223 454.680721925585 183.54682394340992 294.505748631129 333.0095092422608 
373.98923704888756 22.432656724346316 385.02862840806705 176.53614165397073 306.4959565281822 59.64128281051218 49.96873339928739 66.35968404892378 
518.7333823551693 579.1772467464184 142.92154165582411 319.3675442202375 22.975237393668962 46.379934500147215 551.7227273027988 258.3085140891518 
192.1831396728602 512.2591766165353 563.8037207988856 118.39269780558494 334.16938277982166 65.13303953129503 426.31039147776005 305.4906634706872 
133.56987092175126 175.66176700345048 484.5786204275478 127.02542839883391 20.220910776240736 131.37121895056566 432.5606412878247 66.65106888561188 
272.5333946099224 106.76006915748118 158.79568009172155 423.8117029800396 414.458528289048 365.0840867912947 221.51898183905777 89.27459699443888 
614.6383659710663 437.91142791717505 136.5025627030774 577.7311308391547 346.3353542745921 478.542749215716 611.2217710863641 188.55941314867576 
516.7343488825095 535.38977058308 408.94124229766805 515.8422321125191 424.21090851459815 241.40603175941206 276.3140484332736 278.7341374477819 
252.15971814473087 365.66375129872074 118.08777575613883 193.27143330403902 157.9767988775385 23.170367622817437 352.51128198260216 156.71871213459727 
365.7892356601828 289.0185408324082 531.0358791809318 165.54586578698135 221.5262724691121 512.9635213533601 455.90473492465054 338.12908314725496 
318.9254301515204 180.52137351859164 179.2241703496841 363.2698465869735 555.0674295061576 116.6820629816232 217.11065222861518 45.62551254329528 
324.03368654192104 578.3309362953715 462.5072426477101 369.1451800270103 607.280158028528 531.4725613190878 30.263200581987043 449.60482130932047 
69.3211120527198 159.35041655389102 418.070485542949 297.3351237722747 217.31691908902985 397.55650982850176 116.85109452271226 261.2361557544906 
33.15915666662049 42.22429373622472 154.1885934888478 175.17218467766162 236.64720807784033 127.39903424070695 604.3980652263076 177.84076475583012 
288.3499030198616 217.67897749977678 48.827857132497044 527.2096237385992 190.745812880809 212.2213863882736 519.9870154857379 280.6152469431963 
96.23628947389136 406.20708234181546 213.09224129836596 261.61671931899957 480.62472135014696 505.8571035565346 198.62790111719056 284.69879979536097 
390.65585956485154 243.09553984982068 519.5131379889292 558.9177841859902 424.2089597194509 185.95195405142744 206.4694594911543 541.5840459641136 
451.7384446325692 290.7974010561488 295.1829508643774 63.0749229403816 237.555981983452 492.5076466324005 78.85457508242601 493.8717095176359 
469.54747117502205 578.6474138336318 379.7323905020054 274.91455219461295 55.918972340705515 343.76932616212576 173.21950108611944 282.36896775956006 
97.56511197534361 569.9213798024628 48.15145808353701 447.89767008713 494.6537880079716 129.45670795152265 336.8367538153891 405.5316261452084 
496.0210708949994 256.2392058117442 498.45433655745614 286.23385278145355 249.96968992778443 181.33906090646562 489.40176481749154 331.2499687735171 
565.0652919057737 279.3116902288389 204.18782717812553 545.3390092423783 39.523839017465306 221.1539187767691 420.4633220006197 560.9784319761411 
267.7842213216554 180.03119155801534 431.78374716409274 34.63694346313204 582.8595356078409 85.86950609640618 301.69775059768085 46.208989245030125 
543.0610032102326 474.9058619936578 222.75491743666805 122.70457662200099 321.6881886606192 230.29095481088146 414.0268205559706 57.288260909522066 
108.27924588537945 459.83780800625505 340.73495948584406 244.7609677492194 380.0150371161658 507.01026241792744 389.57938482309356 404.5784334995709 
251.87070369805792 441.24483374434556 283.36183430833285 312.5000658488985 264.10867254551306 523.6999692697821 68.4968692285353 311.9618680957054 
515.7065924932888 294.52609358784974 59.005190472943816 126.26726947191665 202.3142155851057 77.75063103296972 470.58239491381534 42.68953624651622 
567.3327041361808 49.871336458054664 428.3373380290218 289.57962833688185 224.7103473199585 568.2520103096628 381.793662951325 577.5731180507826 
162.04827987388228 405.4140771603792 110.74811200849699 125.9899328683257 482.610021271641 485.3180276537608 255.57972185125547 445.5208831036448 
494.82861124101805 467.72832372100453 455.6033349489044 98.29438319809266 107.90495880910112 276.75548539273007 529.0613095025778 206.41738559926048 
42.09138191965514 219.66924963767892 478.3471868914086 30.084172906050924 312.2538341050124 92.07646143719349 54.05505118002377 486.3467813649648 
193.30679078693328 215.55743106508484 561.4482280439788 29.640741630965977 26.11434086262328 303.8545742439452 342.94134821417686 465.1600216367922 
572.4514159172251 603.7070020922893 120.18916798702784 216.17477254745788 577.6188234183766 306.4249088260178 329.37614060895584 116.38572241068215 
549.3057882463874 376.2974196582406 333.300448476742 148.4089481200886 511.2938432592113 91.92770662781518 543.8461815082755 499.48477642459625 
40.595795597508506 146.58906609307866 238.43749232460559 55.504513308409955 46.6233993226016 103.69581479496058 204.0683376019441 604.448819530253 
500.97775166526395 353.48258646724423 292.5018016374021 570.3314718793875 476.4558423124671 266.98592613130074 120.23245502491677 48.74225194114239 
403.86725959898104 593.4219294559517 496.80573107410686 65.08264381496572 605.2546841966308 297.05349798435543 315.0880008562795 126.58824798061055 
512.111874654762 379.6412213591252 587.0810121155932 89.23143629327902 127.19306595736298 384.57143499583225 458.87454727318635 510.5982938841325 
38.50736475098962 428.755289992517 188.3310596395901 609.8333058917669 44.09195065023355 158.39257595034084 419.0959061347732 305.74566939817225 
196.15787738125016 574.6940306749871 434.5270473898466 354.17107741508244 423.2021535299855 425.6558997856892 25.138016814057632 155.6825110774111 
438.67982065969755 609.9804846718406 153.14765846218768 154.74393606351086 594.8300170184466 189.23644629441213 147.73069903653658 301.40071209020215 
290.2494003843268 154.35261668317972 114.56264938826008 596.6001868192149 289.80698532433854 42.53902751245516 593.2529801528362 292.2366093584185 
465.49402322453165 250.72894783946174 46.260142880350124 267.0137676392603 216.80272555746078 241.63568062118108 512.8823500029354 49.219328391592555 
579.227427452146 388.51783409789005 111.91769841110447 307.50452092577217 579.4821931982552 354.746875773745 426.5875991551396 180.76293333684256 
346.02845627935227 254.27060908670805 555.3170399287488 568.2022009214771 233.50634240941005 189.0664743754891 161.96557579593085 50.70231518936131 
369.66374649470345 509.6783276468433 409.1026955176611 264.55424832307284 383.3765840075162 494.93040652591816 207.92151705387096 498.6728226338139 
422.3540865281021 496.91238276215034 368.3842047874749 436.3772918792878 519.12303132791 147.3291167960891 183.19328109298866 112.83368469047903 
313.8844394743868 371.3088572974555 529.1822024447504 109.25241720676738 92.83652951235624 304.7638096338513 119.71925198788276 354.93508658533193 
50.55788588538153 161.3965613705684 491.7182394664133 258.26416259065127 235.04428493528582 245.44635581614014 60.84999337646544 37.72914471323097 
183.9931957577666 256.268858176276 328.5482569383438 274.08332670645945 410.92947474820147 180.8430432326059 74.40370006417592 454.72446329947263 
249.76620406035525 20.299255910574626 317.53994948757713 431.3934496824899 516.3943403335813 546.5619350721142 380.56530899886616 462.284554391663 
395.8948780420685 235.2007613247924 339.6937992610475 459.66106138004164 313.9673145211304 470.58418856964 94.62950654482205 414.0699915418022 
501.16822384210286 69.4288920915916 441.8078206840101 516.2497371245995 108.55362377283298 518.8389364525494 284.58732360188196 247.82429270823437 
83.31886699940247 274.9285312671302 463.9861635196366 61.877831247877694 563.0298794268698 418.12196801473397 243.5565733795108 424.5035189664167 
497.0394186201441 311.2245389127673 231.9913730641089 338.420000199431 153.6822064952134 456.35825005173115 477.0560558299058 619.7497276093089 
121.8425601480099 496.85603593969046 614.4404460580096 549.0524749946994 165.48832575730054 260.20809543185317 105.12341698142683 67.70807847170445 
239.7649406145637 488.1544629944807 344.8446420808737 40.74203382565247 127.24322705156375 50.01708212133474 379.27690010081227 457.187705237214 
302.91476567032447 385.3654903815337 308.4930101957679 189.07884917762118 186.5286349304986 472.1097897187263 214.32068917084237 280.16638302034 
290.8631365110659 566.1144973903927 594.1796442549397 285.45290099827935 524.526315853099 108.4272506805205 234.9941084340017 132.63889834632516 
257.87916999178117 546.2159473634231 210.77485015082246 326.5743090762953 510.674989986196 563.5081385897527 37.46453048064591 67.80921540609202 
370.00888651726694 167.82646627884907 368.6397824479057 206.33734770119142 297.17108454316536 228.81375158210517 365.664104640381 101.62631788686707 
531.9977628913152 414.9416650822869 225.88511812971467 410.0281470747581 353.3132347826863 424.39664340801886 302.4700776888896 570.6639007220755 
504.0571423494913 556.2367012964272 399.47326231153323 310.87626475830774 439.6905013751141 217.9131390592757 575.7290510870267 242.34370165413398 
208.47428272842964 315.2506112013057 141.16446589848078 368.9499528121795 122.2143264882079 20.97951591298122 79.12485735745307 277.5027095386044 
526.0662707594131 167.91438129272072 478.30657355699736 132.39513403854244 525.994340350923 462.87195321096146 307.89023888308736 545.3039856391549 
82.47761920195234 67.42281713333051 419.4685763433217 141.01817226411487 429.05775454471416 441.5702454042237 609.3622620721526 590.491343782489 
324.321587050503 496.4500531342337 324.917901933738 232.21241431105756 195.9126683577798 52.14520336656055 148.38149818225472 152.9877060889593 
585.165316691632 146.7089133734086 141.94150951181584 549.2284366008165 50.954997629605 292.4899535836693 287.53494845175294 139.83729968175405 
241.35870307501906 125.85400275160437 605.0105881469683 151.78804556474716 191.71922725147797 446.3947642788733 482.24267330528454 149.4914842682872 
457.70694572445706 591.7285061339427 500.78919394045334 129.04206315395672 41.972911327058675 43.965867862022506 590.6882820956382 48.43841175946358 
422.9869936952278 313.954744651061 497.9865264254808 114.87183933383898 544.6548807598648 299.3878192556932 298.593037512816 500.17642404950686 
375.3075839645097 62.86859197781156 42.05290233595141 505.53447815225405 194.65726108568546 526.0297521969026 158.83381158874607 346.5311755453042 
317.3131012425871 525.7974331947804 214.71964579089857 479.65192490284966 111.45110832494655 28.895296585876046 345.9047368354546 141.31653855979596 
121.23122791241985 450.6820730343287 258.3825774998995 520.5436506329715 451.5560338939372 374.416331225454 425.2226553347091 136.33926027697242 
123.76427233886578 117.04229399781535 65.32932203652518 140.90320668741168 460.8533313069306 537.5903529040659 437.27624507972615 219.7472684704649 
110.82426048417437 234.28614033992383 531.8103571839063 109.81850176649877 66.74300253019945 226.46176133561534 596.6189710904414 306.72191654837536 
592.1118310628873 167.363084382285 276.95380982276447 482.1357880874871 310.14447388155605 283.94674256153866 505.70576742502465 282.5137968854292 
65.53883141813257 589.7607219988762 426.52400283225717 130.16742370446735 517.3410864120333 467.002023506291 583.5734009138085 397.8224398371867 
571.4946722338422 63.84550242256036 361.5237306518932 477.7433975757555 311.66830265518064 303.1372965205799 609.3646998999147 616.5196168043647 
236.95639190906033 248.54691569782835 331.64032161904925 536.6066039677147 165.0457683247714 324.27141673036175 480.6964557615952 415.71657368269945 
109.4425870565358 234.38566081050027 433.5354200268609 345.1518438432669 189.35292944758325 377.93234983985695 486.8710821529115 538.1748594222248 
380.81099007852737 105.84543239617103 453.97856389841013 509.50857558683873 467.6486206736489 115.80090168102461 196.93202749240027 397.06097768372956 
100.89982345992632 231.08849143028786 277.82443777780486 546.9674463581774 225.2342179622757 159.59816245426845 462.5629898735578 433.0447855964742 
81.01288160486307 179.01504225160198 560.8339570003416 531.7505638419027 340.5606640978714 44.31667013072554 435.8307689942563 123.74162620612066 
287.24843409411415 563.6662147533186 367.3390090981659 343.1254771003572 495.97921057338334 438.79539583414766 101.77201885564185 345.4982259053144 
423.6718117825089 315.970987018072 472.751053507107 415.86297828846165 268.3358445489133 343.6384662657576 225.82356595438975 187.52230767308615 
405.3317517322607 482.8367131205983 30.91339629040351 93.03858664977855 259.4096020511825 366.4775292947643 616.0966818886233 518.3559961189956 
421.12053227465844 453.5834662044795 106.29721587524261 481.17783549318864 566.1944589598116 374.5780711685745 600.4949393385818 204.6929830395788 
286.4778222041977 113.7220671928561 571.041388975944 107.74525039147099 491.0251529379355 224.78926960030236 218.67589729119953 282.53935066908736 
185.93825751619627 426.0760002987843 266.83604070786726 480.97718400467653 391.54659209032883 270.83776271318834 28.85650374988367 180.7182984936778 
105.52283062451302 339.2468979405045 131.64976077751427 252.0582258963485 570.5271230402931 147.96504326928374 429.46234556959627 96.71842047153206 
