464.6802741414231 255.05085113764824 116.8056442640652 456.43332753544604 398.4123582024434 382.507215505436 506.6828411454666 485.3301645093692 
33.186640926655784 82.06313748269972 291.5215474134312 322.5691988603598 122.13930598436494 277.8202442398504 179.49846981008122 295.1233604456687 
179.83088311702627 184.6349230023868 76.57818432740598 485.71308060616934 134.94911852056129 11.365849493022097 397.0680310537592 84.3845221829077 
64.82933568710696 359.7086967927075 378.8423688059228 374.15157173383676 138.74567005990156 476.8211085550492 92.68899641276556 71.40457823371648 
21.92614548614257 144.9411266793863 460.2311230738796 366.78917458009056 117.24468897516547 116.20210149767011 219.87783249496167 137.25815501245052 
146.54336839645487 125.84727085512536 405.2562481346781 424.99951752479046 198.5378043385147 142.04715162383036 25.578571507491368 403.9439312260156 
495.25902958723833 135.5228070946173 262.3969661838946 179.55462969498902 253.98478097241826 277.17815986346295 122.19958236711453 392.6029344053265 
146.61346351342257 96.94446953712442 109.30075056708287 222.63243534375408 483.43385729435573 262.04009644541634 108.47844926093074 11.815088776494056 
373.24367661457035 257.84862970669093 291.8122725011931 354.9022704633654 236.77018968058766 379.61861631791766 489.17491667930017 125.97386918541797 
175.34588545071432 68.18789138482566 86.83040868025243 37.688663776755774 321.79247412950957 247.9357498887977 143.5920611084441 453.73901264701226 
425.4661892969382 450.16594147952634 38.99346995278906 300.2130505563594 48.417629740590044 130.1237920200566 92.92549194233939 46.56743280538522 
374.61926916328434 210.85042219735539 221.19248343293856 351.9138178764299 259.21362223998915 12.077266342191797 316.44076415313157 97.32221437039328 
269.7353777355989 347.3639921566319 168.91263607864826 149.8443050445071 96.26046853105002 197.68299841589874 366.47883508200334 328.95977321224615 
332.4353184887998 494.6534982106422 238.40280150588637 171.1490386088063 254.33929933508526 171.62841322514643 32.289680834496785 213.29508898190568 
349.1335965117933 265.8372319038381 138.67326552285252 140.61804175404563 470.4495581535524 479.7878148577559 302.6940760055812 269.84508103779393 
122.46969261526385 235.13040839676268 387.32149019670857 463.3192739650671 499.6543700792323 377.1869128690944 377.5734063493046 194.75015375584292 
34.06747189820918 313.3486108146747 440.18607664031197 112.30923448586366 327.253979873573 493.5453829873371 478.18773418515724 69.77378083772521 
468.6227155973494 265.98956137302844 244.82878123262978 221.42161409001275 367.2873375412929 266.3976446995223 206.32185204553565 401.38033350823196 
349.3187277906364 123.89283557491036 467.8447454603167 133.13411809709692 397.3618276769569 391.79167317917427 202.25953690585484 239.89089555676762 
34.57016969176495 236.4777914266224 146.00076429181235 151.51346436040046 479.81110160532734 42.56598339123518 351.5859714696952 128.71729246567008 
326.09491664472057 217.55964289089806 11.201738370280758 250.23840348898202 119.18101604078456 104.20476774785519 290.8181648709207 133.67425639425926 
338.3141054564262 33.74359934665365 239.2852019919715 485.7009363927645 406.04375649691036 178.27106438045985 461.8636223872194 202.3696264357762 
479.08025658348936 485.39712693462985 372.6440498045843 365.18562111722593 397.1400225116561 103.41816091906213 465.30703692235636 103.67282629108293 
291.7335941076288 330.20044727292276 166.67729458757208 420.12705464936704 481.84938272151317 243.97904378901336 462.5252369504298 197.26123565422088 
408.4863809605571 299.27497924447016 110.06902375244692 234.4453993097949 484.98871410300933 296.1340159597727 376.63009662419495 283.2449656746003 
365.1355040916072 255.89007775907308 368.89545398025047 177.96010646782577 255.9388110632079 361.65641981576107 142.2397097959712 281.8695281310484 
27.10310468713594 246.74777519201672 404.56011007322076 94.88171464502642 494.0990861481139 39.236476325169235 254.07760070842366 493.29673731913454 
376.8053167716421 195.8457378408401 15.557116844784993 197.38183004061304 60.67041079775908 283.3832814849141 364.40011664154065 187.4637515195139 
412.34923712517514 490.9182697621887 53.06264502607093 414.2411814452891 26.766077521517875 280.9048967118078 179.25190193297001 274.0201609150335 
407.5578918237492 212.45550182449347 60.354477661324836 444.5757905217152 207.85087231777942 94.9665965098747 403.549516701648 302.3432672429207 
283.3233744914043 255.30068029479736 86.05965601404246 266.641358034449 434.5083057667525 326.72718028155947 484.9931890988504 41.631491852120334 
340.28819724210916 92.82553633327916 421.23031301723137 351.71560898432534 309.53596181820876 44.55350101972693 406.8067048119574 391.0758190335224 
102.85461961821578 433.6839263852793 10.247593684966851 333.0589803521754 201.36891584539057 230.81303579181144 279.3053481392526 370.1095018657888 
24.52219766933632 21.143382117668523 285.5537258151774 379.95323794466475 223.8313672514051 496.24459114837225 480.29204737266133 438.7357958834897 
304.5534227864811 324.9949759562028 176.21218510430285 26.81831664018052 452.21631153946106 311.90722913773163 94.28165370791052 397.93381369980824 
65.9675285225542 376.0412228270908 40.295980750860096 207.4072760013521 125.69341948501061 508.7071643322465 400.5532307475314 120.14257881490835 
144.86234246462686 493.1620963338715 271.1041323284302 244.07937497949328 86.04493341999225 294.50292616414634 160.03062654289639 359.8231109719034 
241.06435079605166 152.95920034779436 327.20620754290684 42.15123218335436 202.72986747652703 38.78854442706841 450.99103387735664 394.098740500811 
180.10682281151634 251.9780997369927 436.31497675336146 239.32621699850603 34.276083381683634 74.95493303193427 303.6017660331886 243.47344675952723 
36.53609596787404 11.508664948128347 222.98725503703903 60.20179961116244 476.00072236576165 270.12933418142677 383.28510275602747 222.62838830988494 
368.54597304197665 274.96368003495814 10.15281631448727 125.85523619076393 144.05865418267487 112.59296824938824 472.9113368019487 71.29653169653687 
313.94025002196327 447.8354645393717 44.471435414171914 468.50714592177434 245.81899912178994 66.77671427649727 503.81980127506966 415.21541980685845 
297.42335610555125 330.2306843135444 395.51810650535316 501.2634455459794 186.5699353527665 445.8349887202863 385.6681869547657 307.1580164819344 
99.21913933294306 91.98324324978817 278.79631496464305 192.9351981057417 162.551467503144 51.797706975501 385.1098851168903 98.04178756611213 
35.017764326736746 140.34535650093594 52.57947070966206 197.93675214253113 490.31642096428516 333.30042079706 303.29947878357854 388.1157538995109 
497.2507333147098 130.25668970726267 138.58048437334418 191.26189940454012 422.41950173819407 310.8924863392914 202.2263712257633 308.225825452581 
107.69401925960658 367.19165736219935 116.44943043953536 158.53823360260787 199.43453730920788 19.923475152994797 429.87650328963025 381.15810740361906 
231.3993818764441 352.5848393386465 242.0993606698206 391.15954257638987 88.29981285888526 221.00761579878096 194.22227503101047 213.06048735833366 
101.95372870159602 221.83451930117792 139.86021939280607 436.4964238605783 156.99146929647893 128.0664113630109 436.0404667667451 264.94220196294657 
308.0666441482338 324.88436363058645 418.4609388869518 253.18498581543253 35.52522015002279 403.9493695463993 250.5584091374714 454.2516623076037 
391.4860604710938 199.3831626296748 460.8395770212149 321.49362314574756 413.285914206166 173.63284159999247 107.92821964260561 336.53225127274015 
306.24202221179536 186.42282400009674 137.78162753866312 458.76799719342284 22.6854989670081 304.9970036361324 122.52916152687747 117.15641691865896 
489.2185702017432 438.85433174289636 195.38647690602633 89.95409806904985 359.14887455916465 207.180969138537 121.0981212931259 243.13776016980492 
292.05377865022587 72.18198713242012 66.36193694867143 223.1994594030347 387.42807395402787 396.51601404504527 259.6882532701291 325.02130678354274 
24.367926691259193 208.03563001508735 355.14696130441797 380.5324623863212 484.2444230472253 80.03691067773559 439.4557279055357 138.85189282292166 
358.31971125691723 160.2210900274703 246.8623780581321 233.61976262832633 367.25888548824156 506.57144875151505 271.2745726080237 458.22066735871704 
344.49072851985886 13.348729897941215 90.08991050329006 194.6018882608626 260.3705214796895 335.4079758231156 339.1796610180439 466.38971612603984 
289.0979147059547 344.04009200775846 403.4791395785136 212.00695340869203 45.34309407384117 272.54117697262444 12.637891685339511 498.49484711370695 
242.53427037727204 334.71271899210683 56.18279168397815 21.742423696777692 149.75975963648528 224.49590372774435 57.647328910534966 363.826459855276 
349.23758878864294 29.943017995931843 372.1199383704706 103.16512378403729 421.3059207092068 219.72916026420108 296.6646894556933 498.18853939993807 
308.8873559558813 485.4073585743727 408.0674916059973 90.22925968089079 238.38017048957272 347.6102059041065 67.3607392648785 196.33583084262239 
198.92978145745332 59.40118444566777 155.57974502549237 387.712630939246 107.03339225915968 464.97875528582404 230.20394664672006 174.4890416764122 
408.4310009477974 96.93635143807704 416.7360542958839 242.52099173672946 494.23598023181023 420.2813842387565 474.87225408323815 212.9282694076552 
433.2582380407433 256.4165016410194 103.71662306890511 20.070423019420403 147.4731557450859 45.2859737249922 175.4928829832537 128.66452404861016 
282.5893241690955 228.89064139848546 212.20648020332743 435.7479578469586 150.66842722369094 164.37429243064744 44.710391172509844 328.18928215769427 
246.75011820967146 99.8847629572449 218.62747316797174 491.4502624996387 466.435197640157 371.41277388626 336.58274842721687 190.30232947236064 
276.3802244798589 103.81168485849139 151.19851231878604 367.20045902916985 214.65648594517617 324.2013279287511 348.30560513966356 29.01762763899628 
222.926766961821 20.958921083120575 84.82382390612064 17.843063176066146 437.3927140388082 306.5003466924377 470.76464608247807 386.5472758203554 
190.46623093022163 467.0547465887036 309.80940925258625 224.81707118128324 100.11772692062553 307.6357747439358 37.916062799148875 406.36370501626885 
248.85456942385548 325.41235865531905 424.4075946174965 353.00715451390533 79.28281877608822 369.68237374611454 224.99523775306494 36.33987785492242 
258.2052728126697 71.65216011727532 101.18971272608695 62.67293643785243 386.2090145935982 452.22505871652135 245.55342789352719 311.9677359985727 
54.695680856949025 241.0021756565932 277.24691968880194 226.4565180556698 377.3073502672026 64.69836175963289 97.32263017795638 469.6546679209922 
247.70141432408442 288.17661233412116 18.219083980714082 301.46800423495085 200.6273635264928 416.3040418993827 106.90862532500665 140.09814979354627 
378.2588181295071 89.83247867660542 306.15189276739704 406.44917470371405 228.73366530853994 333.50683728667616 23.31205451226353 371.7384961499672 
188.85568794797896 339.60443740835893 501.1820004886093 354.0153487435087 227.9106549018 195.1082964519567 410.277651953106 234.2897687585981 
254.5500232502096 85.71765713424111 227.05036498610858 387.97533544682994 13.695390037861069 134.89872958101716 87.47168178150649 252.3487580204308 
225.41688499589583 161.17889021665547 430.44361843869655 375.7294509123925 342.7384740952909 261.8873729463137 370.48734455148013 419.08213747577616 
430.3234734671827 256.5456464614059 364.1637003472006 205.7457774669063 290.99323236177685 148.1105690533962 359.67845509969743 39.991720639048864 
92.0322660550637 385.2734365353785 244.1254880737822 140.11443767064623 368.2328532543021 334.01811523935754 27.821142176810078 156.75781643637987 
403.63225597691303 491.64124530353223 330.1826149253769 372.1800879977825 118.89575154238862 101.43779934975349 356.6037747384569 301.1607763783106 
216.29841485973012 451.25502274365175 180.78139755017008 39.2524347510858 459.2590455409886 264.11792505360665 271.9449025544021 329.0806105329912 
88.37914449580707 214.12938242866662 331.4428912735586 440.39496965139233 500.9401296465727 225.8480838415261 128.1393787738706 84.57475053097862 
445.8119822664308 340.347354839636 147.07308454947136 209.2917723649279 110.72636084286628 56.158006068878436 490.8326458206266 144.0339111728599 
103.8673553426534 178.29836314746095 98.10119154885388 192.19246565016633 456.73296720965294 333.5945394727844 468.8230616832187 390.4161586731204 
400.220484245968 435.4941793194556 210.4460838635102 280.93529704719157 290.88890648845256 506.57671418474763 344.69237463380733 167.55895084696726 
189.35138734011747 391.9631995521948 439.3108426988518 451.0483135819494 217.75104350881475 21.829046975818713 254.2644320572529 264.5694882415261 
448.2730644851312 506.22260317167223 216.80545763258445 254.92869281532543 199.64633727613167 470.3927978869399 164.89182909253097 480.2930595617346 
243.58773691901058 163.8288830137987 423.39761605997927 20.100181808273877 48.142138303809084 501.21553314705005 402.57081373614955 17.859519226674994 
309.87128865338514 318.5063039756957 33.19161685333976 502.54869243177194 151.84471912437502 252.31867027869396 477.8842658683435 459.307975287441 
489.38573429449417 275.8536361897802 183.03549391734313 245.13595988934244 190.5257734839153 49.54324008442367 460.77286568604643 70.28953496963763 
283.11994053220343 369.6288834238708 415.456085144643 391.0913948373042 85.57722322125254 122.8737127770908 154.1342615528335 184.84814881870602 
263.1583069991227 280.6122190488597 345.4224602789583 202.58203597049422 436.7940012810326 90.34001118860922 316.2504943108668 420.2796614814938 
96.37776040240203 248.04707369459777 500.9372494749402 34.360576996427795 195.4850008505235 459.49755832028586 182.04346571329603 472.06895364006937 
429.47271547621006 423.65922185709 87.45629351262163 12.491598383058513 323.9122017959972 396.4855715762663 33.15857391169368 238.90514902075049 
385.3082672505046 118.25410215028974 426.13621706038765 168.15588839613815 191.05785891469634 12.66335408564572 66.87642286626809 27.775046665827855 
420.60141719571044 190.89228552081534 315.9103235925277 276.53288695378905 454.71985258522216 418.82481780653416 313.85273606401455 89.13461082992163 
294.9305232331086 330.64291633694484 69.39249531169477 150.76124112241877 179.93513103582953 296.9910558728507 354.6863069067407 232.15858928148612 
401.0727910717136 480.9154653533064 472.609243362594 140.97749833100798 443.73131501114375 239.7810871184267 85.31514595644973 270.06832333939764 
206.66992235563745 156.36947045100746 418.55987480928644 88.43297828196621 176.20640150736494 107.36069454732204 281.24071700466186 45.53755965481997 
57.221915896649314 402.40246259359003 464.6048546072057 484.68866337107187 487.93660010357127 151.96942853087057 210.5802954932876 286.17652823395997 
90.40895866199732 147.2160211194558 63.68214277775868 85.88826780397872 233.71231306499374 160.02568159919554 45.94747536408443 40.09402220610047 
11.741402792200919 196.45990994198868 219.35186813867028 232.1094965851616 62.60218098716496 361.80993541003505 325.1607833585035 441.5376991290386 
481.53801118803904 120.45441014137319 314.668895280526 121.79328948833273 204.34535416842502 358.72607931203845 210.78041939437847 56.61242129270593 
363.2321177641555 283.99067385946523 364.88370574731647 291.2513294051029 242.07174756691535 318.1409532394357 298.4731043930042 59.07681010961318 
83.00613077766587 268.7093192898421 443.97129167246953 49.25158037859744 121.35059599173569 185.80187279421122 224.20512868886325 486.217832052895 
350.75398807628517 438.0570916743886 34.988229508433264 116.68197080602681 145.56699287858908 165.8324159125537 320.2633961310341 324.80362848350285 
492.3718436627473 394.8216089328699 54.25787051987523 221.29226278840497 207.62656538681634 218.30625132345483 70.10474327305198 177.1142950686113 
143.376795585713 81.24431486007194 299.38358471056233 397.51396234109404 507.98839385123995 324.3991093822945 112.03326170503286 257.05100194671934 
53.853867498711175 271.71151695592846 71.09029287721086 241.3583859491742 509.02589619204383 269.1189064552845 41.705776264960576 466.32304858280514 
254.73093468802077 208.0235498668287 218.89392543714646 370.3928871929293 375.7160013829455 191.61394462367224 263.4655126567511 300.71314016088525 
335.38196337323126 127.24201600933165 360.5991768335156 338.7951503111909 152.65625062450144 153.05930219170654 140.503816639353 336.42080728288414 
82.55820192732398 432.1153157178338 25.625231417790097 257.48565873595885 427.4102173780274 472.1212622614611 193.85000301797882 46.48388329213581 
230.64767046827077 254.08205340896777 472.1598072615647 369.3382380154609 230.18095941278042 77.99995446316038 100.18937541566302 197.2781100020336 
73.26259491957315 158.8528003251789 428.1410820386815 329.46877370848944 419.8125736469175 131.05007200526734 238.5093460446288 75.09497241266644 
186.15512454115745 244.5698301525811 506.06798154012984 440.60203346949913 306.11993946390965 160.9797199236867 35.57364430159376 292.7975202715712 
11.461060984435713 382.5450696569597 41.63841731449901 93.51661195091731 258.5465201192487 472.6273833542131 360.22473712159444 426.5543813695696 
53.27179631191713 350.5761190516006 106.2157602813366 162.5679798962157 51.150367523770214 69.31706425699878 216.5142785511045 232.6519404946548 
434.5343072444681 108.84039797629917 443.1233528770263 106.28971565483945 193.9181851172697 343.7914562078787 485.6617412773491 194.3845462081891 
65.2793136696395 468.3674878680665 77.76724227240993 23.07278873383372 500.40752706350924 286.7233621475216 466.84116678388096 149.0229056308941 
172.17756043286846 402.0895030854671 351.58693722176844 411.9230555736493 141.7171821953877 462.8050905927935 466.79603040712647 244.8606486121827 
439.424218686263 248.46965097407264 129.83437108238564 388.2967850089044 436.7855676216312 504.4161544105921 188.28223992035453 478.3388638424462 
10.951365816777795 57.708872839612724 433.1809406195349 105.0143587004224 129.0173741388727 372.8689108009909 167.33922666687462 61.248938459133974 
103.96873394358552 330.5306813128214 243.15269137740418 128.252127912096 399.23826600873497 137.23245913936944 509.3892223747209 368.01341429927254 
483.8323656314844 399.544019017336 231.39362353892687 18.612318599157177 364.97767607811056 20.734621588886327 174.16460616882384 213.04499118358348 
50.24160522872722 203.18435088219505 162.75714435155191 367.2711226435958 316.07984152895983 464.74202510974465 59.46342236350737 208.18366605633102 
284.76405702553166 202.23277775738802 222.2255590855327 37.204919357370684 436.6428083114361 460.3183481951869 133.73297590305327 450.2119744532853 
309.6888045312056 188.91336877284337 15.65784266860575 359.4945341211572 263.2857209100125 397.36063920196057 367.4815538791079 288.44841997947833 
308.2076040225349 238.56855970395196 494.365352995641 34.70774650017738 129.74408824351556 181.31384411099566 213.51834390544605 422.41894651043174 
55.9243690131077 53.91267322298076 53.5158472664231 489.35980569324363 347.79331999700065 367.46336117907043 386.02141896493146 79.60656115027436 
313.6926215433215 451.86365416863396 54.36547725130763 437.4521880083047 374.5002316369531 62.805819921849796 188.43381480570724 23.279126573200685 
331.7811598855203 242.9527478875702 20.31898327687997 397.0893691217855 215.8028273089113 345.4978795373313 140.18780792003292 140.39522961601418 
215.36789423549052 253.31252025393724 256.8180236016813 412.17379366094616 316.4180886713189 451.8832367595023 152.25727862177084 359.5881969022698 
401.36165294992776 239.24282821144337 145.05756840148698 229.17893407584012 186.07797455657354 481.0977202076307 501.53819275013296 149.22820906924204 
496.55225362780976 444.35504258647904 359.53048129871587 179.00050213080863 12.09347872236898 367.25252711054134 354.05724297788254 345.5625694770739 
227.08868629877148 49.29426612725878 259.4002176554564 13.8857571361548 508.2468537267497 369.1955539771061 87.00856404231348 60.93410132307336 
249.28530068506586 264.03982616575524 203.70156139901158 449.44095934877254 250.01193759694323 327.85092924636507 159.61860758068335 422.0776470841263 
71.75629183504122 312.78376250565367 40.36963507325324 161.71693501411744 246.10263917132386 441.13651322399045 282.8391579436502 388.49469636425755 
338.8781749290431 61.38749307555035 19.09691116959249 489.37277167597085 496.3494964328314 306.4597490099945 137.86841820619622 400.9061607737913 
225.58044669812455 37.41664617152534 378.0183923756305 90.91766983102933 285.90442331784476 480.79141365755436 393.50028186003766 109.78321760901548 
193.4643701256305 92.7539214533477 354.224942115038 307.03082054315905 465.7734997141869 308.3176532678549 272.3016821541031 433.95637506925124 
358.2498563546243 458.790177134699 368.1046945981479 477.9595511611847 469.67796483574654 265.67006732766157 415.61808986359495 199.3025839226839 
218.5505071310909 444.193560828191 131.5126077131954 465.99548209518184 317.24332084145686 74.73393542187911 297.4071334106023 107.51045150031091 
495.9767544529822 25.256829331498913 429.76816248349735 133.02885483875636 353.51650572043974 333.03456769464646 436.9003450615559 284.9237182054876 
336.56711605155573 78.822712068288 327.481168112376 23.18098280853597 474.81122112499025 411.7017976854177 160.09302202565357 161.4626649882359 
123.54764493610293 507.78753052548166 48.20565398937653 500.51482872616543 90.8814784813392 371.01256166067583 160.06221363012702 429.62382058805485 
151.41939791342307 509.1827942900978 277.92197904293886 91.82365266344965 73.42308398141894 143.5116352217941 106.11287555054493 333.5576965990412 
411.3741279730095 234.83502328010334 142.34697590029842 284.4979132898706 440.903401457051 234.71051601317498 51.752045809828054 38.22465839073851 
238.03803289988417 94.60363598180531 108.07227514093847 29.47016527744616 29.719188245588605 191.36434449724686 391.4912921404283 328.6289579617478 
67.54366069791905 452.19704152951755 57.53071651133567 199.23813540215673 401.6825375746266 87.32704533554424 116.47714386231827 389.1308355938405 
56.929938296031594 463.56674563769957 287.7909402332568 250.96589911084226 237.83501314745635 276.98455154013004 118.94975042066024 412.83682069173665 
314.87032726254415 307.87969017769444 183.1800280204461 344.66325068582796 468.5897710382984 166.26613747239165 295.5295691427696 291.0680716210625 
493.7290730000955 61.06861405751856 311.7343167382831 166.44312917153752 390.2020153493112 251.23392401914617 199.33232435824098 132.90692218255379 
492.9456405533612 461.9606626474118 195.4783660799594 206.85715594244746 17.567344319829914 174.25047026437827 490.91190633140195 364.8214819856008 
23.747199193841766 320.98397380495635 504.53195732459443 244.30937704464182 423.34841529622037 47.7244777336424 438.0315415569294 160.36844345803786 
285.18930851862166 321.45254969885843 425.04532061767645 283.54807992580453 313.42962681383284 295.4346854422252 214.263036978244 449.97389060121037 
501.5246682273569 463.42909033113773 450.9624082346035 199.2356808283613 88.69996307737887 261.43179555958636 246.41411675513325 260.79238888709335 
70.90003216033051 400.1661054073991 349.6123516630661 334.5968951873163 143.16394496037464 336.51864948220424 360.78392981170043 136.64405454894506 
75.38120836647838 417.125047510157 51.12900937201319 305.14483713020684 148.38073595242696 352.3083674674749 478.24670953818645 388.0298677611086 
402.30626068538606 303.5735597074684 211.69863134423505 257.4854168829138 74.23131737268307 492.8607759289186 108.16344781092556 422.22500246525294 
226.96671440286957 366.7609977843594 200.6356739001737 333.19971943165416 196.01387813576736 473.896835545342 391.12179567197995 403.4503851845995 
106.6170081240102 338.6718508427228 261.2867461865118 87.80465873908854 337.86724398156014 239.5912750749229 440.5040677338749 493.12228538574976 
435.8119944232572 425.35749612865374 95.76263990076333 114.79156106254534 102.52246165281774 426.9432930384745 232.8833391335624 420.18010502617625 
13.072589854436814 248.8459490858052 123.49853538412657 124.74312068390819 337.3825193941832 347.7254353053106 297.2477207172913 131.4922443527979 
468.87958549653814 431.629761371665 163.6422834997586 229.52821023581404 86.93018514613486 238.01055544945154 453.0526671700613 272.34013708389676 
304.9954652983737 73.7321078149492 291.27086387931104 181.57506343951474 281.463973609745 25.276921206107964 347.10155278295 246.98034694095705 
295.11452652004857 372.350917027789 117.43490405372741 318.2224167471773 412.16221610521535 363.09144840198985 39.254190758057405 109.2848484650074 
496.84094836865927 134.08116860729152 243.03138240288152 461.14883713133287 442.4752816529643 183.3710362824095 386.9636872065484 33.45939153462767 
124.99511802731726 429.715323398861 136.50444414354183 20.88015033979567 205.84593065081341 16.22207501569283 478.6412088819904 114.8400650696193 
36.24801663711179 141.62183839250835 185.37432663037094 56.37507019889181 39.757730366758274 327.3580173414821 365.8490483538861 250.76785502937292 
75.08374346310775 153.70184448324275 171.59438279408982 39.68883152461072 406.11169988538694 123.09513729750836 344.3216923234682 351.5414612015453 
31.090144716765735 433.923953567935 420.7362958490638 75.71503898322683 247.93099451814027 72.92633073851312 33.815090522142086 131.44813063717493 
457.5776252658814 259.4371241981357 375.00338468747253 327.0056387691342 332.39372280967257 399.67316253828466 506.7840320603183 229.872749876106 
101.52600539630235 334.2617757786532 340.0720260370958 393.66891996763604 330.19393711850466 287.2159108803599 215.88761805076462 412.484849510724 
194.85959026348576 49.55887191512048 155.76120455858666 398.3457802959787 381.23072699145513 55.80182097893803 470.3228938364126 102.50401655161133 
357.05028439583464 136.47726720848203 40.530187156940336 26.264028979921406 396.625381804235 354.9314750977494 210.98657004210276 492.04312972454653 
359.04888908555193 461.5791126054377 359.8043699359346 270.37081244751806 347.06679775685245 123.82320063578221 334.46491813194507 483.5299727671021 
498.5444746335955 214.84338263477457 68.12915250921779 131.54318146656456 287.4848796293755 69.45578822605984 315.85175479061905 211.20684201993927 
336.5519503833124 240.24753570546213 75.15202965785227 23.876833253321564 368.05216454076145 412.1890765379225 380.39454865622423 392.708278697961 
45.327650003529165 258.9273335435382 285.43276249856945 135.05289816735487 81.51352242443242 148.96295885106875 473.96867548171497 260.71695936893536 
117.61315926380516 234.91472663553276 62.08169249267397 491.78287902591023 496.84397419878854 84.07421162961714 282.3797956478861 324.6977409142992 
187.20721121320565 133.45389881068292 364.22615731740194 480.33173931253316 229.23468351201453 377.5317225161861 49.494320500297775 212.70975193872314 
210.86567483962642 321.89543743433006 308.3050421273473 72.11909930174019 396.40703637950264 360.98961483180045 444.1980308400739 343.29668336534127 
261.5297377925084 363.16864038836707 403.1915071841481 504.39855872619347 311.2548422415041 371.2586895394288 226.18288109618706 177.45514783148286 
182.8821676849418 451.83190395938306 209.14369441404907 166.0151273599265 160.81466016630023 351.3958382191541 460.56176193652186 300.68119356658576 
355.23170785451646 242.701284766762 170.5837965982379 438.24079704523405 421.5643135288269 469.3716766494271 31.31160502261714 85.09494667525696 
322.72561130820634 322.05712769731764 372.704986281769 240.68827378967816 261.0494180761103 504.31625370808155 203.54441640086424 181.64337810019126 
31.890301675418723 71.42890513278505 471.90667006235844 32.30274699862961 175.83810591873643 250.34293617594815 484.60654772925596 92.3811617373355 
431.50009783927254 173.9581072826868 50.05775160937686 17.431885833150798 115.80388956900183 187.95033905790854 34.00608985568675 72.82970193439368 
183.77417733475014 13.339276754831587 142.58810830400614 306.9738652528336 344.73659524522856 173.0024690594507 372.1683254178695 114.41424469099714 
236.90156617217517 215.33918363815386 190.40809896133482 284.60358938165587 287.28148837682346 393.28695083356723 138.01937830060956 256.9791880445382 
508.8942780205963 81.89411502086307 165.65630752535958 428.07701161401894 112.20642367201948 342.6513248221242 145.39794446643705 481.3814091024432 
432.7686213775292 167.7852752186128 121.27524334011929 335.6135700874169 301.9972320898436 62.71761413208692 488.29516003895156 432.16179771069 
113.05457414221719 249.89236004262327 414.41538915244416 207.35676459877027 458.7811845288315 402.1748288957668 444.922573111267 220.29488872515122 
343.63330382350847 439.0251821731789 353.66719078967617 31.912863788552617 96.57852850719627 43.649791819988 430.60830496123333 56.01661896279524 
236.90285200880012 184.33349292482214 20.121245557392633 227.96770161451784 169.8822580219355 48.155901219275975 249.52127773885474 461.73023490977715 
214.27187506063078 420.2948625675017 12.256603675455048 490.98164134612335 88.56591914648969 167.12017798506284 395.2235570546795 314.99022825184005 
107.98154162376038 106.28076448999818 364.6572535328996 94.96264374971435 469.11958175211373 171.98833199530037 150.0508727990946 471.5645637226377 
124.25558321744589 408.7007104687236 390.5565635189605 399.3174804426629 372.21391402302567 451.4079858002211 233.32121760968965 218.57489007088265 
417.77841223123676 275.7245301741536 198.2100939374501 310.78099183362326 276.59241564468664 125.99005185895645 248.37163102010578 307.7149092349669 
27.501452610611256 154.5828284425031 131.0963133432071 450.4236317927734 39.29173888469822 430.64819999707794 178.42300910288932 318.546914900922 
