474.6809969482222 597.7257001348582 117.30274656224931 335.90423138225066 488.81678947887605 272.674828270494 505.925718626577 373.3167848935387 
369.24258245004853 269.0198642350158 162.5377888217658 205.28316427479723 135.8656649607663 619.6372610815016 281.9639973463209 353.6885642475676 
261.21826398397656 334.7580727461966 295.1308377270225 611.4101365768659 531.6336472359425 494.9403577740132 187.73142729386893 445.41514420172393 
95.86115567939396 446.12891138528914 520.0013897560564 134.3682879209566 465.9640552540443 299.1462227417331 187.44948811168868 318.09218854629023 
185.3437867388745 285.95830616515093 512.3864850951941 186.2244821690539 28.734373699696118 275.0591467046903 406.0961308143462 83.41562321127776 
549.0109027025197 498.3176457346593 491.49196488723635 58.410857377747966 335.65567034335135 491.6306326350712 26.103756735173604 434.360177547916 
499.7257995162344 601.7257880038356 615.2372132273313 427.70022093288065 50.16604016956552 361.4582098556369 255.15090697321787 592.9515047939408 
576.3105703835469 185.9445263709495 396.09386223381176 20.775097628738774 401.41754431124167 391.8779245520143 265.0478724468443 366.6322169988073 
522.0800105911169 92.36821739629424 238.0181159771721 137.39062291677203 398.3571310578206 469.6506095168764 201.7158356336864 613.2215706582754 
209.46930994803495 278.0067518488859 594.4769212549512 532.1310443953744 539.9011053136234 379.2419822998403 166.25995973934047 614.4689416391658 
210.7555015464723 63.062544148685774 247.5678019282398 154.76015787615688 321.20350860456483 454.6963527160154 267.13604531519377 458.2010581018495 
514.8726355512454 462.1012049282208 608.2324864599125 49.16536063198196 36.018136941988104 265.10417664166465 243.41108960151354 329.06294224663645 
90.32070931073207 498.81588330255653 137.56430630284495 310.8954872296437 575.1543708872042 433.66336221966253 159.1175295487271 607.852627939292 
594.1683672001845 404.3854442505123 189.20931596428315 403.2923966547606 321.0267149987271 90.33423459743462 68.70123557211865 79.44964974532965 
127.14932102360781 599.4264140518919 372.86110345392547 132.21634202131494 238.29814948021414 458.08837824444873 153.56322474750363 349.33724525855376 
134.8525401480349 359.5385820220224 538.8495012220925 379.3650289885267 60.61713756692189 472.75116462427746 429.695196265894 568.7183198976827 
555.0062247812444 64.4444239464897 83.82292489673259 294.18650146585884 273.44846299426 336.43796969158126 326.40881315123096 168.22516970070453 
310.8554059307275 130.72224439805814 277.52446945936714 244.38568920326549 592.9978215525246 104.58425555759712 236.15858271969094 300.22293082452757 
450.63346261654755 528.1331228723938 310.66180309310965 25.024737966089177 41.23007285049256 206.56935986194148 535.45875152296 89.70684962723959 
33.12728364684368 579.5415162210948 563.8708184696242 426.2171893498315 116.9813266314652 599.9339794396809 176.89367386332813 593.7931632266043 
59.33616783329157 544.4296917256156 197.77296547910035 59.41571072145824 563.1647787051403 58.1914868644712 552.222176911358 569.8038900481347 
150.2245475831429 486.0058701126788 164.12635928056193 342.293764207545 30.070229440089086 92.23293234626745 526.5754262174637 551.9452755528866 
270.568450931222 321.9061366257029 538.0707396684282 342.2209241566215 134.7574144569394 605.3258338016187 343.7488325295485 536.579987022288 
598.8955991938702 158.490088859809 271.4659822419919 378.3319637751183 616.543062585646 181.70674168550164 302.587378538281 576.0931065738368 
443.51941293608536 608.7302615935395 267.32456817951066 282.18969752587293 288.5817213199848 108.7674310631966 504.46502269121714 381.35184641174305 
104.6666982640914 393.6952526213685 475.3376236966077 417.0415748188458 485.5403005954367 432.83505619833466 171.85759446013535 32.75898184217034 
582.6990447357766 527.6266255829255 308.49487340580316 355.67003840509074 507.36635724220537 348.5457982705363 438.00956998188946 299.90012275247875 
232.42801982561897 386.60959425928013 280.7981991231413 316.8365983001495 359.1502139906825 221.81246666852385 107.69458949198193 469.78464027018856 
63.52413759235687 360.83742128106263 366.06904105037466 260.3196614700044 287.0807476264725 146.38580798954712 289.069685258418 583.6803871824644 
587.0195166127862 590.4695357187702 177.84952957399764 540.5461485720276 410.49491335020105 134.00943780850415 196.62327813037055 582.5422076457687 
