318.15084263527456 497.7840505907858 251.3758960939219 61.13431456732825 369.6961887487462 126.48899016454989 265.60398468426945 341.6313322920992 
282.9409110859403 73.61055403515653 411.71563336108926 411.92963942672736 381.0803913750529 136.01275969185178 301.1894222253587 199.0916443930613 
267.65098773320267 226.4509633004752 295.89781525490633 112.39855859923796 297.03898611410676 27.37710357168698 41.61974888448549 14.309684119706947 
183.20383611934298 361.5723967846906 429.8063828874919 88.9130241823821 357.94349270755555 172.18545584072936 161.42817502642424 62.94547711587444 
315.03023109099433 129.75411355708383 211.73138319718888 359.4608092171791 301.5448494860046 508.78903110926865 119.73207830325043 389.2233728948378 
342.7375562263399 101.49710733654359 151.27587216756783 309.9058512296256 211.7435639393342 61.22300451172557 509.4914250918661 208.16901393423564 
80.48151220516202 193.18678021338596 391.46587404124847 284.7017546781388 213.06296119135047 335.09575836219415 314.9703168442143 247.29939103380227 
188.04091004470806 95.2088414010388 264.06347475963605 242.05844858167097 260.82560860986644 340.4313184495919 327.4016576248911 277.76603336467343 
102.5956870371158 452.01826337952826 128.08310550792544 223.56188384449771 277.03280851879464 491.4648495872569 468.85496146260766 84.95128478149438 
441.20791069510847 44.16136621128296 241.51084127673062 388.24693791574214 381.9472148916054 133.3913780550552 274.30726598788954 128.5178340353929 
124.0060501027324 222.25101885338455 416.22694913362767 361.1234411019587 471.3786746089897 446.0675062407099 281.91720078578635 141.9111524358196 
468.0722650766873 342.8950431479417 206.13145151132215 146.15524630168002 389.6730362356945 474.66633182189906 81.50212478191581 421.3153046225426 
502.03285842456995 456.5776230502023 378.4728796010856 353.69252470115197 448.40422061446606 37.2855454120895 271.21844814584114 54.06167423709101 
251.3519024759037 497.49391653478835 418.3801311697833 492.3571346943541 40.76932603439137 259.5084719768194 72.44507538184646 336.49094349506214 
244.3278647973081 225.3377993995391 316.5974812292684 75.38109755491838 101.68695051286308 485.9184769782315 352.86989882659464 131.26815157065113 
488.7935199391632 169.04269253818842 390.4226300741424 291.39825809104246 163.59851139904052 318.56628648773193 307.77951019173156 414.1508653210134 
169.51884546525292 322.4755211106495 387.84801593059 489.68900734881805 257.972811893256 32.390537916449794 49.55200721685592 260.2105256803966 
316.3171295080968 342.08381678677824 124.90510536893616 229.87817539739203 412.51367194314275 117.59148313240146 355.3528768064043 19.506861690621925 
192.85415201422856 496.4959518877449 406.2119259755354 146.086038316607 494.0706868464189 198.95769867803708 323.0340701344495 432.21545784959335 
156.1605402622595 118.07447189740066 478.7236512941896 375.5323984089273 147.25310983503707 82.14604523203982 185.23618403573633 433.20843379964015 
236.84721297205007 306.42255987125174 268.6863684222535 301.5939127242945 78.74691452005527 176.91468632557203 31.693722605922005 396.0882847844667 
190.02393908202185 133.84362901775143 151.7938829751064 361.3143905011404 437.3348621085831 47.309222192322686 189.74357684676278 66.67479719303398 
266.9210819751248 102.75406952894156 506.5477439582158 167.3683538214905 39.6198453389967 338.8020318846139 13.036510014699568 435.9451099708867 
457.2143838671396 105.04906397876672 300.82038796395307 194.47762678687013 191.4512371882302 332.3846038634386 328.45186101438907 302.42692562421746 
452.0529654459572 133.4215718718993 461.6212723080027 280.28110595191424 355.0543896374649 375.6131270086218 291.21535035318215 274.044800036152 
77.79036567319375 494.634405111979 278.0663435573614 190.6576114328436 411.86333837557106 440.6071148063961 398.2199998324197 459.41959677693234 
450.4187595838795 274.74547262036316 87.55045029444607 499.5019490759679 271.05650109875506 59.001215451295046 409.55015479967506 98.62105002864324 
100.7063056554503 306.2861233248724 495.1229869646646 32.95394154234582 73.79561155028156 383.8500700266217 428.2086871930392 383.3734174980311 
320.0375817678465 387.39259869440224 376.0666235211258 128.0807524088583 243.16773656336852 128.48641620388017 388.04727134403123 216.71436115315484 
476.9571432823326 502.89064324817394 411.67916929526484 456.0122611418259 129.8303723819642 132.33218786671824 199.89983312196983 162.10682109058254 
