158.76008197274783 608.0624147351839 474.55773007103136 456.6156363108575 59.090585014990744 
439.73202449265654 592.2949023185854 260.2717035225053 559.4167414280881 357.9447119597577 
169.48287756430568 238.93796546632387 213.1781933680081 388.9762983509765 206.5344974845075 
29.015662843549556 122.1091699941118 462.4148129029885 583.3556608713493 170.83044868962097 
190.6610952328454 343.229017166793 259.0498369114364 368.30703876913503 477.8250788540057 
185.26008349590424 451.44439316276055 471.2390137696537 148.69799549252767 245.98055984060844 
373.78250209503716 394.99772323767604 478.1360551792465 252.36403099703628 455.92421347974766 
142.52378745973408 508.8394493141752 257.70943407747734 527.4006218978394 43.44506229530623 
516.2119532940094 179.2637289233293 389.6648641728844 275.164934203422 382.3391457233233 
156.48656383237378 154.88352284013027 80.76444837143464 531.4290583659408 419.80091895372044 
278.61237162492046 248.56222212445306 29.058939117690535 109.67321125991703 163.7002223251995 
568.1758208674975 397.5719823901609 35.86684791991537 362.7643396850031 327.92831181040555 
449.96763319074415 116.71277009692038 356.58165304022674 468.44382918974657 594.6293416403272 
388.24093376167684 235.7390122765019 157.27581706393914 413.23346809123115 223.01630083765886 
362.88663194385634 499.4117789254801 464.18309488735497 148.52316656931134 442.93819011505593 
48.49815997334642 213.91045834016924 604.941687002452 178.5615425480217 533.6293030481862 
348.3918061363456 532.1601240139464 238.30371990489687 566.544054899528 467.2183892803214 
25.866720953596484 614.6938422527264 244.07380732543263 112.56743402072054 52.56495432312057 
199.6679538744512 110.68587618924767 435.41661063894907 163.3558018639171 354.6592650936825 
295.9656675777598 351.3460814773507 96.33095576277118 402.6977639088256 391.88172633038613 
388.2715422672285 507.4204648850043 119.86278695802848 184.67712067404872 578.4523167823751 
619.5389269692063 453.4324008518169 306.23118219744885 497.11797699294766 329.8735761122492 
444.0733130349936 219.73501466625302 100.05741910522761 65.15833730489248 479.41507827804304 
104.52492949370358 162.514104590562 224.77740345304966 556.3522350230036 154.91718113503268 
71.73117754196011 401.54216077586716 379.4183388497215 557.8880305800895 475.490270279653 
519.9852907069367 472.57550493570807 164.44267561544828 438.98765042956006 182.01552997296542 
31.76313620287177 419.5169821530916 512.3915616291072 459.7772254302648 595.5497664190794 
265.255649174253 461.4244781395644 525.5580803967619 161.23165471468252 282.5105672419268 
363.314004819944 258.5890547163076 323.7219311418609 285.40314171142677 120.45612038988203 
318.5800969249347 564.5739342072692 533.7943629442459 394.13466083943695 325.8354606494648 
168.48271434942185 78.50636336215956 310.64067385800115 137.7923596040397 194.6081788884159 
304.13908718463034 42.13539361876191 361.8267356667194 480.0638658304695 284.3260227928313 
314.60063219380027 194.16980052440456 602.9148980507988 114.27264591508744 45.22035034730625 
424.7792818304205 82.02908288557083 335.4211972416214 61.53714586747237 398.00886001943263 
441.12468630470954 117.08592099067812 604.7273104258335 68.91984742343743 514.3587796410714 
609.9020080543033 269.33834958680745 445.0786003038465 520.7998534506532 235.9324015382897 
581.8326750707356 53.683541099821255 585.1284936613401 30.276070422783114 170.2811180240146 
223.86558996191508 531.909765411021 99.02142189009015 427.55022720947653 324.00556547644334 
130.78118466919926 208.38872179673348 320.3268086456307 243.912527993227 319.89992751327645 
269.9052430101283 146.32372872245048 561.7067014580512 84.99311692049861 236.45686356543067 
592.010620606602 585.250620827054 21.35482353569958 274.05987459606564 393.21313598418806 
607.9725745881789 356.1336426275717 424.19673340453073 250.92476193351558 468.9256810128672 
558.2545060453416 321.5596155042999 404.6746438102806 456.92668107417126 613.3186137403214 
282.0453177151392 415.7953847638497 548.6180414643204 590.8249603799316 425.8454242571882 
262.93449969549556 120.29709749039874 81.05765007270224 50.475498032491856 202.1532037046194 
423.3561287945092 428.98218415920564 218.58688270390678 593.9564587029801 263.1769590962821 
242.4950626089227 75.40502528156091 49.597873306343025 71.3238879674843 602.3699778553116 
360.63806128898506 599.0031695771959 310.8787559429599 551.2446063329546 129.6992280022711 
532.6562274703408 104.76185710034343 188.99165652866142 449.0871115849269 119.7911031602786 
326.8823260691909 51.8179329412458 180.7673606670109 555.2340991574181 545.9620757001845 
602.4352491054397 320.3995100929973 37.239376269341975 361.8765770789325 408.64677473107514 
504.25288266308155 28.66202885197127 224.3566877551205 137.69269928683116 249.65515447785083 
103.81229669114016 573.8949673930316 443.6989624825634 243.81736842674357 133.33464273444588 
94.70034249736896 575.5726702289626 345.8791825959001 509.45559800165057 619.5448410523443 
482.6881298128414 117.01813366548085 263.9438212615531 576.3462542576167 345.7071183964469 
43.466500906376965 281.12651173207246 416.3303165589448 609.8771621169068 567.2797430713698 
358.30557321762586 413.61617622051585 348.15165000057766 389.70011614240514 615.9175204190495 
176.06910973503298 331.47541244691007 461.9591983598797 509.7807448772157 357.26392598309445 
533.5796197890352 428.36321212755246 247.77391223852058 609.403017908292 547.629706681611 
236.50480216375257 563.289363113257 567.0327981922089 142.0699855981524 579.4449315047298 
547.8050254644913 601.4021324789196 333.00899046451127 184.70889894764304 594.9188404385616 
435.3067077988455 100.48884267181637 114.9399294326611 258.1892945114348 458.2628826863476 
225.98286377982146 195.05431859992797 175.12584975566705 531.8550147554372 78.46482997198545 
430.7417305423631 559.6730394457921 225.09974517275822 326.39378411919375 33.1545271720372 
315.53198057374516 369.6712134404832 102.95818049305687 614.629732691442 372.662985555529 
574.8308026276814 101.92299635374869 470.2875518205294 599.3131632815285 91.90524094130515 
431.42360780506175 610.3500497411873 191.91255321088278 568.156878822422 203.05028318871157 
158.02376488853184 195.1828033617236 379.8896411234087 583.5668455414077 277.79009947914597 
354.801850961074 384.63468365810877 586.6074244419494 548.9471739690248 54.96866578004656 
282.25939226146727 231.69500523405569 49.24684280986291 43.21151044778375 324.84341837451706 
47.92541432024073 563.4707052179399 594.7836213075927 465.1655993976062 449.6606854409081 
481.7888843201594 318.99016196971735 583.6454086539051 461.57540540083926 502.7451267595541 
559.7899105597124 183.5828055578265 220.3998276950574 405.71231351954407 93.0157518639341 
294.5402157670174 430.70350001773744 507.6617150021903 372.55742196006446 273.7101676957284 
502.0632343392787 569.0902018191387 327.8505541824444 345.1127487920137 244.959080598593 
463.94868621596606 65.0155231839635 466.46626043507126 552.7420030556209 478.41596535548916 
573.9899705413914 63.57495322322711 447.0171841016831 453.36140678363677 493.99874559436387 
322.07775348033067 613.7865517546674 135.34039249358912 139.70500638410755 76.4013307796097 
307.69435281864463 250.96628824721688 340.3861920303755 485.761779410968 451.7194975750189 
369.502483530608 594.4786337644191 237.05816971345973 109.65841304818443 568.5185325532685 
591.8346545372677 364.50205891464043 58.74221564941327 267.45397296022463 306.0357232554652 
125.82655267465542 339.7319000088134 343.9335263311816 609.1055806187602 324.9187253448201 
411.83523409967273 397.6776728783636 510.96693390433825 20.719101897259677 489.78931227488675 
576.8520227852443 475.9856600238339 312.23201400571367 390.45226409480546 131.6995168309282 
418.9461097273623 239.4905019416322 166.24805715515194 610.2990799080657 332.8012779372231 
590.3195971174121 352.80806613793516 161.29439798084812 250.54168789537272 352.7417061147323 
408.15317195042206 358.4367863077884 593.5266512893044 102.86772986415916 70.76008552683436 
311.7856808950329 508.62166710381433 368.11793832732207 113.85578979793708 380.41062712759674 
346.48573312200244 555.6160600042439 323.2837094665654 151.43853447272957 183.3523641154231 
585.6005037991143 476.2853545727611 100.28975380807184 238.64787159966684 319.6963826734632 
48.541409584782286 296.9470368414509 190.79098082723354 423.8922074461903 326.81561613865364 
473.1008224162682 543.5171923724821 56.06485311418335 154.54560444680374 515.0148957582827 
345.07187904390014 117.89663476054211 87.72425842691969 596.9557805211215 112.61578922902916 
561.0282250642422 488.4152197187169 320.0301019113031 364.1866300125575 187.29115660094212 
233.24651350075905 571.2732047541833 110.560611279289 332.86369012259775 464.2259951523416 
567.8331709042906 409.3577001384202 176.1936891875768 559.222229633659 101.0935690352953 
233.73411372331563 359.5324834946127 49.45467697285629 345.5792287345763 258.00610815724974 
563.9231422452207 561.3369253732867 347.4881439498596 312.5486409131373 227.48726952801954 
210.01674251156427 257.6938468867271 410.31262908159374 346.8537206978381 21.956494314753286 
324.06164797711375 397.3046445259003 251.5732757471285 113.8980817668943 407.9225599868311 
29.372826552744627 191.36287874893867 105.55565446056535 139.54875338742147 227.64252674188123 
326.0231619742322 393.38030061750914 577.4741956574909 414.9458376024956 57.87311857266407 
462.7401466376125 586.5042367022062 185.58831853374144 596.5456111271627 165.85981109041074 
499.2579405776005 510.79695005782855 595.9874413906276 442.86278478920315 576.0868944159334 
432.19307236761756 53.50775345171038 113.2606863323009 528.2141472172553 345.633798244949 
210.71859845600278 515.2330407474147 518.9372642132771 327.7660274305763 546.2112498453164 
520.0412400510615 607.7389035995366 107.63644968391675 99.81215535590455 598.9206418130331 
552.1490399227607 235.7015250326929 318.2621996749316 569.7943706604905 232.2022900932477 
552.5811637268037 162.16313270360166 401.1527117565033 512.3342562027954 609.8996518320104 
164.03471662684555 400.4416745986405 305.56054228367384 245.5579338980865 477.3265942594734 
264.3047547532319 154.7822474304638 465.78062429342543 306.2283558727713 218.02126176453604 
596.061748882448 136.2817468820512 256.12183826388656 421.48537943522837 518.7122958564306 
334.8929456739382 294.5191824458115 369.0693401284947 287.0454914782275 167.9976520345217 
562.3304467918498 160.71474964804023 138.6200986660813 403.1153757674031 425.3046819919823 
271.5955918677928 123.83614449623211 219.97948495672273 305.4879830230726 197.69682896820854 
201.71795112887847 132.4524943617098 182.54241107928297 104.65222926896783 456.72988454047584 
283.62242841555855 204.7695197117105 157.18530722253305 351.46864136558617 266.4241579217339 
599.6822663649056 156.49687791825284 280.07556558088663 172.12929885159835 23.968878156392353 
462.94335653064405 437.21319531416174 319.04863045098995 42.69271683740808 531.3491217772539 
567.4492319975457 263.7905629451176 177.57161790366354 536.2970872307783 109.89227072863928 
247.4195360534794 514.1806370356339 314.74089342815364 202.9224617070268 578.858106591936 
207.92182635867792 203.28275286259063 163.8613745545902 607.8764320300609 178.6049155879645 
97.46049044136917 408.4244097307336 290.0127965221881 433.4825339595525 410.3876997366529 
524.7997740410586 295.76925731919596 608.5838256608585 358.0905352604018 567.1976103197625 
366.4257228033172 468.19006336942067 548.8851549679569 583.713159703501 568.8165445233645 
252.29620649051046 204.13942709869025 143.34755104733694 51.4132518673955 311.9019505879684 
487.7626160449557 377.03015401504405 54.05719435547068 221.97622800986377 371.76681781992437 
397.48600545776816 73.68579618545348 111.93871067370188 415.24408780330697 512.792411016206 
238.39624612903185 503.50214537267556 584.102597711758 198.46803933532266 292.1903497626532 
95.7193631403288 588.9060729269983 542.9386331785106 142.74422854975387 87.07856504736229 
568.159806895317 31.222873877280513 474.54675816186364 374.4906678534207 94.38729362511654 
281.68219706795713 279.7503187962567 119.01260246023426 230.34117285716448 100.67840460550686 
309.0777632887759 318.1500937790984 312.69210425112374 169.98260685541632 595.1292607161203 
174.5838015480184 490.53950209148684 31.77954141942692 150.43277376472554 201.16259658066303 
196.0877692082265 386.1106907373329 492.5819840227218 552.0076597574752 274.8317604496144 
465.6002490909985 398.8053653575695 619.5711290672496 452.59538709376864 202.30751791499344 
42.310072014359484 87.49311164963079 166.76687348931262 251.54940890108773 412.7446232293282 
579.1008442613684 139.07462648553746 287.537094246888 273.1238498278963 591.393564306925 
417.24735858255417 335.6702555480879 255.56012483491543 554.3571296661341 362.9022063147567 
456.3328052817269 448.14433909608556 205.45181981939848 213.00466808236573 245.03385871535983 
175.32071099345214 619.1173520327759 392.24407165193566 363.7376200831581 424.09885996150587 
581.138665802854 303.66827484118824 68.22604580046482 518.4470853652998 547.7163439208666 
274.92142136776613 446.33793514677865 594.2105084348732 579.0852904111808 287.4284956104023 
431.92825307416103 576.8979785842597 387.5256454623176 65.87035074060503 409.3913758041751 
314.6812274657848 189.60936538065164 455.29308361345653 173.59213092557826 268.9502927873358 
602.526532621577 163.19537276109457 360.04819301577385 514.7687712392313 574.334926746293 
93.93762158503874 410.2078003755579 153.57280185896673 287.9767291340187 52.81662590894177 
86.6663851926065 590.457343650812 528.9060219378928 347.1495409327024 303.16591732035084 
78.39371584376418 356.17093176262534 561.7108265163852 384.2207283312697 81.72197801587463 
466.79405620041683 535.8660218308058 419.2135221539321 361.2619620062615 593.295046054952 
319.74599701078824 125.8053970673489 33.38674294920106 424.1989322161523 236.8055462589981 
187.50355406952588 405.40221383011095 487.3741728335071 530.1099298032229 180.23044933855417 
139.5765911309555 186.04391587335127 219.69325150674598 552.7382043839272 448.1636187828982 
527.3143945933812 348.3323823526958 75.71195561049913 371.7630610652676 33.064241592419854 
143.0800528514651 124.40593454103362 143.36243495294607 73.03823216702222 569.9010972833323 
309.6559827714959 190.40363066577444 609.9895242648788 508.75541471084875 122.11231525678204 
277.21818763780095 496.71390129625917 326.47145532954005 404.53624941208295 440.17493277449495 
414.8198660463854 174.75402507925085 417.00459292817027 117.88379738958619 95.07834675983203 
290.6700159190057 209.86558212938854 428.7995867448763 209.1957071776503 526.9560647940866 
169.28996095462713 298.56929059691487 272.85392441632666 89.49162799879545 550.261087919711 
89.46691878026246 249.86147894777616 409.28136220489375 361.8476656118289 134.25938317600514 
497.2589680909766 426.29052684695233 519.603091833148 326.84734304001853 241.22295598200705 
112.47719631659197 129.93479895646936 472.0247183239292 323.6119954371723 611.3649474830163 
121.2878175385323 46.70050633132326 508.99840173120384 321.4998780470422 386.98582793581363 
374.9269147961881 392.02970923487055 201.1356257163785 154.57385103180928 369.07720085697747 
494.96341328573 521.4901319506482 46.50598934213906 539.51734971269 295.2187717741627 
245.91802142958178 247.02228466984556 125.11499584539798 272.789559391063 162.34216664929096 
140.0582242766323 546.9296535403906 217.3612673873817 246.28829538900476 133.03068905116208 
337.4276998215036 584.976771431997 481.86649208512483 531.3441304500178 447.5660826554844 
44.093982769851266 118.04301723118942 278.4607562814011 584.0884434121232 500.8794292709069 
87.54657747255138 326.37839140776555 379.3773984462343 443.5813665084782 265.7525733323714 
351.35979790780857 146.20663749577938 195.82626263948075 196.88912196160345 479.7572057106364 
319.73680280928545 218.6823242803796 64.90852937107168 38.77586059426988 39.09861447187087 
151.33394738451378 36.36818388190042 497.02023774329103 270.90733548313415 430.2106753779595 
452.664406671597 109.66671434675465 227.0519839416903 76.4145351485638 98.96301210498133 
333.10651483405474 579.1032741309011 591.289444904021 127.17055629174759 423.9025121234943 
121.68388608556147 249.9764974383981 360.2896644616353 586.9039264690177 287.1450499044394 
432.798790471238 55.502563120492134 587.3622415292994 263.8928164006642 184.3196478317851 
353.3262925148228 91.89258041032396 420.70812999496087 339.9178450379313 390.183452676858 
553.1238836573956 89.40427660940556 309.7237769197416 201.73228491316752 202.88185925645823 
508.16544248708607 159.7601227226319 294.29967825829686 268.7483908374908 477.91022938659336 
380.1309686917969 511.7610771000402 478.84117297418214 34.02375925871664 280.10284969564606 
375.21082138329837 469.65730894648243 585.8022362060078 299.921790589253 222.76678384042566 
461.82459068640185 325.95363906572544 479.2098759307987 226.85308152417556 118.60428121027363 
62.49833642089944 71.78512923867575 516.3044891626844 51.98912372820162 575.4132750282873 
446.74851203418046 380.63647019340254 391.2402144496237 350.3637167522443 365.6817925650208 
83.8243859401882 578.7067717297514 291.865973827602 475.7999558737693 564.9358032608196 
507.77217482526146 568.2251488330172 408.90195428031825 52.95956394715407 267.77037195922514 
90.59145883798783 225.96358170117836 573.1753708023009 110.71612484096907 278.4790562276812 
97.21618593805775 272.40765649504795 604.6930954635349 514.0908943763341 57.55491742194303 
440.50746776416696 88.74330043896089 437.79353726232426 27.120402888706746 455.4061623652771 
494.1018269353461 387.08566236134953 436.89741283235975 229.08457533696892 346.62048299741275 
431.4039100416535 349.17445144510856 481.8015100933959 115.2242003186069 405.1099047936557 
312.7079138862576 321.9252869159604 221.24385777610598 491.0021864545465 542.4345116013501 
158.71195848213944 373.4693750892093 256.69677394219036 163.5759279283222 125.37413511044977 
43.766722560739325 196.22018459551606 409.9791588429032 539.7841053555214 48.102656028796005 
379.15851093633324 416.53660389804855 280.15493088172497 547.8209347471985 559.7064807677659 
195.52932197650483 503.0433308894236 536.0137553260358 247.96016053876983 336.7375124409429 
281.01808419612877 423.8321013361331 395.79700884285654 121.16182852573914 287.3377865983708 
491.57887134895424 99.68715902755865 88.19913204965728 204.9815083322811 119.4284626640092 
472.77949920196164 246.11681932426674 287.3763278394964 462.6165080923959 388.606567199635 
265.66904570540544 248.16536265230408 185.9436620956146 148.75163655930868 346.6988847852065 
207.36003667617572 422.4370397709691 476.8221407207306 397.57002236324604 171.2204863155543 
471.01312004607377 591.072923256759 117.27189155423106 73.20760779257958 97.98596244294205 
458.0230903002134 320.0417195306799 153.35069727844868 457.26423137943885 479.4103955510234 
592.3476291864787 403.3744141748633 594.0810606528582 414.82660768677005 522.0761634017541 
354.92865706704293 447.10031018793626 92.37796490574584 489.76821873275213 38.26535537700498 
413.7431091132599 409.7141351331876 561.7470467798078 88.70564553918723 293.5782685408236 
277.7696301576169 374.9821535949024 328.24145707885333 574.6205072865233 309.5614185633726 
53.53268832666758 499.61502658918937 177.3800694359922 206.38634150944594 546.414254282345 
380.2202174660374 521.5075652348602 343.7622863270759 126.73279171909107 253.1694360874226 
129.87786901769556 209.4566549309906 141.92925543776022 462.86967807999645 134.95656143788975 
295.9461311905829 254.9789555386274 132.45176805080285 402.29300452259764 399.6511724971977 
166.3891726534745 70.39626831196134 335.98353234464753 29.28927884765207 356.8389026024551 
43.699927751693785 580.9486446698572 175.69064796444692 540.3044267267816 544.9264369519329 
186.86788753734487 445.41992555596806 67.5144779090308 130.48523106583644 148.6162410760478 
110.54794086908244 469.57874770594367 557.4819411525555 388.04568510399105 376.91698017523515 
281.63343755028905 296.4846244028884 191.95572258038467 523.2436179825543 36.3477469681647 
347.5489671514695 271.0966879192837 513.4025468563605 67.13486318750458 236.84672968992035 
555.0494011878202 34.23542117024101 310.9113316731217 21.240935230650987 587.8251695413281 
261.2282584880967 50.24851054485424 278.15149536080185 539.0296656259297 404.4013468440954 
484.7598230112549 608.0551811377127 395.43450995732144 436.75523291338044 571.5677208817643 
326.9636455764543 447.8004312231489 557.616618641061 124.69380953925491 376.2231786930445 
337.7954873008862 93.22793354731203 313.2162307201696 226.97997684980442 79.8523416380155 
486.9242985174028 248.03777583588231 506.65474614727736 22.808305774187648 381.2416438241327 
497.1086339575261 24.770247265579886 466.17166432488557 344.2997195432346 518.9474841263786 
25.475766902494804 595.858453652152 142.80376557957342 554.304652827768 444.11193992689624 
154.2429825541372 414.0085928757464 65.8111044051183 95.15992974655579 209.36624384728714 
338.98883855056164 565.4570970108047 268.9186815815635 138.14566163511898 469.559007958204 
419.74407070476326 564.2539029848941 88.43013985312155 211.1873301661192 572.3536762934467 
534.762544415879 334.7440133459227 614.2469370244103 74.17769480435433 475.6965817296103 
492.5637731889425 475.9481643370124 60.5524298532965 228.98988679908425 505.9712166845076 
305.2958027021749 165.54157760947848 433.7318048488261 73.52680880802802 53.4149937145017 
313.11102697546255 599.431229187152 527.2070441150083 61.58951415946135 575.0396885644074 
529.4150467256676 129.24947518509015 429.35622882923786 335.40972909572235 371.70456168887563 
301.7492457877311 154.99944117978663 551.520287439794 124.71368596587239 253.85085296024306 
550.7888375213483 451.06816963232706 175.1126689098965 221.37879289851443 185.304990890749 
555.4394873302504 395.2011237452702 83.75100707611747 555.1958297250951 68.9558130256493 
277.1340473915742 73.0187611403842 438.7081313625065 223.918677908878 331.34464897912596 
239.8767254796561 233.33759301099417 121.29624050716959 326.50766151385994 291.4870375317861 
529.9414105710214 556.8956345951622 298.3869921988153 365.96110131705433 325.65686877902306 
272.8651240170018 204.91134563719362 458.3427835661698 427.9699669347395 424.3693806914577 
254.82167095384554 562.9368736852276 352.27757920928883 201.28200002866802 487.2340894118878 
146.82655186491388 565.2871335636999 294.73879801771693 129.46212226887405 519.4234420031851 
476.5973306265718 448.3957225817149 410.4419603858381 612.8942753806584 130.8038463274474 
284.2350620403819 257.1045014563172 238.30769258411044 502.47366927466663 142.76376986576008 
251.03786507623704 432.34498162955254 446.3317976272207 27.44767350767539 372.78428586535006 
259.418606115711 505.00416549644143 293.22519424959387 611.1149473396147 384.042138075099 
526.6603761055492 68.94443080811268 464.6266165120709 478.2954627645511 394.9001609167285 
353.56736327683245 113.00386096866933 479.22889241415044 123.22724477176466 275.9849362505355 
185.29040888326955 261.0500248839817 516.4542903867525 358.2865497426521 202.5137153502117 
236.93703342147012 351.38283023467613 372.32810565224395 122.00615691787682 155.3222637018755 
579.1017921011442 529.4420355754767 560.7668238243258 105.48962317902648 401.24843246976644 
493.1331850265599 425.2075687468945 97.32992056080911 222.5754941288275 454.60424361367967 
424.6271072232496 130.09745715221288 232.1681294644938 260.95464540873473 95.75685984822012 
415.01191612173955 315.65461593858237 535.8963921279368 115.72235375565256 366.54924929498117 
550.7544275678696 282.8308440614935 230.76389584134537 527.2652454329565 488.5073446861455 
610.1300341874457 78.06021453690424 340.99556453563025 372.5276888367481 368.46636712359543 
127.99900163764597 439.27595342064285 398.62700297856793 240.03434328921404 124.23784088801717 
255.82651205429514 267.1492772643013 169.50816546012038 348.8995487049718 533.9435783633179 
230.3621880954389 376.57899772891926 390.24540927242595 41.64316805969786 187.24842836102627 
139.91540771855972 440.1703249168854 559.3995416774376 128.04050268736654 92.3910526336488 
98.86334164562146 155.322777238992 580.8429896097815 117.42311764593595 613.9776020499306 
512.6191219159355 62.68605129530021 86.26537497342551 431.6532346286852 224.1776747661724 
487.3537054594214 26.09955543381613 486.736994806246 119.12737507792038 432.330823390101 
58.76887847998087 409.5425824423438 36.207969102185295 117.21248048082009 599.9973207394783 
576.4950353656019 208.7985944278308 95.91958295274976 458.9385718838225 482.00329807189166 
176.44798111639028 415.0642049428876 227.8982444384544 258.9045305220858 287.74968980365634 
540.808769744557 502.07327294809926 324.8238762007875 209.40645294041934 506.56247808470414 
219.15201099392317 281.7936343502114 406.32719584158326 283.8589697028876 558.6191000579728 
146.4753454344235 107.60045949920763 528.758920629737 190.60850697260267 538.328712396372 
423.1881371048294 206.1212003315583 214.1487637172377 403.0710411065032 426.1830808337248 
544.0864565217497 74.64397170306614 598.7709303404149 565.4745221289036 321.1169172085964 
100.43449254930077 221.92003326514038 323.6648665078444 37.936076614432864 48.28084725846807 
300.8265715976836 585.0817390745378 276.7118891328501 597.6148486123762 233.6743663008701 
328.72901610343115 99.82761628621111 483.40144846308607 98.59116879814661 211.02052665286394 
290.58357981123874 107.45522192252322 513.0700073985611 553.1402981553857 188.1740597122549 
418.05524281630625 270.0872926804218 597.8728645396563 419.28256805809303 397.7019997141782 
528.2615440463635 50.74773881908717 578.6397775953981 248.86009349157226 483.3962174477641 
470.34144800251596 260.8874745351345 117.53067418873475 198.7507155383119 22.581084740580675 
596.092372020531 544.4970496679002 21.383163072677497 463.89309095781664 591.2537750117017 
184.0875087715603 561.9085862456031 368.0409641335885 130.14836536093256 280.29896582590675 
165.0164945297618 361.49573112198635 33.85638838651606 340.12508027218377 148.09148135595544 
82.18281311856957 534.3125767743472 193.93292765660763 35.28049797718314 326.4492205414043 
263.2258383053097 382.73150472267423 564.3507789583637 599.094580734873 408.7112891068213 
162.1763370614923 593.6819618745351 431.3099685561393 241.97840411671476 363.1534497122226 
586.7363036633948 381.3681723928502 366.4191749118581 498.786821646762 301.35057644813537 
582.9091645062811 191.43980966122717 57.712866162702156 61.19361233166732 255.6646004734868 
283.3799234703646 273.46577648675367 136.73298610086817 543.4648975755948 595.8627851693745 
409.8174797783415 113.0548902785663 594.3729448935669 131.92062692591793 151.91585555128145 
271.8806333473724 347.78791002195044 140.23837262898354 43.065109224736545 565.1237306464462 
243.36305658114458 497.8600104719697 456.99198811380387 107.33134510074304 216.5812386043784 
81.70091650701968 345.4415562273445 264.35356895655303 495.83193680609605 81.21024284043655 
150.9463090607213 165.5847015438809 265.83343575271795 354.5268426440108 224.61242074698066 
617.1198845993771 612.2439845907339 80.47265342710551 38.76676617334307 143.17110264887256 
312.30570575598455 308.7272208507065 34.30859536315772 33.08620055587191 186.36489315341186 
160.52710124399889 292.60949825983795 21.314635162411815 75.112656456115 182.23400838896055 
571.8055059204933 577.6637964129241 257.38935184731395 104.1151789829806 397.32497072612426 
335.1896104171614 73.39690337555544 606.6801218583331 446.4960939678373 133.0651480841156 
468.1624686578081 246.91705996562536 617.0777925897768 101.7709920161229 520.0973698164973 
446.7731720855225 519.5575991046478 367.9511791723999 369.4949803135914 396.2221623229359 
483.06042504332316 506.27839599528374 311.8113142242022 473.263009538123 114.71199371311943 
215.6721943345884 370.5721382529156 533.19359911247 602.3004820535908 247.21400768136212 
614.7501876324249 569.5030221481801 300.0803248859213 361.102642169143 235.45646266987418 
598.7262757920784 287.56187780695905 239.99411573131243 146.78916472874545 371.6051274310131 
141.13062827341614 436.0695064615994 225.68413665298448 262.89883621592935 308.33973606389986 
579.1745002820521 455.6104781799105 42.18858853941042 24.719713363702848 23.3746074195665 
388.9551789968626 178.0192828092348 262.9489317827028 259.2695008668254 492.940435517778 
277.722515672395 354.2286726739843 169.41051338396326 93.91741803873467 215.26441844317202 
471.7065555850283 554.1648490348222 584.8802929294524 49.4621735379683 115.79208356082398 
305.37029994495475 511.0441637017711 384.9129624885073 291.20797472785966 355.124288025793 
498.3307490231474 177.97898311112195 415.6210769928757 477.0509374155189 139.60559115628936 
540.1724885694158 349.6967185696189 567.3898856223473 303.5103133796312 441.2843205051311 
88.42000953553469 183.25062405737657 480.7340193831076 364.60003649600236 603.5281125345256 
465.37615193863934 132.56731296079317 116.54701907881193 476.8970112387584 122.75964037619154 
556.5827940664063 543.1165816598059 514.7266650455454 106.45786826813205 334.28577330379323 
455.40469547915103 482.36822614377627 549.9451491691336 375.57895810038065 616.6151249638245 
449.6371403707048 103.35164934217465 524.8848839281518 392.8687342164157 186.45578564182142 
138.92960604867955 443.76973206142424 420.1626402155238 398.66949172635765 255.09137758019807 
234.91241899469367 189.8230872339387 143.87959962150532 456.3630173711122 22.262657124350497 
604.7956778171535 517.1374355903315 336.5971740553983 252.23169747394834 109.11679459526194 
246.34280000194437 142.78888910752872 430.75954794414537 142.90984380043997 187.19085050924028 
346.8383219183061 161.10244492222412 425.25026652177337 257.51105569870873 102.60390689048955 
497.1841973887242 117.24288151440656 100.84191546334189 515.5898338242062 177.3553646403762 
67.65535807327694 519.0854863313441 202.611494757807 53.40378394885983 293.45164653896455 
464.084947555806 168.78280194520514 379.66040480422424 197.56904424651506 127.96950100789533 
379.1689351987376 377.0440488805083 176.28266637023725 422.1100150223149 552.4484635117223 
36.88886014741775 418.5010486491648 84.52923585100261 453.92839471940385 79.39828331266656 
49.33664697583538 205.6103747348279 515.2560847014161 331.5691785566478 520.2950636510897 
311.947800371943 158.17162693967742 539.4299599178728 498.426555181169 298.1835330338353 
349.6445242947471 579.4364681088557 256.7838168227049 446.6733282222684 265.73841133605356 
183.86920137032988 118.52956745944024 324.826148936169 291.5475620337961 245.0758878347225 
457.03783613895916 499.9606669201518 334.5488304485282 113.40292912945843 104.33267501894292 
361.5226411375727 578.7130408581684 453.6596405764914 370.20797206346145 490.5068987764196 
556.7191843858027 374.95885795176855 424.3721642347397 165.92759268734596 367.61563079300714 
498.77784957207103 543.9616809831026 548.1806170243493 217.27169015031018 380.0831260246789 
478.766672911376 229.14181475426375 608.9635318838472 446.363028192775 136.51303870073173 
588.8448543352204 261.4380507196849 169.4117440065635 340.5441755341511 148.58228853084032 
381.79868255451873 534.708504932916 362.2465689225068 460.2739006480793 70.55654072715139 
423.23581379919676 480.5626158770003 21.945739406778692 186.19096959677034 70.58037002746224 
570.9347302777273 259.16379126665214 146.5630691867171 318.16042317527916 276.02427190360646 
362.26602669588715 494.52599722712125 321.4233594401557 460.5492004519467 519.2365143972347 
205.07584822425233 129.85732801975388 402.58398260184333 234.06528186123893 61.38672366498242 
303.66041247153595 323.6658993188383 170.4379962420889 177.07389580222585 481.91145347735244 
410.05098194169483 510.59874606474136 292.0287372442774 167.08594322000806 227.4638002446439 
369.229975407055 219.16919809450843 340.76098601860247 181.68457688511216 552.1934009184318 
369.449453690512 475.352919773268 227.31743568789176 99.97532405889267 32.47273267692171 
56.73138275972947 177.0835934518882 605.6803969078476 240.05083670228686 82.55367513416397 
113.98317309030489 47.417428270074225 190.05416924924904 151.1630074638068 158.66946120144507 
24.921087262489966 357.89608440174226 105.89449905482576 194.37924764785473 40.25313134236404 
372.9952970625406 349.6326301516194 301.76316411830265 612.4269936088151 287.5599374371094 
494.4638990203531 405.95955643230894 565.7994949190398 215.0372997511182 361.26850869029283 
188.25588355764089 382.07335024822765 65.57274731816946 294.0946779035591 464.6811736301378 
255.75427506774315 55.82169428499675 304.1594412799958 183.87340924687913 242.9064997513302 
420.4583630991481 108.31974335414922 146.56561819121748 443.05021615197245 102.72504580143256 
476.8573651556217 99.03426916943938 504.0450549318082 351.3656888875484 455.42169809616837 
602.8539141204662 289.802997088328 101.2874359638555 175.97384572027272 233.3016543266162 
100.67472438193816 165.2940328783308 521.5760993750073 408.75534953509685 186.35301327379315 
414.23468037783664 59.87022812278087 303.4290802630249 41.13696697260916 72.91221662099845 
610.0885708382499 445.7899926020152 521.4008645429473 609.0942995344411 558.4415719786707 
154.9997719445823 575.1113367370576 42.971395345758204 186.7255567439907 517.7250135291958 
323.23660726964147 54.40525669200909 228.99438264560925 157.65982116285213 182.89162989702479 
615.3116742853749 221.13893754368902 600.1046650895395 272.0627393206968 224.52135093765853 
358.2179915318478 383.9451030547103 285.75574015402157 172.4624002933137 524.3843146145834 
423.374113902191 183.4109670354575 613.0085112976665 510.2497597812403 71.70192044489141 
377.42930718231895 369.83631204245313 182.5330580189804 89.59690342425012 262.65269611667105 
554.6357639089654 320.8340382796142 70.10141624455171 76.64304656495587 224.51735657938946 
186.37813964215874 222.76628558133507 430.60325090304207 55.9598677814045 37.57481692726826 
169.2477136727128 600.7839355163494 162.64229293373796 157.23369359436256 152.71026457480917 
420.21993378217115 534.5038829013292 106.28218387700153 613.3798424151158 560.6400085223491 
125.37598890511521 268.82830834722944 432.5902858104439 344.39371463750336 366.52930857826345 
103.41250086036007 297.66735684316967 176.23905347037643 433.4805764306931 265.2921087191837 
389.99388734325146 234.83476043566125 543.4021004887283 314.60235271662884 348.5998027551859 
413.780926637706 310.4782464862524 75.23753383247879 611.6208623333036 52.0516842547554 
336.5523473701311 259.2961951286467 187.9697778300444 343.6637413477413 364.40787574571857 
521.9339585633843 461.5634018991141 466.4245182240217 71.02776382691553 461.46785702763725 
180.44994789150633 219.60363972164527 328.1753374776808 229.57590367566223 533.1797579227027 
510.37148637070686 507.6409321937463 566.435624975806 364.76358535938385 378.84854538632646 
158.4976173783024 425.64523249833456 134.56187731152716 201.6094924375836 333.7101906377193 
103.77131632840404 368.4490903334474 463.4854188115086 593.4406404633054 539.3668289983799 
307.5966098562769 37.508353963534006 462.39443125014714 396.30284496659004 206.21805174558315 
462.8414578403701 468.5508492521659 496.25823557563194 80.62076237578069 60.53886756382023 
440.6215175552789 115.21067746209586 461.9071927970242 276.97891707832326 91.58060029974382 
408.77294212584326 54.66988739031633 594.8144416594882 465.6105404830227 381.2181036777721 
354.0240084556762 501.2837920090937 175.8071868503702 363.0374649527138 423.3207929122807 
153.72667663551684 309.9877384620857 511.87504017206777 584.8861978315493 532.1481219689391 
231.94571560215502 601.6821127108726 326.1278582908361 418.6746286771569 255.49624703641982 
314.935844734719 473.3547886122846 293.74616678886485 318.6557347635068 602.7655869013065 
35.65299070764527 588.8877349327206 135.299539424175 227.8306458449776 471.16107425818046 
485.90426487985644 451.6414837617587 354.79328727913565 278.08948607424776 602.3426101091928 
384.8787055406561 203.230620676171 162.82721643522325 453.0644308756573 371.346055176546 
527.8293624068697 187.47951269913082 327.77354909777483 601.5233236161217 40.70685060768078 
449.1806959704047 574.3417777697116 569.2392587915618 40.70251876419 193.52540994947506 
427.77674009971037 112.41625074385847 264.48306269837457 614.4624558671337 474.6755981433814 
72.69912070946555 324.3055839439104 542.9946901488643 393.00829107040414 251.31205966727677 
247.28201125233284 177.02880343596777 557.0742341255426 288.4872902211936 380.98882840446305 
554.718846528974 47.47598454521596 243.80926932752814 480.26572746463705 423.64704024822555 
555.9537673759959 204.81816220469375 340.0470144864725 108.18587335792097 24.92472061379392 
201.21631105711168 289.06941810014865 527.3849227304933 211.57029216423064 52.02161223507019 
609.3001950451596 65.72653847841006 316.31585814931975 123.01121700842735 295.92914284538216 
549.093743293651 565.5461068196703 521.7996975636602 522.7683287537991 128.29442166672402 
188.40011007584368 607.89512469459 327.9032837445171 222.48531362836673 177.48957768423622 
245.07695292712745 384.4394840904671 424.83969646081283 373.3843815940142 173.43946800240244 
271.1876860201427 422.80254171302084 362.70875156315503 228.44446447085716 608.1320298690798 
535.2766509871356 29.69220714838133 284.3269574954998 571.5246356816256 419.08390204740056 
551.0187211443563 549.1977351976947 53.45035186884444 447.04496119729913 173.81802306473415 
389.1863008338323 280.705517458907 210.02154430230848 266.6427478568087 408.9682659461087 
457.8344397789454 145.26472992554002 83.27515515806859 66.02064989844365 149.16727376113576 
443.4132236693689 229.20717346023542 45.94894577509217 464.7032148183624 536.485278356002 
170.6375794257135 176.229841676767 264.68256184212413 219.20795009301682 475.8299996667995 
605.713050590127 547.6915667383836 606.0276407259803 228.67543347387317 327.22633009042966 
337.14370304994327 276.14537873641484 604.3032654348646 470.62714952354986 530.9811762037343 
108.92088296453542 546.5842026816641 143.6449562870602 529.4403839275217 461.98897297373367 
37.36919064239129 347.8576910815558 205.7250912598846 294.4321156263768 197.30780014971612 
447.1463651711194 134.43106893111195 187.35291755705663 408.090045906834 615.9713539944563 
342.56598189061117 564.1902413541488 595.9552498606938 444.8142693394305 398.0081918218523 
363.12275066546766 166.3117530218868 230.12908677426992 200.2482738314922 363.9035665092245 
229.31121892089894 226.14634137434084 388.2570944379818 521.4698265950333 306.22128306630304 
485.8740013825363 230.32392471087064 608.6709685169667 56.44026030215335 468.6389982450651 
610.7087173180605 420.45935427982164 514.9977672481716 141.51293772406902 77.95194533629845 
141.8870257281609 80.3848152577959 251.96587665153783 269.68601982345126 432.25244526774924 
442.5573785991759 199.09185542884103 578.7917957665643 127.7407566390973 590.956935179657 
480.74999484042274 475.7441878745908 414.9016391798004 392.39193534500606 43.96483387493235 
451.9903745373585 477.3081249324946 578.6237988919331 615.9297305333849 499.20455330513084 
367.7404118019848 533.5012930071484 242.95698890657735 589.2628469097344 608.2383416317049 
219.48697620813 414.7185836751854 569.7822561263853 170.3662411269386 133.41947606222055 
301.1210603781516 40.067236145444035 38.03391519436765 531.3553885772417 379.15859436149515 
122.30776146079319 505.21758450268936 112.33450892571655 77.08770181653664 192.87268393183305 
310.92441825307344 500.9121053999649 613.26758134932 188.54194951245103 463.744503138031 
218.30210272235578 357.00963760475275 52.52156324057714 158.33396653269006 381.9747927306662 
188.78010727271916 35.08509596944829 536.1730278418265 123.55295197387446 487.0994418176986 
313.68525139528083 392.9425932286329 64.84998870868756 319.48219291555904 347.3795595537224 
484.8633866956414 541.8939317769036 564.7611935198554 330.4136840473446 236.34117462925687 
616.7810939602822 244.13978501165244 59.80622589226574 201.26185773124618 467.20293172038106 
88.31576265579562 281.77871241184044 380.2803048433724 293.4901350857076 518.0209552205392 
331.8746406544597 246.4464477786645 433.0174651232952 565.3199366398685 433.6111162419034 
481.5127396532769 321.81323417625293 213.01190627483197 370.50703312121107 575.2662857260572 
93.21707594450353 379.4792490642643 196.33144688522086 390.2297715915172 353.42987823851354 
326.3266645997209 398.4159127911575 144.0747525431838 23.79944948730988 216.15456863998472 
278.8745618418242 612.0911473210762 89.68591252999265 497.81054434125554 68.57556535937333 
102.05646876784827 245.75029395402538 146.46247072246214 438.7079536411923 503.8489341206843 
177.51028909846787 135.83735151096613 424.7872111401106 66.14782206059442 569.0068989731989 
69.96926178172525 327.9438059834442 502.5650270212204 276.4255571140773 51.80039530204992 
108.33794663298325 379.5515042142293 57.51564379076473 215.97889374557366 135.5447905556623 
288.4223904705143 596.6521173458672 103.197167996322 510.7534289994577 453.8445524688097 
115.38296785713906 203.41452234660179 125.62366263787928 381.1301552259606 608.3062363124532 
345.3078141613381 372.6442900386053 94.68033769657987 94.1203626038076 559.2938569945686 
571.8365258586222 269.92233354647794 21.69174411087254 591.4673667859466 528.6464003615223 
511.08417312142905 120.98293290422163 395.79821723749336 587.8699315029058 577.1503717308846 
538.6855902672131 481.93168329904364 498.4546931917743 508.3427179164562 48.40175620676821 
545.9354522736704 354.02165591048146 555.4694640067672 275.2170832654341 361.3372111116356 
423.95093671217177 164.48716226859594 224.51007957295036 457.7964508233534 439.8753034858368 
218.6185160111361 354.84083610611964 264.75439045722817 252.42512862244652 290.37011791438425 
184.76311769231307 547.4055408734487 323.06856991705934 205.79395902853972 573.4035654166604 
312.33493145900525 65.89068725141625 373.33623649860453 364.6517156246694 110.1645244853611 
604.1553310064493 279.6173211093257 34.804587650672715 412.5527284953347 56.49340793119702 
104.48668539591834 533.5097019260402 90.89060247584946 217.56144535417738 357.6964164872483 
57.850052609787824 174.03863985136758 448.01410863754256 589.5372172449256 49.41503497631977 
212.44787157615735 338.63432900951193 177.7804528097617 54.200909817465195 526.0088957282674 
463.46509453641266 143.27016847078295 235.18463969065508 362.97273828624327 286.78624397508986 
296.50875666766046 477.4147463256275 147.2873089536554 238.78036544084827 567.5800068167681 
175.46308213603467 541.6929856735575 124.73135867875769 521.7533364711351 543.0811785593849 
203.9213286264082 582.5994901822318 213.11286150858265 34.9048987688043 263.34058699367984 
53.81659382403053 278.5551709135358 20.051187120154104 295.3916550638588 282.14534012091093 
524.4995398427241 197.4507278146053 121.15836001013541 505.4461329197597 608.6541917304032 
592.7600503303516 309.41576920892373 255.19549851190467 569.1825532296858 126.69717573551003 
408.5002519070143 228.59975395120506 303.61309933456806 494.6441492109075 85.34511274660215 
448.1474843064899 249.83667436471092 247.36052160236724 99.02546490076854 473.44492407798145 
271.53488168721555 112.65140696313891 186.15610221412928 580.177642868172 500.38343232779926 
547.8339151555325 85.4862660889942 571.0425545408667 237.37411240083685 262.84558200205277 
479.03477593910867 233.4938332431441 165.5991745740554 403.83870781380136 177.10961117629972 
209.1465901210591 76.84192525605599 37.104258078884406 424.5553375561762 389.68192539627694 
64.31705791259381 523.1691432612756 355.5724792592502 304.09731245247616 83.90486629800785 
520.9105627853106 174.45230552955232 112.14588836557279 136.2226331978742 111.5311362789489 
589.570949962824 368.8084242423225 471.8773687024107 282.23870831665363 377.9865324320361 
74.64182249260168 172.24329642471756 359.474500561194 107.98305422082176 476.84781158191254 
408.1080694584035 331.5332248539721 396.9048838740677 35.905573630703955 228.53140506132584 
150.4191932513937 31.625385289182375 322.61214080994205 482.2597935245613 252.78191785747978 
28.99372460435568 160.37421096290495 424.0412071418023 489.7750978694414 63.603385055586166 
477.59517816949847 508.18337980167473 205.68267891139112 240.2261536675402 485.0011762045638 
421.69951606294615 555.1557345514187 338.25551575172 142.74980990706922 159.38518351940508 
98.903957895218 205.5029215636662 32.16527853434009 93.17005508939931 67.68552656253556 
328.69100861416536 96.94388351295274 338.08836679552303 434.4389903588303 557.9871679902673 
68.67329832501747 467.21168167351925 484.40103882573044 512.9215515921285 341.5097583443641 
177.88791925320274 323.0538292751138 547.032939933923 410.8564991875238 461.6302099580305 
511.7457369607477 498.58656294449054 540.8876148050666 179.99943104811362 170.82907835221215 
204.7073068270077 475.7607577555028 498.8241488561876 40.15872727957033 506.2722965953389 
559.3625444332712 383.1016585384437 336.7953671384893 20.906425927152952 578.4305302575098 
104.92405619611183 199.75701729233 511.4247211334502 193.8952912577019 466.7727708391468 
261.66266179752665 227.0652047619 175.28654411811928 592.5257011542777 437.11173928818044 
344.8560517563192 203.04689029098574 288.52036219703234 167.6432014467832 588.4607796856138 
553.5971922362057 527.0169947450177 113.11792124873641 451.84515420580374 131.99693940981564 
554.4052793605287 229.36824334420058 405.1097256120406 267.04377746189067 476.49857660733244 
121.95822083647705 609.831565885529 433.6556342619873 323.25911642262497 515.8986303337982 
221.25903715564183 417.3793703436949 545.2983128988674 31.16018883432135 504.7034068513007 
185.86963325553597 44.49552465848759 203.82895256249327 143.47086777066139 282.1816064813253 
591.0793789616208 42.74747777877435 65.67894374606492 304.72159616778094 229.51518089555753 
561.4856208628767 467.3009061885197 388.6989898603053 425.54219945063636 275.4846783919093 
458.7819184381225 553.9234723701991 256.7046424038965 604.218579110698 112.57070754826825 
133.79118049572384 298.72006264139657 68.21594027437982 38.91064583294744 250.30359678365653 
610.0288424376207 120.78675837506947 367.23359924049345 449.962895346189 166.86860114089671 
604.2973545077186 560.5008674475637 565.3874818052898 451.21732924543494 170.83743826427923 
439.83438051174096 417.49157001948134 443.94883948905874 357.1230579327895 546.7823383957378 
323.0723722622612 425.5443871310667 153.4791176062098 120.56282924050379 122.64883938443683 
336.70420651148925 456.7451529817058 117.6291880171251 593.3955768034336 201.2027132281693 
146.94835490924225 250.90093094815657 462.01570744895633 63.33109668118489 477.5872776603284 
176.00395133235338 382.39649079234675 42.27104785069862 419.3702343868238 101.86377193030634 
192.89142885588288 55.74336940949108 547.2520089656244 452.9954724897241 518.0724671636856 
115.27536055775919 210.61260506719248 360.83432449632767 129.79630316242444 445.4304062867048 
476.4219522163911 311.45047903785223 432.42830725547736 229.34393614974266 285.23407957721616 
26.991896329313676 387.0679929828132 532.9090794298412 409.8546727595378 208.1989119608652 
139.61963536756724 309.95614154869065 556.5257970706925 115.33434678445747 567.5518264400832 
340.76937612770735 298.4712778269465 514.8730159465075 510.1899022365188 106.28494955880244 
281.64691900867234 69.29405671481717 197.38461454038958 350.3138273047798 292.53878712370954 
397.32021223889546 341.40123647400736 232.13323291813342 527.8538622621542 381.94759370993665 
306.87242603435396 321.79063698587277 555.9462697960038 53.60966019860374 123.65899644721084 
40.46377946765252 209.82331871098236 325.8192828536947 457.4619844893131 498.2206155796095 
201.5747164861612 610.6325925067042 203.0300628343337 431.523032908006 398.06897640232995 
91.27832090316603 514.8058440346604 92.81779628129192 447.7606509452859 179.29644636449865 
239.85492102909484 494.5587334875748 398.4520629681715 433.5298138681033 267.92136613202246 
560.0038552945726 295.8535124958544 168.3126431674491 263.45345739825893 283.1310786422142 
302.7855101360702 128.1994474183988 194.44336773016977 150.01630457949253 28.866795933256167 
556.5782804038589 22.924545388131563 424.01780144768014 110.53205672801239 535.5120002258961 
71.97057938545947 447.1103185460837 231.22289075174356 24.15134685799814 534.0393007806141 
59.71297465976167 521.5959191083763 173.06349907487896 535.5058015891005 591.3544763254843 
229.59171357210784 41.81992156355312 322.2281983237964 24.519509049683368 300.20831965367734 
597.1872347883028 80.98986211925592 484.0200843424393 454.82312036003657 619.2649318243073 
461.66185751210895 154.2354220306971 109.90674360398911 492.91348250758057 414.9293163034504 
76.56437870252645 24.972941972958832 611.8168324002688 110.42560927474265 29.433889986909747 
519.6079019442957 472.5229129148746 50.11786783954402 443.20741516912807 49.422978311505645 
485.80587952381705 241.78781227989793 452.3370261898186 480.774512074488 282.693895563572 
447.45151464561945 337.1027584888577 354.0944906297052 42.50623667432803 271.56188756242534 
557.2833977135979 175.6757845092908 120.24335904081711 403.83755831958103 530.1018146032495 
127.75569715327613 400.673818233966 481.5621385300818 454.78931264157677 136.74167372265347 
356.4616147638002 586.1972492207005 36.11205161586935 389.42279367874573 337.67791125777507 
339.1533697594487 109.20386415286185 537.0108707848589 570.0407376081032 511.5621878725154 
118.04885470499197 176.85489701439616 489.2264725400581 212.89409447513827 149.9576733745777 
351.6725690847915 588.5968565256226 273.26461232718 178.38120720682278 556.1426296310929 
107.68525743923743 184.2736749291123 116.40544275843233 290.7019003193516 238.78603775733433 
113.22121833375287 233.2711218733428 552.3905198665801 478.9906239990018 455.5430872260759 
436.2622439856868 202.5893045005679 505.01410485772715 540.3108922900266 70.3067373681581 
301.4930791024457 298.1561688279358 53.63952964201673 37.633526989483194 249.16339141592303 
396.7399976698983 294.8461915750138 189.82925434393886 323.0047391980365 103.37301145334544 
130.20467327021265 94.6388992683638 151.50778080986092 24.37306811231586 259.1384694440769 
29.85358146134667 214.1034311342561 468.7039640777456 157.6967829824746 406.62968890202507 
406.97155918826036 583.7640043232121 414.156827770982 374.5827584046744 64.6479702701335 
255.37129616536456 521.5964717771617 111.00017056990217 377.27354547085395 349.2895753875859 
342.2807858781702 46.51607095758113 93.3291632755434 21.638366549916025 408.7063075610379 
29.59262891616963 147.70028055497258 175.53107594740877 576.146768273259 382.1510146011133 
604.914730617395 91.28496660144599 291.54409802138457 348.69615644314507 457.3977810237528 
207.5465645723517 293.5882548295782 391.2788697055499 168.58786131500545 180.6764057446931 
308.8299564063807 532.6391278185686 400.7570167656696 99.73679307301764 58.669696228755846 
299.87418782941194 117.37961901172774 284.42633485861353 242.06710798061602 570.9755070589496 
399.89320638271096 43.30497427817812 308.814225957791 576.5778896122952 68.69510548551793 
119.65335673090358 188.21646844817514 259.2649115930592 548.2187560436092 502.3102049917297 
88.0251107460851 342.77419330859664 365.93325195833893 428.8313922750799 428.46494516946166 
413.44633038755546 25.110060829197515 358.3147095322605 526.2008992092965 266.2612622034259 
341.20051089565106 441.23372651419663 193.08745670141198 317.80570624111544 281.6679584635183 
363.62480103721344 164.54438939942372 38.515602203138215 499.1181845454353 192.97084608990767 
422.4028360639908 106.53715425930677 297.5720008335746 203.12558288338954 427.0652945617135 
335.55024089293096 521.7235735010336 205.62209064861577 23.823309278928534 578.8980534386618 
409.0284583611039 264.70943045692474 538.176674153615 562.3666031248807 594.4648514104888 
23.460943761123005 324.99781293125676 147.95781913497552 607.8120438153304 618.2982130396064 
186.38513459613347 481.0001770137404 353.28966136203763 109.27414666006541 23.049101579807157 
22.94036088617542 211.40144944401018 503.45925134118085 34.07476846514113 22.159903285267937 
552.8275099416774 198.77453197711816 129.90454219866382 525.1604535775289 404.208540960578 
425.61502408869603 373.384845533692 580.461399735797 555.6659097889749 413.6075819503218 
613.7206090606122 237.55373137654564 349.9013916716777 560.8466549653193 28.18117966941838 
293.25373917110375 342.7202035958929 32.951867563720114 436.4013338724428 87.80042513698088 
374.82105392706353 569.2911217841005 602.1214353375617 403.04023232975203 144.6972081294325 
223.71301546179075 87.21020601274346 65.04297291204085 522.491982955255 517.1322191891196 
172.81395796724104 203.49271958225037 394.65262016356246 229.31165414385148 312.4760906064235 
270.19723088554144 179.2263500134065 207.18527041367025 132.0704992198725 69.0598407925988 
501.6421083245146 517.0649594588333 341.39274869357047 599.8575395308766 270.82202580432346 
218.07561938791716 272.25267175685053 268.1688497184336 345.4661489639724 584.1619648033078 
107.91217853971101 563.7954706542095 530.35430121585 152.01081825940994 418.7120932733559 
60.02127246311067 592.5087357002566 122.23272990008564 168.7316126845851 136.05240284338367 
537.0614303192465 391.146613144464 508.32434943839223 374.9823876279859 332.66969887695404 
240.51112228822612 217.37442553929048 139.62576886036044 26.323848105062236 462.5466252923976 
614.1166818637369 178.564282295732 137.39080034187822 247.5914216308299 94.36457155218767 
64.74906885449829 570.7371568338169 311.73590200621004 615.9894145128492 619.0028459429102 
38.77568848298239 491.77867978539103 593.4950233301417 220.7657075112042 532.2789122939321 
584.848037806362 417.5311319607836 458.4283670056683 529.8034587113664 160.0327964035716 
164.1897224471308 121.59646291097506 385.5690892675039 419.3661742916929 408.92763185684714 
487.6299243235453 285.6360294977515 535.5063681749284 409.95947656401205 604.8008061459013 
112.22435584402217 243.45774905737642 75.96458453477757 424.4136226352154 506.0192937292891 
213.67627148145615 282.9514765240141 384.2318794686518 366.30603588262846 283.90293555538057 
455.1240025884534 595.5544083756166 578.7779783314736 577.0690097553861 274.5925720047562 
536.2853699024025 510.86190714440943 482.61684095266224 534.7744086544276 302.3417742285014 
364.40424344760436 228.5798121291945 102.32643536689584 419.7419430355848 425.56164286974627 
321.76550222022917 502.45475951581324 369.7191333873404 401.7401061124093 283.3854610260793 
392.4442516011872 329.2035454554863 385.4260979663963 57.47562233854047 138.25216676065588 
579.0169931646806 334.7535319576423 419.4509068054343 259.00937693843986 382.123499824785 
510.650310168204 62.13795274193155 454.27326647329767 84.27989665752027 60.40828882696634 
386.62956664530685 78.87559508346138 139.43016461325007 87.52022063479006 375.30463045609923 
480.20950170928637 512.1869760065074 297.6276114739581 74.35746412403432 162.7991811793591 
459.74457422700465 60.42317210674749 163.1800363048562 294.9959824777011 45.566452525089154 
477.351556643824 237.9410440981673 422.6447332690642 87.1916884964396 594.9522069680854 
386.70556310646225 404.5641512186629 390.5037573631819 253.6881066533601 583.4387925167838 
134.68473996164008 472.80537222218226 612.1040087537299 378.2380837531601 165.68833871264727 
527.0433934047674 136.15808852437954 311.13652259139445 498.9928351295439 529.5272254785258 
193.57066144566545 26.82216834774647 355.9258036198993 343.48469486160803 343.03374326771757 
217.6165195464185 94.93093186181865 220.7990903307343 158.12517738388757 72.05601910474063 
589.650778680709 54.27110458346985 575.7711375427956 56.420351725251244 332.7299629819687 
82.74936360632472 309.1007177962427 206.5512347748594 280.18208995275506 501.47343847143213 
414.53628805264003 457.3055134548115 201.164527643856 579.9729681988313 252.96357300238088 
86.98623918990947 448.00462177676894 439.8667123111889 34.824976322614546 104.09566274010709 
411.32109978879555 394.90518406972643 88.97998722844159 553.7535303902889 75.08448888971786 
105.60083053968187 345.1764729099368 471.12483376842795 436.460160562066 550.7891556642181 
69.97654640052416 559.2005849322092 505.2779827407342 568.4649894235698 445.98080894576003 
418.2751995400735 147.97200881967564 268.2371785589337 134.19453571864477 304.46467218449436 
190.83426965804762 367.7458348826697 509.37995710803864 144.60870202034744 347.42625419573307 
455.3856982862656 208.2378512687817 84.90121651673932 484.9917827523925 531.6793526066263 
180.26271191880372 400.59235758783973 94.71521177749108 131.64415097548198 381.1148098898337 
544.1061320619225 580.6684550783868 280.49652175725095 598.3532648955016 258.917376359797 
132.29090781542087 485.0374267635316 49.37359354493678 436.53166066689454 495.2456375916881 
513.0627277861793 141.3936220778889 343.9120104579599 105.49592445608289 63.14220184470341 
533.3315293628167 598.6961824173204 401.4457510757602 377.11092989750125 389.41968958690046 
419.54813568521837 78.98793597629881 597.6169290527678 64.39810253116485 28.98762769816217 
204.303792737656 423.06854292222533 410.1311926183781 36.04156214273367 49.25800357384911 
362.32564343779194 43.491679690294596 576.0607634809516 264.23245160365616 41.47810960050363 
65.35526246877129 135.04617660554277 153.2427047106191 565.0554889603135 70.54999200091183 
135.82805432451204 566.1810875246202 284.0116515129037 38.60381229221532 513.4417870165389 
73.02986007973053 472.8279618325255 45.134409178436655 457.04447806874174 434.88840838816134 
368.0789355891945 83.72468817794243 45.71562886569685 336.65813982860453 170.80400908726946 
38.127964260741905 455.4859341232393 296.2288768300828 165.02924939294238 594.6464837893157 
564.937824027183 415.0103836350675 454.78271862428585 34.52701735059874 536.7215081013269 
384.6529582037848 571.9471456278013 596.2172554929497 302.3303852526519 514.800630166151 
157.29392706915013 447.32685784617064 227.47937375239914 296.7209639384834 267.041829530064 
256.1367848203984 585.4301015968549 167.65493191550766 207.28448169434267 102.50083835785371 
215.60657806175982 290.73084344375957 548.6302472620049 417.982804004805 294.8451214912783 
515.285959889793 323.39822345767686 395.0734918166483 98.62243682669443 432.4395445808303 
557.71410329378 55.33080461290587 579.6052826396442 390.7612416818176 40.84982973888529 
316.28718026887753 540.8658312814234 286.8782153917895 584.1504267942745 346.96767514154686 
331.1062110870134 295.86526985893533 171.89227984590073 51.86268215895403 539.236115198292 
56.26116215020168 556.4160044256289 73.19907370139765 115.64716711075141 174.5553242044748 
199.8782070413848 251.35333812058258 297.52784257156935 463.9884966778219 614.9655230792553 
33.250576020997244 465.5626424037036 282.5109944011666 306.91485545755785 268.5931352560114 
409.35926671002596 484.74259362684785 469.1835074899577 583.7625138345144 228.94765937574908 
52.777505974582134 535.1129235312775 473.23841250859726 49.694507920275996 420.6783085538726 
237.92993202875556 398.37861541193024 77.97696479871138 57.50276455996189 381.4290391495076 
533.4033882943605 474.95956412447157 423.7068539675249 73.67967207729555 348.4283632950243 
75.8177288743204 165.76823025114433 326.1020676708556 569.3893539303384 331.7519900687618 
163.87351663408108 70.25558487748201 204.70314523508756 602.136272755982 197.51339404382875 
194.6831410644684 78.50775190680514 474.1444015847105 543.8290865009446 154.15552831036064 
460.3261133957412 337.1982925529016 373.5541380051172 53.659439458725224 330.99684843071645 
589.5816663228723 559.3950553525232 259.47287503976906 574.7158009946957 604.5630492031386 
61.69476906296481 339.6716848665923 337.03227293162723 533.3718658951467 406.2225092025802 
486.4110271701184 538.6434919140997 172.37117999876904 518.9338649963361 322.32546778704557 
484.83125018649827 71.77105177765127 332.54488876664783 343.39153355730184 60.384347749829175 
613.2262166997743 529.7638208673584 600.5962770424583 349.85061000000815 333.6616563933159 
338.0243721453411 372.75597517562005 472.9622967700618 322.67006504651346 240.56411824721627 
332.82822838160575 575.078534207238 70.8247605398729 418.6920272400686 460.06165877385763 
62.48865349070285 296.25196734350254 290.0884558165815 300.32663936978213 122.42004546907522 
226.80602493826396 457.98184565984997 526.9709802397126 517.59446439731 365.1914353824755 
136.04550441212098 104.54427622244496 595.1762602120788 314.3754244822646 63.85834966520174 
307.73460519407405 199.95663792804746 590.6347737251131 77.77347874405838 597.8614290445779 
531.6173744203682 101.58070919340095 452.03804484034333 309.2683729378325 335.91788106941203 
316.50548391808456 75.00848555165541 447.9596500728845 369.649440394064 306.394614232904 
275.3046246164059 54.82392822157179 429.20020563626616 580.948294830545 462.74654537860033 
335.7892935016097 382.57483165626707 199.95585920383402 98.91787747181309 511.25315683406376 
594.71241103788 586.3670649832493 62.19939078631678 87.13079877746324 285.94653458937785 
218.40381604397055 222.11640856854243 199.86631325085773 313.45115460967526 528.0563110001212 
387.84407229762957 437.74972183399126 215.51609245716708 283.3070287937511 545.7140372434685 
290.88394316097646 508.4958196170426 281.4266259328321 50.56626031208069 132.1455097950478 
376.2753850968825 130.68536619218736 385.7899999948896 381.482533816493 242.09715857949263 
247.82369688574548 56.89724746324201 55.894023617715916 262.59214146337814 148.6260350885276 
333.4728919090132 257.4339056160339 333.8596538006092 458.9411856917806 504.3448525837021 
301.5838310264193 149.43913585143576 23.493325029560367 460.8183599374447 138.33836727395087 
400.0176621590334 39.82730723630593 372.81787312020623 68.34624738648202 354.7172421398618 
294.7319722638523 572.780489911152 306.451656926902 413.80525922385743 330.4851903656807 
112.14451962274018 94.9790664026092 372.67215383238363 518.2644873797428 405.2770795158833 
419.1055484784366 486.9198586903502 566.0669453845237 125.68436292098112 126.66414604517675 
578.4048816540517 338.48206659748564 69.34844407151976 604.7222707030816 372.0796473691521 
215.66153201902327 250.03420973051124 115.27863959795748 203.47601529210334 168.82931470330294 
441.410269205423 442.422680995397 186.6745988004732 479.67630714688465 530.8276518789401 
53.30006405226369 282.6036911667595 580.9827036294305 199.59988904135628 325.22815353087003 
257.5114722949978 445.8124266374984 594.6283562071584 541.3050762074029 471.4553869313603 
102.62282479468226 606.2165576382208 106.85623101247502 386.6523280149158 203.63388225526282 
316.91715326025366 189.06194306640208 235.53337729894994 123.80030556543218 336.25539628387315 
132.11002659185795 38.34696489678296 417.7303926731277 286.1728308907724 350.2169345147671 
510.1540255388966 411.89556418059897 452.0349942922826 150.86139831688473 347.0590444877466 
459.47395637138135 564.0466998295522 90.57420465848561 131.52070053717523 535.1722556191376 
23.91894493597469 615.6278290503294 446.58588728409086 197.36918712108653 441.6308999316873 
289.96972061481927 538.8906457557429 294.9245201687481 97.13095441554456 62.74308785562382 
420.27219638195953 345.99745440390626 91.82046050867254 377.7386889030363 447.83536646721547 
66.21791399639379 104.66384126097218 277.1216683793201 372.31739104552133 473.5546991282178 
217.7691102763755 601.7768862367857 594.5949241851548 147.2241334793397 226.28215347349132 
340.61685670877074 120.17671559546821 367.98299169674 597.4388592705803 531.1956488489527 
251.52596394637703 617.1494751821816 393.61866715856354 263.9727639811528 408.0560833847108 
261.69593524368616 224.24329461557497 92.57068575188555 213.64339844936384 202.7571074757873 
441.3645297214964 102.36983647586516 541.5007944420701 214.89770393507007 543.7846035568247 
439.78460417428425 556.2559502144492 453.48294369177955 504.55319514719923 254.56437516175365 
543.0778362113224 157.49591749783997 86.68445339783675 157.46316952649224 63.695386362894965 
525.1454520886841 161.93816477512402 245.62164001606982 329.15200431406004 289.6082491598304 
597.508500353448 298.00534906802505 29.139539892170024 272.24906735361924 225.46434134440986 
493.24276710292963 407.7558031032337 340.6626910046075 359.7847284852131 552.2070901035014 
125.52899674802607 548.8814048052005 275.8332958225725 157.68538665256355 197.55307683354243 
387.09173155106595 217.1154711973964 53.47885505872053 447.5776677404417 418.2042638866174 
44.1621206823079 375.27808966285284 267.89634015623557 528.6201549851334 390.38330751854704 
115.65688214444651 424.8769815528803 570.5383002494748 139.73618702114382 575.5285329167807 
399.97795545981944 323.1466363871682 391.05048895183467 204.40822078173142 306.0939089512349 
50.041558653379454 23.855532832689377 181.82536570007954 369.07493800960174 80.21909272191657 
530.552393102812 42.22953731842896 114.26271537444737 389.9816029307188 129.77508359515838 
595.7338843417594 147.88765263662543 113.10375829858828 525.7844721131512 347.03960610027997 
573.1704463771516 56.60155147066697 28.738566596367914 564.8854190478665 430.9721382254389 
49.44806069697565 300.68312952414306 104.36560659597545 304.8361593353844 501.57977235326086 
142.10618605043703 234.46051114299948 180.26625222568325 300.5371585788144 283.90025287871117 
273.12315952097174 398.0839595298924 123.0833230701626 99.57607241723122 382.265795782965 
491.7095144880885 589.1443425500646 302.5715317020417 424.99008854901257 448.20972884832844 
435.4152287094261 43.499510394900014 137.40468401588862 82.95678900568043 35.97508896773652 
372.17852062769407 617.3739657258868 167.74162310225665 147.25537955719608 379.28977124192323 
82.54172349237493 102.18558451312761 304.7048963313665 82.50443425814858 399.97339141158966 
268.29429772583285 248.49529398550112 271.9248936454877 239.76080322760566 557.9972376947801 
105.61091767018527 479.68372293362086 54.93299533984351 513.5169646741715 605.6665901639471 
588.5440957414627 440.0170101903977 70.41174207293982 557.7972592858779 344.3454070574034 
170.5922616129882 43.13510617781436 365.96314424356956 187.13791216328812 376.1823478255919 
442.9564058606426 110.01411125382512 365.85006715972025 448.82802117005104 268.08592134922134 
69.8571272378237 251.33223046336312 239.68505275922215 155.84820913885125 320.07051745784395 
512.6207266285593 445.99074136809645 436.7476710441745 372.308683672251 171.26582904592908 
440.74281814049885 480.2699095318911 592.8410936124683 498.5673812383211 147.43455456232837 
572.2626214647539 72.56940846501261 270.5619754049937 112.18968669214524 513.7399455549588 
176.86623282688439 45.60530511638777 75.64106591808013 80.95380555095558 352.5795549830655 
279.3934811702671 96.89666264291823 36.57607057848174 519.5462859784963 442.26711079586966 
31.936810814588394 131.8354814615456 523.9590145071163 453.6417191104737 518.7861900638098 
289.45266823549247 480.9293726792938 498.40857676557437 371.8046255911059 507.2174535470397 
583.5920358129144 240.1492846993081 437.4402159759816 572.0519057342144 306.09296141582547 
396.0082112247609 113.78861424061856 224.40300994564893 77.805671457839 188.06638718065184 
486.30218244725705 562.808649079934 256.11925015521274 536.0605296909357 581.9929211575402 
428.48070478995663 175.1420088873092 206.29111765454851 394.47263922313454 259.7490195067543 
197.66421777710366 481.56314033800754 482.1743412318232 256.20983750283256 247.72411930579096 
467.003321492686 92.09861547311951 242.42278334421133 451.12048491236607 96.59755212818044 
111.42848565753769 370.9997141192015 61.21582713041432 455.29231201185024 499.3568445296922 
154.92953508561408 597.3738992519001 181.50373703002597 601.4699013169261 68.98262357844129 
73.37511674291696 64.87828682455029 99.03062257284117 510.0384724924364 143.15389449940253 
504.14844185238377 295.50578164171156 256.18060498333364 141.20136876489448 39.92753180343361 
192.6804666630515 314.4020990108842 144.97753803146452 327.28720946095694 558.7035952870943 
596.7659477110367 536.6763409197384 262.96135454496374 540.4085408303094 414.8635539873003 
91.68746843067812 532.0202658397938 322.25222581673376 132.41543778712668 171.09886218882227 
388.8587607434043 84.2167652825048 265.8577450259904 545.5833429121421 437.3420271284968 
61.01712754807962 472.75834605235923 128.013325198557 124.95289582685221 54.95879201751351 
417.9062422563391 442.14729979273045 415.78440097874477 504.7890371121742 456.91816259249885 
204.7318829609971 57.22121162218415 162.88559202910403 227.20586745398484 148.36302920142342 
405.15387775977933 583.126504478476 586.1481355457445 162.45041702322558 322.56944298553503 
171.78487315373755 86.31108977476839 379.6285369673208 616.3623445576311 303.7922210929648 
127.56051146974104 584.9582725551679 427.2092647582068 556.7142883251257 75.91014316483216 
275.2628386137985 537.3516353791294 464.78297078594056 388.9494727978261 45.941702261306254 
511.12971398462577 145.32824201156782 137.69489673931048 332.6062660640767 133.1117952089562 
99.95351190355488 64.70796460949246 284.8811040529139 158.66241762548353 42.798647993586926 
268.3244825999594 299.71448987621153 541.7932322633262 358.23398386137285 352.83816484590704 
491.5419407220995 455.1404782445668 340.32925850225416 434.4826676806799 126.64649393597195 
366.9124678676546 116.44128962514978 343.0557097291938 199.05956066473203 589.6512098942535 
107.26388211293576 509.0289740912837 75.34604216172298 465.6516761831878 425.68407413921295 
375.98771461861804 285.6175217912412 103.8825319746986 366.788190881122 528.2435434891531 
288.11709766719457 133.25208083782525 91.36152669021405 473.4645053670506 584.7199237746594 
487.0631775288985 155.22549669994837 370.16578571193 114.69287698740307 583.5009089477903 
86.75588650684688 139.90517193642353 404.05735077489965 416.9966220963227 364.9260543149221 
354.02674461600867 497.8987226520086 425.31229145045944 300.2187275914525 434.7967162844088 
452.96651851658623 547.1887733582442 70.75027991616105 60.77515876909068 117.90866446600542 
235.40179235361404 315.95102725385937 216.26715662053869 478.4838626489008 140.06939922302934 
40.145612616894425 474.6974539252649 595.0957544343636 327.0546697191292 328.3768708259647 
55.752172289369575 109.99260794156253 246.30731670312716 526.817211043206 146.1312694216084 
51.47620662306183 414.9880337839872 90.1110652483041 323.75570502308665 212.46388605118423 
530.2193281727151 247.9923017507361 75.27286271313245 530.7472212571045 276.3065580017927 
393.5203173117879 346.70412764324277 248.29134306445968 241.27291841704405 445.2784074561084 
217.0782534652739 176.91851540726495 507.55213192509717 185.8783922970012 134.89429760636418 
347.7196525605795 31.68265435895568 529.1151734511369 507.2580222673134 471.53775249053587 
77.84707594892129 418.1147925651862 181.5352495242643 587.8667240865024 120.10041710267343 
606.8200738317569 109.36605453936394 29.509588952337378 578.1312889543894 527.1573003177302 
232.8837278247405 180.33967410030715 501.3993187733722 394.2277963760058 582.9818138905318 
453.50853035546476 66.493002517047 451.86828170614837 329.47343885325 467.44451914949144 
502.55135332635774 210.9234178297623 72.9864623229843 546.9855029984597 209.59337860832082 
82.57472100012134 218.43805370800095 26.989685161530268 384.59891096595874 159.0692489008378 
419.93283175227134 185.76819917793227 20.184785387237653 44.19198928393631 436.92792157532597 
185.68319426589792 490.7198656014887 185.82559483058014 491.50893838986553 348.2552184465779 
490.7228717818023 512.9413610923775 566.6205874426516 241.12364090626045 40.38658849779675 
129.36503368198572 35.095428908227305 204.20383052330098 23.072391686205876 166.66129239711017 
359.3250381931434 92.384890187614 69.61861542915835 48.48065490880738 551.4166588750545 
562.1116236059997 154.30675542212143 368.7124912359971 433.67972625585696 379.1945655135942 
617.3290522731247 535.787967633015 489.28557780030343 175.19181009924566 278.60133081582944 
485.4766424045486 442.9442948154739 429.7062852808217 257.76478609955615 314.5204831009568 
61.44237162214897 205.94238198183695 265.22050730221724 237.44897843448425 413.8850358740605 
316.8655815750577 79.04043469961385 418.91919930598783 381.4868045173548 349.3088610043691 
472.5985275260017 383.92452251582284 156.75421974564964 123.36963050927285 407.7659764401815 
258.2157061456187 221.90437179476334 114.44095217086014 58.51400150355633 241.27815982469028 
46.36303223309011 315.22075397049394 179.76825266869614 264.20911227886234 293.1861521131959 
165.0428814573606 486.3582866296239 134.83838973535154 474.2483564156298 523.8735988981123 
456.9061236213191 22.436672984369935 344.0424350196854 418.31746694137956 127.497469778364 
84.35484385308474 271.93324258503674 36.97611479305996 389.9793895931555 586.9382397187651 
182.7101014562995 602.5039635752636 59.72823313068024 423.0595922196395 405.28117808896997 
297.7042802840228 327.73149078156683 478.6143570315877 119.35374382451019 573.0096771331775 
361.82740256215146 450.32217063605304 39.94407214497909 112.6905385175526 371.9459634508367 
67.17822588391908 529.5605479588496 87.13528921716272 404.19523670609556 217.8983425138715 
277.9040137396627 68.54607101218376 78.63656748156899 236.70131432361686 238.92886995462894 
137.3939246147052 435.5925326876885 349.77261760651515 265.10877132054634 256.9767177515728 
205.33130435188875 434.7527809200507 28.75067325260803 143.4240727665296 565.9713652448553 
195.59459467601584 370.20101192893884 608.4926820974608 204.45000815571265 605.132617081022 
162.78762481494041 302.4960548905762 445.3997319271828 617.7089001073582 134.34136047317173 
534.712060755594 162.77588963769887 104.1985574256999 35.140962151102656 398.612506148742 
539.0797959188179 311.77904880585606 292.12507115445675 579.2579976289261 287.0205996210864 
