372.89714928064603 432.7799791641748 292.7076117904267 466.7009232624631 353.8666185813382 
105.02684708173548 503.3444601501069 305.3598158124794 62.87761100757904 426.6887710867362 
504.2666000241528 509.7306648311397 155.23547201047916 508.53172406840224 97.09846561541279 
410.5999303498662 121.43676949903642 359.10931330488046 484.5700749363137 82.61131073315086 
335.8147667270751 145.20790246773024 98.35260555098179 253.28566071287977 249.99079527289086 
93.67967059343506 385.1763758229061 432.53043306041087 139.33475733241835 474.116731537641 
21.93456240312213 264.59177206872084 435.63766803441865 226.8194541916309 155.47546501589648 
229.4023292749401 304.19955268017895 425.5120659985478 387.7867498597274 445.27797802436737 
248.53575490254363 389.2587284776508 352.2745683623206 449.9165233833128 150.90472850290047 
383.03319337114766 351.840852222193 461.6515132213465 281.860506796681 471.3950753849866 
154.46178950898357 247.91432520139844 437.03300790767645 214.72601777621475 166.97063746880218 
352.85769137763896 484.3391649507619 22.478760681251643 332.74802209301646 61.09357809455739 
229.82816992849024 102.89226550310842 224.02282421745446 99.49881758045602 135.36377930295444 
73.62606543938243 424.486820836873 204.04144245638872 46.34699614541381 422.76687998505724 
422.9260882694133 303.58093701453816 212.68213270443596 134.6607044701345 363.5724960433765 
197.59541236641536 11.189370854663697 420.02347579605924 123.8781975582016 229.78899009538966 
402.6670142567652 114.78337269406491 315.41634580914126 84.5323679863219 281.80652361364406 
437.1080044063014 428.6112643277744 458.08986364267923 503.1634506223706 417.06944553003376 
467.00092537352924 481.58581643164604 491.3873806333637 438.4004566074531 41.73515551816264 
397.6637366998685 468.91410764970266 456.79476251970885 22.012498889464652 117.79116838202235 
459.32301384235643 84.20475434473684 462.1589607757488 412.16341925155405 349.5628883900827 
353.5895649685893 151.05166989081548 109.1593000244279 419.249295655523 103.56673137293726 
254.59067827565838 306.30194088355336 370.23655986818414 47.420568977097005 146.92199301595664 
219.67801662452928 14.66758435925102 215.92028096744548 151.11490601471942 423.76814724186596 
404.7045240901458 88.40113288354195 34.99686128544787 358.64189828857906 312.14357794855414 
351.56154775575857 232.8488030706014 106.47047937915265 91.11678916867154 350.4295302948326 
388.66441188879594 64.31001755109145 82.0843103391971 420.9513164063364 441.6760265292004 
265.10890991170214 340.31995057531094 418.6554665406726 99.85064047010677 223.89197954842254 
97.09326387777661 382.8455487460416 172.05891602646193 311.0749354040461 486.7513948614685 
400.7745368027293 354.6205190216603 279.8619606780003 197.90356462214308 361.25393892100357 
192.92872101367465 199.67974046522147 331.9115880123997 412.1509649201914 63.85743403508414 
172.60095808474932 376.8893386232616 61.22667659070951 149.65400113139637 334.7104553255856 
330.41445215948494 484.76840307958815 499.02052395232215 269.3671046883915 129.15522548322033 
233.46935482538993 396.087143812657 84.31457767469757 168.6159684865212 150.00884081764403 
382.98028472013686 29.594127982715925 321.2039262548071 437.785892321536 406.6889655878262 
158.21248052917102 485.8207865379056 445.2596792165229 185.9323205135671 156.51796378269123 
327.18199057362074 355.34970462883865 18.731512575144595 96.23806946043317 488.067029918514 
94.34891441210812 376.3890794408567 485.1314317871616 182.70363068116984 399.80292694816404 
254.578892518856 118.20754075361566 204.4892350553417 111.80841923944661 377.24985362662756 
356.46710334228777 506.2526927241195 377.18380398456327 474.0463507164865 85.11633362983538 
136.25936714154983 80.96540869703455 476.9488238811692 228.20824592173244 438.16279650555686 
444.6821388218989 106.83733279024037 321.664064190318 48.105984043434574 355.86195139420346 
445.68130914332716 271.6279002029463 347.1755133031148 118.2229684571509 215.0587913475439 
50.10776518261988 152.4115369944471 437.00270207025034 106.70800090486387 204.8561307177467 
54.57677174376046 78.87824620227528 135.8145763432532 185.44310003811208 435.88777454865294 
270.93067264608777 112.73749181538527 112.47532714260954 325.9113091960211 28.106765646903334 
453.87688306649505 241.91380077517675 378.8293131235644 223.63116474299343 177.38677436757797 
501.4436717126735 380.27525436132686 341.82210638975414 54.435947741944815 100.84915467947113 
316.9452511977673 477.7638301408466 11.719996510110345 343.34674668242496 167.1868894932436 
273.288791528566 505.9277858545764 389.82969994874264 195.7690097025656 103.72286290114174 
215.86527674781064 352.97719615138584 161.0354916617564 454.8465116222248 22.940073780721093 
223.18095521355096 467.64620861784044 54.525282176586025 375.7095973555749 253.24266204693308 
423.1082865902181 448.4624933561851 259.19615509898415 53.795335670798686 381.30072505844277 
334.52739138895754 114.67194334406676 276.4016180099288 181.19560074663926 95.11197938357267 
180.61718275689063 386.28219995071714 413.9788620706059 91.96932064296696 350.5544524839215 
151.6275444927071 176.77402915009438 412.98689012248207 268.4623635656471 101.44595693679086 
96.17163931424854 385.3476784531545 507.47174402651723 328.9011358703219 29.76785358553357 
294.5325073219886 302.54736090237344 142.09238527552318 478.9151721035545 373.61640591607954 
432.85840004428076 189.2305805432509 370.8884541819692 252.31239918900067 474.5407922898709 
310.1629979379797 493.6692840921519 180.2156805909012 269.55448390653004 491.2001040213588 
491.5519639484877 463.7013747344065 81.338855381538 425.1975747676893 454.7740891072804 
180.92897067118727 32.96928588065678 303.8464657900263 261.37495392653835 364.4066126248361 
48.51810842846598 94.12482948728983 454.4848438814603 465.5682431732425 143.3230909676847 
175.8637638610226 63.248331497725346 40.81691611126497 33.86634934936149 342.38116273514544 
400.58482208721375 223.4872181075365 162.96718131374877 291.13618565496336 495.989276758458 
171.1800605068473 360.99158967800344 356.3575719124497 446.57640711522396 302.9228586230381 
488.78186830652976 360.5990293156088 94.57136969836127 265.6083114450739 33.00923142165445 
87.17467686262292 64.45018380380456 194.16486988174628 249.65270709354664 500.4277756638751 
317.93281505019024 454.91200588483724 76.30730899468584 465.7858502071316 10.032286164710015 
186.55342645554634 159.02480039004863 346.5552815720751 54.36276108595677 78.26134114872428 
464.3898893596722 479.4085305688265 430.90979621432035 449.30495315674676 72.53528470876506 
155.5171357365806 394.4658501950104 319.6762118070555 371.7985372437 359.2835808470592 
366.93426469071596 286.16605988513584 500.7238462746102 141.6251284201332 421.7047367484621 
143.34421734224844 508.11199816679107 129.76284428147744 393.3034244371587 313.89561186510423 
326.82145661414864 300.46880908677116 270.520888899626 277.76674746124957 282.02391674321655 
268.7247604687604 156.2209139127535 314.57487194290167 479.6171825334998 468.7452176110494 
202.033372571965 498.73329779293624 45.49876534434604 229.31818661861442 51.13423807299987 
11.745852779765912 311.4031338146158 370.41671083045634 447.31588213015186 461.1237514748773 
168.0058154849681 73.0342415098039 293.55080643274965 20.377726204023162 430.9975225529018 
399.1969701227042 68.25184264560096 329.53892837796667 190.8312823182419 464.1063844877662 
132.43208928976492 220.66135305209522 241.84587511437076 387.36500746866835 85.96758003118114 
457.75918217680317 311.46857890934604 275.23851716226164 456.165888383585 305.63202663066954 
435.2003557341406 110.90743449658679 126.84374158433391 367.0311831015557 448.0867138154365 
54.66130524544582 41.11679277021928 252.62021000790656 188.3771980309825 280.9887896165538 
336.1047322453084 273.18270383209125 134.07680589488223 104.51651563939689 192.75468952750424 
468.5305241787124 318.09228541611424 271.7499865752416 308.9863342085761 412.56567302997536 
492.6766679170035 420.5695960158069 29.361437324544095 358.94876731195205 138.8748394180449 
334.4349179584649 289.48143165632985 416.82732141970206 41.67362661037748 243.25032179919185 
158.31565442646126 71.07709546476082 276.55925690166447 47.84516521281134 386.6638443393563 
486.509327286895 78.18539661048622 470.02153663065434 494.9556248597463 160.497346137505 
186.85503285164333 255.12281146105096 58.59035568696002 113.47528549373646 393.51904183431884 
179.07605709271246 474.02037116698153 431.76246369119644 128.9948544018177 236.86143534241836 
113.7807529067134 102.1661386584649 68.10815466708974 14.361737969906853 403.6687633657784 
202.81606015497545 344.46079533004695 370.5451852949307 480.2760839649996 139.6838126428101 
96.52810767475006 181.93456766002313 212.07689135463573 243.24007044546659 190.788622194412 
26.31597525793438 492.2750383160907 164.70297066569006 92.58942627106691 307.63999862689803 
336.6133766654643 136.3305951302678 480.4502307372073 449.06885767423523 444.34835824750365 
285.210867416717 324.5093009657215 406.1222707509391 505.59300726767634 315.0018003504093 
274.8142684360805 376.87544340665187 163.23150808434238 495.07535904886805 330.1612131163945 
211.16203677645188 162.60834897184523 21.517982935203065 383.184775564257 145.73552875647383 
347.19535165817564 439.4409759180618 362.40273751477304 117.34189870029553 283.439530873318 
441.05375973128884 316.9180198484918 30.656776846924352 422.99503548083726 478.95324060886674 
414.4813467178362 483.04027605966763 335.5422085610735 259.0823699700055 448.6174837465574 
73.062568855625 170.39696958972894 302.8109742013104 75.51850397177111 44.75327456818433 
130.11355235492238 392.5920869477981 126.40686650852567 144.52796176612864 364.2838799875945 
340.64680312033573 466.0717206282644 192.74467803483375 316.73645056085473 145.13080980017617 
493.28134316571266 496.8437861661319 184.33812266657088 223.2357883368094 503.7749021534242 
358.02414179690004 270.60176010647217 35.678712434642314 261.53683830341777 48.40882821301439 
142.30294256683905 42.03219554653264 249.0566437279164 260.6534423805359 122.30877219456742 
51.34906510659258 192.27751205784315 156.95020380012213 276.8220239218746 157.53426849151418 
80.93676973624835 269.3808914224026 180.24368808388473 73.91715785767049 30.001305600290063 
128.5718094397959 365.8570451429436 306.4773518755028 452.9010240129422 122.60385052244176 
495.5363694926733 230.17735934418903 142.26363924089074 213.13087594017725 406.6834505843916 
257.85489821249206 478.8537208557929 260.65937310481195 319.59503207419596 416.1282924291688 
114.41925197600455 335.9427254586302 113.46424174933877 267.7677795660013 99.14874051111232 
19.443014265182683 204.21922841619173 244.98615261502377 49.44212659992363 315.8136089971981 
182.402022629072 83.10161733177972 76.6984481731544 435.35567821922524 494.2908709698418 
169.02612833870205 322.8235637108233 319.40162061480567 74.46904958168138 244.03229025141576 
73.16087549913951 411.578685891526 463.0433805899161 25.251956656894492 42.548385984506325 
301.9058187413671 65.71549809149056 435.3595796786603 55.20498955123392 495.6768875562765 
339.9090165654548 254.8936105960196 464.1492764412299 184.0834391098009 315.1557862217964 
136.66885896620357 280.85400818729033 18.529995618386078 480.94423540408195 46.733099540534994 
110.83917992510145 15.595225382982294 200.23305534375663 321.32098716039155 115.90701894538095 
344.59190284172723 431.8332683597582 154.25839383544496 348.721920532944 374.6789035526671 
169.86179696555502 454.2703138716215 430.4384953654804 483.47828032244746 133.46977986822895 
136.6454922294564 167.08084500282678 254.15072187929 365.048562331908 38.71079904570934 
325.3761540578432 312.8821907117363 20.116670220105426 273.56860608175026 413.7457267555495 
183.73523891186105 257.09080322268755 461.55021410861474 439.15675391201535 162.8178545237891 
260.1439591416424 403.8384417059179 235.5376139394052 338.723095092351 53.35387002769203 
387.7125548696847 84.46018389847592 11.192573254257201 389.3448359648894 437.86864418099685 
473.79198283138004 384.95700263785244 120.62609631704889 453.26852834767516 465.0215377143961 
40.70675342983059 86.82985776076423 293.970384003155 264.9598724945348 310.14581586477703 
176.05207049008857 507.3941544977428 222.52139506564288 307.0820204130814 343.4991874016304 
508.4749636434421 96.28724283543721 491.506782537926 495.6439119634632 153.157516367021 
63.55421645276892 268.6175374465688 273.0930615431829 269.6847159578021 66.5724256764843 
249.73584585927387 390.3708163941231 337.1336326017466 216.67483283453853 427.07439955104286 
315.8202761840959 125.65184054676725 102.00167256840558 139.306097679304 199.82662034269947 
237.84743367948718 469.5230785977629 329.8881209042013 84.5648946943988 115.78555431915294 
377.0628477717206 225.09439410676518 53.47556046593842 203.04492009756396 36.02657155873472 
183.70931628283475 103.67101067451688 76.28718000543554 190.53727013244153 95.33605528575517 
149.47608940244498 485.7923572313501 503.68158411690825 329.2724610843635 190.3057109312984 
369.413511622228 46.569670324407774 360.90771267006437 301.08287873689744 29.403674500505897 
110.91203163785678 327.5928156094406 228.4000187789007 286.5682445463079 190.81621502947854 
390.93822556368497 500.62690845989357 51.19594590857295 104.50665629660287 407.49142047336517 
85.16817901769357 375.22148882464836 351.67074334190573 34.747856917289035 251.07370625336512 
175.07301528586154 427.1342312926793 24.448248827982734 420.204848732216 439.65750355619366 
436.5690775611453 80.11538428042135 415.1597030739457 362.9372327080178 484.9369754267235 
280.78350421820085 137.1605701625056 465.5504474544125 433.37146425246243 197.87350726256486 
332.1066715066823 394.9293281673044 245.20205510402803 457.166993292605 227.99529095551213 
218.36837283333753 266.8231567511999 122.83227955688685 451.91439217540875 148.49639641956125 
414.1112296443992 405.45565159927094 259.81001747827224 265.60519852147985 360.09309068193846 
321.03071081298856 237.23132841765675 426.2880339850401 444.56858401897193 52.85923364264443 
254.25664217103872 172.84099325445473 151.3907381742222 393.31645267698 82.8034917633264 
82.88055752259743 124.10644959681609 267.4340219151664 209.5258145552028 123.63018584141854 
315.6610029391123 465.2536695817191 502.5014497883442 200.32937435776083 492.8693527138543 
334.9047895969325 14.913016083494426 213.2180485573139 441.3573685481123 313.3589788032156 
333.9253832110501 62.54952379112127 341.6762183067972 296.81476732893776 507.96270099671705 
166.0852339687957 412.29299071537264 477.6655454648758 210.5883375176355 178.52420664782542 
40.1605864682275 400.0038562037738 424.19059631927604 227.32048812841802 244.5701396398156 
110.61528406081588 51.67757598437488 104.34162716842486 444.98901701147804 407.4148373793315 
489.3841200153071 477.8213948507602 128.5875416470556 312.27920747643583 319.3940676242636 
314.05977098676215 138.15756656130222 20.22781300879516 404.48092103069445 323.3233708626194 
426.12600383601443 201.9058899786411 293.87004672812657 369.39945819630987 245.36646110491893 
161.3227108488661 473.0255300451085 407.25666223282025 372.512101938105 475.79804790100366 
115.6647967371006 138.26545171283632 84.47283361826995 370.0699680302153 121.20416936283661 
197.43159167609076 233.86000216949836 201.51723429857077 345.83844610494305 312.09567681275144 
394.0216124491678 58.44924125326139 60.45765116189127 496.5517996859748 169.39139099944205 
98.41672580341847 293.6040257446165 472.0386002759074 391.8545269297203 378.4963855531452 
342.6724423324918 126.55571419006932 48.83356871398519 54.50243404288601 361.5574490577327 
453.95876540756285 413.7972488444846 451.07839243480464 57.94979532208227 36.78609599068427 
474.89564344517356 129.62200180797444 158.48588020814347 262.27030785086765 382.42463622673665 
205.99661892898683 424.95306047088377 85.98770841969899 260.82282939100685 294.98204299371565 
129.75398027490664 282.59882844418786 355.904127911631 83.41802072184534 23.833094156304902 
248.1331521858087 113.02892745725222 158.99344808041587 455.2684298906896 43.27115001140274 
406.9172627692181 346.6345420950237 421.73180372440385 492.0767499301616 268.8068653865371 
429.44487809035337 465.0205309252247 275.63338649355865 81.65929754028782 256.15067385209636 
440.86381803253056 85.0366704801913 339.11740540813645 362.00429428302823 322.2069132908487 
23.197007772204337 188.91697170381255 355.09908609911 319.17624262495616 69.90502085545407 
106.45597843026465 445.0487582822527 223.9284176506408 49.61312742711498 169.22437839779607 
115.98438430799911 13.586622476069557 166.38623012572543 27.797611247256874 70.82217108424615 
369.46705344632335 295.4748234386018 294.09698982230356 198.75504454222934 395.79896701481937 
345.96343827400426 192.62001009157575 442.9213197504732 446.14110302643843 133.94769672537103 
445.34378869589756 70.20341236067067 90.69788585917465 330.6930726036481 486.00474465128957 
470.1099002343898 382.73833089660906 175.22841792348441 224.4575392930926 234.69385853195718 
207.32091349170193 265.8274962056412 206.81658098179466 396.4607882882878 120.52739122414135 
369.8315045502893 142.08311238115283 326.2190654823011 212.40891484283836 316.26585887115544 
390.9609446853317 417.82629395462743 151.8472659589043 160.7042056187396 137.56409129893953 
311.78438859740737 196.53462766121655 436.8329977125013 89.71942867661791 34.63672374211367 
76.27483415332603 434.16947507565453 178.56732017639175 56.120430214229124 282.8093006928476 
66.38649552588915 353.16356532672347 391.0268965839379 424.3706879655045 19.697067591529773 
190.7856885925744 497.7236661150817 428.1675357025805 495.75187826954703 168.64661339074237 
350.2908706232158 499.0029010475002 488.5028349329956 67.71904463887356 186.22521765637217 
367.2301507986137 159.48588087668156 104.3734975549978 56.66481004510531 484.2490510673246 
500.9760478292792 10.533173057405968 431.08775090549346 448.7452550498643 101.46794159076343 
408.04888197733135 233.43788392218627 71.87631382539954 452.9349035201529 447.9969241363175 
311.63050651117265 114.60738165929185 364.3196975804293 310.6033740951859 467.39143921697166 
355.399684844842 170.71016310601533 286.49750453784293 298.38244168082326 271.4548324300796 
52.65269417554796 284.9978549761911 229.56613129187392 241.7183172597042 405.0568702713295 
240.13381457512762 235.7635177925122 304.84502118312645 320.1441922404507 10.105910134219512 
382.35730622456083 130.33006168284476 373.894222161936 490.88801447703463 436.0940777621887 
486.00806572029836 30.441077409616426 289.6744166902691 422.9384598400568 110.1239733601425 
103.8735663392069 428.8750998488111 134.9324137490127 21.178445794216287 341.89194941690806 
176.36219374591272 213.01280698720203 423.7511256124708 320.7745349869127 222.67072102190187 
57.74034265955757 493.50476806277265 466.10726858377996 50.85689105795992 444.8930020376626 
449.5734129157557 138.7292753926088 469.7169966984604 347.87706139707956 447.5377013583116 
350.3476973021976 406.06990367278405 93.90897707987976 451.1905336089245 298.2747878794118 
176.80657148500705 105.92100245908163 366.29603384269996 33.740483775367196 86.40942055373218 
107.14393133556982 344.5451410538726 203.2334717710043 320.6447720289136 290.3198575212346 
290.91079616893336 427.32405565433913 232.13164072923232 78.49834141361517 232.6059732576446 
506.4217117518047 238.4897760760361 229.36874293062368 332.8475586826971 267.92070063590444 
178.7701383351443 160.0822643475378 457.62929995824544 494.18663500746203 98.87109619801114 
494.516458679547 328.70689893859054 495.83734519765636 61.643223814454466 459.9356018657191 
420.9983705244081 19.77096091457974 202.38601683605611 384.9998892886393 387.6028793435333 
306.39451715189256 375.439565769923 176.07662764287912 420.6409930544758 235.5060289613462 
362.57428640978793 273.8065726763533 81.11973981831842 125.28336163319902 238.88190583162233 
216.8785130372059 256.0252856525946 373.83285216216757 116.87080744602945 64.96525447557437 
25.846675092153042 257.7508632566164 114.46881811059167 57.77405620409919 350.73350674995714 
327.15143811017504 17.636589223214365 12.16475189762333 108.49078231186326 461.61312916006835 
233.29471812957442 84.28856615775642 142.6140725045165 276.4981206225734 253.26770588636137 
148.70083284571555 103.56806348176322 194.09683351388918 474.9478865375497 171.4007564942782 
491.51162344343004 119.05103981457425 349.3824574730013 78.75119595955137 433.6725907676082 
282.5087378157743 452.48670504844387 249.231861117841 354.5752707333925 444.46377432720175 
200.08662581664066 379.97868197620005 322.32384584050163 268.7334248068944 52.4939593177 
105.06287138709834 479.14490659485966 310.0270847307803 179.31685140479226 367.4624891645673 
89.39205817211264 177.55906346994848 180.20927208664088 171.6798313518761 363.2157837511294 
64.65878673055313 82.26214981802504 468.95762752673687 339.10181422739527 458.83135784605906 
459.73967777049626 52.04732146532181 233.48097275679763 471.72173554798195 146.86351932125902 
461.4823994246377 290.6136879603606 353.4355939888305 139.34836456712617 30.310037639250933 
290.95224482326427 380.6699550053397 405.39174019014365 319.2340817206819 501.18403044864107 
433.1068334843472 451.8214238989579 319.12252152204405 474.1587803695502 197.52286288482262 
116.10324283793932 422.83266414605083 231.902900040397 64.06819765775455 179.91284933200578 
293.30696376799955 489.92425091609994 404.1676409909556 24.974100622256792 379.89280408411327 
206.01010693653237 44.4973057963594 176.86758008100745 459.83921068330113 361.7218757155074 
376.4897610921616 207.51215850752558 206.9237779768468 509.7893312300273 165.82087856512027 
92.02272693641748 414.1627917093764 245.60766546171203 251.331551257496 240.64736091312582 
122.55770875103576 386.0404671392883 447.83731662472223 51.486872579840075 32.831187535774234 
263.73174504424674 92.27899257835092 454.7000291527346 202.1057600651509 170.13003324803492 
297.6676083548146 43.897479815512945 152.4781488527544 105.42787828211723 104.27653393358254 
15.427457268624647 143.4426065760046 118.61967482875373 342.5341904280916 261.25655300416474 
485.11614397468753 145.88103444983034 147.07014459018956 86.14850216066155 394.21893063073315 
380.4728513819776 186.36805553314989 144.8442584013117 19.76294651013515 332.37311207957003 
297.47836249567234 319.94635799980284 390.4020385163619 360.83963861087466 340.2438874539939 
386.2107753461862 160.3963891556418 88.10683866597313 210.4915953071041 431.9494217938427 
156.14470430037375 227.4196336552754 76.64341349599611 133.24624791613525 350.23713087633786 
483.60768608602143 29.199476716528608 101.69033578707841 14.982006568989839 309.40298221159094 
457.5467768179254 151.32884077178153 432.3596796172217 425.70401407559774 93.54633395203787 
455.5430912098998 162.35639275645428 138.98956851681365 286.3521410115899 189.55092526997652 
496.6314507529937 114.0852890258031 197.91482978446544 379.2383088623005 349.47079597667573 
385.4862676137635 233.6233518404523 302.0234442733216 462.9799767604421 15.438441428970597 
147.5377008085995 410.4565735967318 428.46992729180795 431.982405183902 386.6657641706339 
374.25832527109566 150.98827183866962 105.16231354560173 363.7376180759471 461.5000350418453 
508.9496949889945 344.60327966139045 472.9301260608905 104.62902749326607 85.81823599316267 
126.6602904244829 287.9951887055011 122.0419430162885 475.7947024365039 484.34180250774864 
507.24466529788054 190.90930869926075 290.46232582641153 118.21104349546623 334.8450798460589 
291.9544789857115 118.34388039860926 11.46833487821013 112.87528524446977 471.88999184937234 
314.3231753854047 457.41733830614106 143.60023891306062 394.2145892650525 120.88430223798757 
32.518553041709026 266.4138513746183 274.0739141980205 248.12152096857747 173.23303678755602 
378.9042808804614 417.8880323076476 164.47307397221815 139.85953999488632 216.49458712130425 
213.4490178306778 475.1320759896358 275.56820091673524 330.1119792977051 41.19148734426413 
390.0873476131558 93.83389092856703 326.33871687322323 202.3395332156869 408.74769489967144 
352.4723238530193 59.497887108828465 84.63282495489354 473.1024466133066 397.4820746905788 
90.12705437175028 411.3353265514827 466.3715318696367 184.89566992178118 349.29306119666654 
44.229491144533 59.09819655146458 13.842779298719067 73.20087550958092 436.29929542522143 
29.63742147588604 129.02874952254766 197.54994653151164 454.80500864824285 310.9932934195456 
475.8314910983215 26.090803584860367 420.45298787146146 140.9582913989787 16.219947587978947 
112.83537894603373 333.3636066413528 317.5078026428752 138.69716972868085 422.3738970006052 
381.5402846434106 186.40278222438778 320.4712199120286 457.75167300884937 452.54299748126806 
112.95386706502829 325.0569779201419 170.35880157367677 494.0691856749359 314.8999588611155 
343.5119579301227 91.28590303015754 194.14525950268097 58.35443390741367 112.5092859139815 
248.59909783846717 76.63183111849425 343.7721322046665 167.45098842374543 59.98724681428235 
232.745814690319 333.8901757922485 13.82464130598753 15.234675707233794 34.302485012793305 
400.595832022572 125.00662246775295 87.97245548905713 299.38061671322714 292.6745052460846 
299.71494645760555 441.16134137804914 506.11382058159944 51.39090498543352 37.31494361022318 
115.75954254430825 275.3113295284571 425.85672366207933 214.18078014471658 17.028459049980228 
467.6111383599528 165.13768196413153 469.3161154927115 137.92944993556816 365.86880575325904 
189.05330844630174 332.4367852129515 84.06479508356057 38.48493065501367 264.6223822312612 
252.71888399955776 89.61597064979087 104.37452580435746 440.10730482046137 311.4152079212172 
338.73240441907234 245.28134158141256 113.61050497234758 26.543180803987035 31.82371539152267 
436.14026229992334 238.17585580867228 282.84757779756455 261.208726890702 489.19095107948976 
290.3484651518683 45.24083203629358 385.5742239723659 132.54583188850103 254.14581452889743 
138.92447957862458 217.69674069966698 468.9155439150064 497.39330609602223 504.39441305230247 
464.8802549313488 285.1949754830833 42.37759152597647 460.53348056254663 486.56328107973246 
308.6130611007126 357.7704999681141 133.99425302739837 58.548085748137574 130.14937062562495 
423.7769801012054 338.0751947489887 458.3054682757632 140.92070021216108 447.4599367193936 
309.2934887932835 310.8080434412186 452.24075735554334 230.19523903524185 334.85738318332056 
259.3452634617625 395.05607146550744 314.20999348192953 429.2413653578508 150.7731500670522 
319.4612260109797 160.15718310988385 343.0673028465875 49.652133971946554 39.996577195362086 
232.67977753577716 312.4945111619808 20.725797438518757 397.4315663799831 495.91751612201324 
82.32209920026727 244.19390607595042 32.7367725888224 445.9094348170206 361.0064674700337 
153.23268575594932 93.94777133387544 431.8452089493163 490.7973355180793 408.2156227589408 
221.62401687478206 143.11860964836546 241.19525210190983 147.08776165512703 283.60573592098865 
264.1360008988786 258.93370743361834 76.34667845282787 454.7721355717436 423.83306686815416 
332.68913259532235 92.08336056322601 362.50391722748793 191.8530653168468 255.72174526342826 
245.53592897006175 143.5532390804565 498.33936087380425 194.650448610799 492.60946768101263 
383.0243014572767 479.29580593154554 97.56482820577017 291.815056036786 31.167671544348565 
374.4676894154102 299.67756926109047 240.0810566131134 18.69137648247009 229.6967280506939 
109.72014161134734 60.88993683089799 416.29208625246025 280.7028688095743 285.2850710466613 
384.19356897628666 109.10926260133901 20.24646284381886 430.3178865250804 382.56026811946623 
81.80564385959204 75.62340449643467 472.9618570004919 453.0065983156316 34.97699032785367 
148.44693353399367 506.9585738608693 258.9671879504746 178.59434459953494 393.66870536866315 
404.8076156482527 71.8555585366084 173.18186188289218 239.79262997128953 235.88840693463342 
476.6691370427619 314.4334162602887 277.2344083448217 147.74722862837018 131.09160879905977 
181.97098206879002 466.77998041206865 493.75284548788585 392.54571773028806 97.94799261455583 
45.09589886875369 115.32340636875604 252.64959272936565 366.2008653949737 129.24491363637736 
311.9282655201663 143.52981495633804 387.6516836994505 147.15979264172074 157.06738418213666 
305.4442340946003 372.665234938678 346.02847356769684 443.4317633591058 30.167759525535402 
496.06350360670774 255.54376974276727 165.44782406630458 219.59426483843507 465.50085275326285 
107.97063913195491 72.40903318760749 324.007604394182 98.90275717733387 341.9843029266056 
450.3977322194866 349.47493623891404 131.67158671509804 442.2321519154126 416.20044096272363 
248.81558477943886 99.36214264572551 491.5726936062451 131.4196269641173 135.59837302100817 
266.5304865663055 437.94461611703593 469.9851866928101 385.6206838562519 197.45889514461584 
202.8191212224307 297.26870003398705 315.32230314046154 189.4601038466498 383.1886137503243 
144.00356624882915 251.58726306382977 414.4641759618128 424.0448736379563 183.21422081921557 
432.3867124788032 239.59081357070616 263.2999580291728 43.357440743219335 302.7159321103176 
322.41049520718326 76.10268032575422 115.87899357924452 395.2787783521028 201.5973723435957 
370.50413336654435 140.38869368420464 110.37243888353831 228.67725357155936 311.4251371748923 
475.6569458549462 334.42583968960076 311.5735303760624 274.87880650195166 89.63600000579912 
461.6447245541249 65.65446650750233 259.4013756513788 426.7088965086218 508.21650446505134 
92.98476817940848 406.64446463710306 435.3695083674449 133.52811779400912 235.4846075019888 
508.0817043675845 164.5363581055685 507.84989810606834 272.69925107254437 499.78317685442255 
461.703842779926 90.9386494838179 159.88247730876225 72.21044285240984 431.1335487258575 
11.013041705603124 27.096744456124412 146.98554959895986 435.2891069078831 358.55446183214275 
285.03337108654074 97.58695869806643 47.71749027174559 334.3863488596833 308.25582140460284 
215.9256862338843 490.5800363352502 316.48535288487716 291.56920444166485 51.75465103844444 
215.03621189716964 34.977200153219805 500.2190906300199 376.86437791227183 407.6833099694846 
169.77051975455674 259.62286287079564 151.01824916280387 331.2551442410023 310.28177038252545 
155.33658265325843 491.5803655777018 32.78296470523544 341.70429567873504 38.96065166908435 
273.7891245162757 77.42156662832704 447.2747844142897 60.68725320457745 113.6297289730177 
91.14391707274116 40.99010069952346 74.19284257852198 110.25868686768973 20.50721527315135 
70.22763753997367 384.57863738103606 349.9334287342848 142.6936552008911 252.72251283203715 
435.062417759308 298.4001067885969 484.0289966032043 437.35440721375915 153.12459123087186 
333.6929456905892 430.18199306153235 403.197441095296 301.8118285450132 296.29789133161944 
436.24788393791346 36.286139878950124 306.90116919360844 58.634050897292 369.91903228134373 
448.55044138377355 155.6279887736638 240.80578601999608 145.9458522332407 228.37323034360384 
87.68065602234292 324.57873247976977 435.09114898205183 137.22310439907807 424.1653276061034 
42.53276100445335 355.78098872911715 191.81588998010102 505.24369730885945 44.345171254222876 
181.655203089376 196.2576683786689 332.14700986505153 467.15702550804787 223.22073852128509 
413.6227819797502 134.2695025345363 161.97594021419675 166.81081737379805 191.41965918122088 
207.0442009602781 453.06831270285 279.05323662877066 480.39776033249274 491.3043255380126 
432.2942378930089 10.050774651933317 311.14871791612086 489.83355893911914 415.33815562169525 
153.47681968924826 417.954731158159 241.8079132005215 311.7883306907275 346.78955177495175 
324.3375155342578 200.8328232771737 286.0184036994546 319.76754964422935 329.76066246630796 
487.27813469043474 210.82403652763713 424.57004628340553 461.938825160622 110.61444452982576 
40.767782503437424 105.52504371201297 84.20667156413474 382.45374283824566 357.1853876599334 
91.84829083749601 472.4007037399396 365.99748208730165 461.80657488402255 221.49626419639688 
300.70729069528414 332.59530862018477 20.943416778290693 429.35641246781023 100.9297569183109 
321.1174831859081 387.1995166777767 57.977510275021174 384.6278550302156 20.844153661822176 
350.6530403122729 274.0436392061423 242.5826324471727 323.57460022048264 196.46673187441448 
498.79451118450527 361.0399422276034 15.659545257269361 70.87810972110097 385.59552918504227 
19.185537218620254 205.6597638188311 282.52282273159994 502.8606617805714 257.30504610599826 
208.3339192106911 291.04451528677896 505.53117261164357 30.081900866666725 230.65901226099078 
259.9440664088162 203.31339674786457 284.48628698536265 330.5862832370293 175.62151004764237 
58.878683265444366 26.708249264376473 244.23594371570593 159.56375164791513 274.22861777779286 
67.58826673189944 302.23370778968234 225.6310713331026 248.42867777152728 260.9980606741636 
280.89228011824554 359.39568902796 314.91335625361097 174.62511693494807 158.9409750956543 
421.48544518591126 291.5660071448308 257.61386159628603 375.5065464148529 501.885727156298 
501.77644420004026 194.51657257788395 310.0483305188209 477.1527879902655 49.67947610985956 
260.00738722689175 329.9509285037625 147.49152439031215 257.7774132895525 113.81220903876282 
376.4773921306654 455.65094628394934 300.14981469144516 100.30791455903542 184.7862018393654 
414.5903488471446 189.45343936609282 242.24383124483876 358.7150881033251 495.86935612805803 
400.9156822844302 243.03867499440761 146.03478657887746 355.7150445371325 41.524455420821 
437.1059889039241 384.87587896997843 400.7190657595966 97.61784203801604 252.66139489455156 
217.03195534854342 320.1181449945047 419.07639949225916 376.46454703207536 288.8419704546386 
336.6108778016627 223.3214720271623 434.949034852082 285.35518990408434 52.664048723662695 
27.32251180916927 131.19343471218485 268.4816845094187 394.2616222070829 40.81654243052162 
402.186485538037 414.83155630023134 279.04937939562507 178.94290096828664 285.83956090760745 
373.94599973513783 260.8285785619561 477.49640400123195 312.1996261820065 92.62334071321104 
27.351452563540313 319.00205504665524 358.31575949508175 76.04317550359117 253.3719844191674 
502.8143903901802 31.212302375489266 181.39171122289753 435.9048302708149 317.4446217488196 
268.42192370442706 164.6915007596794 463.6456706400669 398.3186690150266 470.5315249469959 
326.5385508409502 297.5060641346966 279.169252697907 105.19425173392199 227.45017122868487 
264.21587962366607 170.26511323228016 347.06074462257357 68.52639100442286 89.94652632247306 
121.6805602993745 443.08261471723364 458.1283360068898 425.90809133471043 354.80837090107156 
117.64137756039787 410.2765163153588 242.873376849061 170.31927285909703 456.95603586602783 
45.47220550211744 96.58215142855907 465.7710287557829 337.22224275801375 89.64511014121273 
390.9786187672114 21.070375614249564 85.93633666761419 391.93028405413065 391.23529541623105 
334.9908390599235 190.8573099382887 306.9776087141623 363.5163418331688 420.9495543266591 
496.059849554788 412.4968054659852 343.4335494320659 95.24625813570108 449.5315157702073 
157.74116314647017 160.1480689661081 415.96760988778976 91.76731998244907 163.6331963576923 
468.071027041549 55.75986836090335 99.81464469921835 20.235160933125155 163.11615707257488 
16.67310098039131 326.2218451740954 52.2677573319975 185.45751324478547 220.2800971403147 
397.34341222287367 148.37998948098428 335.7454645774762 131.27303225758695 60.4550618797377 
374.8733868636302 356.7340935317511 197.7410130595385 94.13166493008428 219.5837548170652 
157.27302116601027 16.331740776302162 221.3413335507862 436.623455945443 180.61693602273942 
255.50021784767827 89.70864142463718 87.68736153262967 44.005845022858026 495.0478502998744 
508.4001492734558 500.6258372167322 201.46918571581227 265.15489747881134 256.0854394192953 
490.9874808511914 506.8069559974085 193.10941640442357 399.4266040755291 317.23506994728564 
178.7009820171244 290.93598398348223 186.5495660659014 465.33776817360643 294.9094170569563 
42.12707984975849 204.9500313869937 483.44254539316177 67.49761818057331 70.68045404724708 
118.2875901479357 212.3282146162476 276.058556764772 300.6454852598498 421.52070942345694 
382.3449472174853 360.8758240303233 139.38173086865672 278.835989267787 172.54257666290744 
302.982346706015 342.732730419581 133.82476442691757 452.69073463471545 43.06812353742949 
345.31823025487193 406.36006164357445 53.89394726036605 316.1897960257464 464.1479691223572 
215.62717763163806 38.504798663545444 404.23543488862566 508.76004722962006 193.7609583948765 
65.03842737942927 433.0975828711694 456.08715639270014 79.5428475263426 68.79119090559537 
466.507648551664 473.25369002123585 406.610907097881 103.8669986242761 273.484770001197 
196.50686530331467 225.63588250138488 317.3140477844793 271.35242548107703 299.485051420592 
424.9164887742171 151.07543670263252 271.27561573921474 509.02630577178707 338.8469562428233 
492.45653515660143 278.2721074309424 351.7204200685328 458.71008379746644 118.81236633960894 
222.65053614839636 39.40739260001235 185.24878175275654 407.15806288813155 124.82872819878037 
26.825654607391492 187.46940103567832 404.40551351455684 320.4852221548594 399.6130154932528 
57.12975987527535 478.92946764964654 497.9971891305174 375.86348716897817 73.36520571388687 
399.165957580558 425.117825936987 329.4433210690238 16.905694294610687 309.9464507757895 
366.84646850135834 368.26891522084554 98.33707835856764 202.27064031157738 321.4443097131706 
125.75027135141596 189.859681038898 97.22108120014244 326.54911436701366 48.602722749024935 
174.99736501151634 289.7228822828293 212.34188614745986 89.23019190350294 355.7100868078799 
122.85138209176287 303.71868188386765 335.8832015577489 481.363233031472 388.3911338270651 
198.42064350537606 238.79452938996087 89.00667945448292 74.34915393028828 373.07544664892225 
215.49590504809706 469.4168734616794 305.1257482252365 494.1032177241489 43.51865838241669 
198.3548696420746 445.0458142274789 435.4401370144868 73.68157231130544 297.4937344793895 
460.9539596707565 130.03267158485852 422.168949749074 214.46805995211082 264.5764066321022 
507.0558530156765 424.60216665738585 436.4990504229116 380.35292072103925 391.8084058978392 
260.3077392754549 177.0481498709474 409.44177569286876 370.2380862290436 279.98503230434494 
199.95233484537755 385.60095942380036 245.05027033940857 194.97670688103108 470.4941929305253 
243.64878434483904 335.3528815405335 411.3451953050348 447.86004993676846 246.2068363259892 
496.79081806056746 416.9580890117467 458.4390607166082 339.42869705388176 364.12307749283195 
254.78578263460426 214.41647839123277 33.41721370690209 443.1955587813482 240.6142718261071 
167.1143633390222 28.033732344473307 304.26275559726247 208.37654081209755 509.53257792757074 
429.80224390321683 253.61148231700426 191.30530696412612 267.5434512752535 30.611646875097588 
485.43970862042966 72.11053228729841 44.193090409074756 243.9192357477578 340.94363274391293 
360.38468890055094 106.56250976327551 419.15852614989086 426.5661476377361 380.4389015593996 
129.64170067176167 380.05450715540707 468.3598039857067 277.77318154081536 36.66978672179759 
157.54963658020841 404.4174131604831 377.3837892585951 500.39435309441296 13.043315822746418 
342.32339779782694 52.110831895463384 294.7030175278721 472.6484692812755 133.57896228274802 
384.2293830147229 311.08064767932905 218.1679090196205 441.95437336998407 28.48701809614173 
179.34485666205285 305.49386757050195 307.72127794545975 309.79109393708944 57.11345347953699 
306.13376325313857 334.71832207413655 213.74872919354524 277.4565211120725 92.56525679391358 
252.20312127547516 53.26280282611861 169.18654938264714 113.12386851779264 228.4437232373442 
219.38687929693157 489.2395449522006 127.12607706353717 438.002758195918 49.64234375489134 
31.600422636519124 495.93121731917523 509.6672282025919 472.00082369326606 102.22562647183025 
250.6452214653542 106.97735029758525 207.73497542612384 174.41625119376917 282.16930103090965 
18.307162667391122 441.3409018573556 164.09465353497103 124.29673678285323 258.45050624613 
490.7350749978743 389.43787988531375 425.56090043214783 308.66507221151284 135.92922714509646 
404.3207767854874 330.53757439463413 247.12791549392543 389.38595379513964 20.022092171462827 
116.30483142421687 146.7554786519173 116.25851827887162 454.64667598440394 54.76341742309664 
242.34114997828627 37.71771667624634 174.71682356798618 96.520925323187 493.9636944879771 
275.569058306773 118.38594124818151 97.04276667343713 298.6194959703067 221.36335504384041 
114.72766319914834 430.77311334320154 227.03178856925214 138.20382201384345 438.5535505615131 
463.9290134167625 287.5900656687648 28.452876060089885 65.21239388326387 481.6705817429546 
344.37266945820204 425.5416861036598 314.82447709225085 290.35071880944804 441.205864438838 
393.08562825358456 200.4036266301269 340.54712056989774 408.7122902131285 139.50879293077426 
419.32045983607907 341.5800142670639 256.30213779588394 281.38064842928696 52.559689737797 
463.21855796875604 476.06001556953936 413.6680119046587 161.22485190925372 345.27909671583546 
10.480726188097801 270.10530927830814 94.74345583906768 260.8183657360308 261.00703603593513 
381.886569345668 450.225624720507 403.6248522492533 139.32259521610612 267.88187653202664 
247.4295204048387 395.7113057353286 288.3530188938247 314.5817611113451 508.7864795933418 
235.5116342668628 224.92849286072595 128.97236681603152 58.9392436913651 32.485277360999035 
281.0607465075178 272.5447740701005 483.24607801458734 498.8321253147181 345.7877225430172 
409.64141935653754 309.70419629847396 294.02125801666324 34.5390064393079 28.342746807426202 
103.74544638857007 442.8363832103393 37.97505809366013 17.097386430237496 290.357468171658 
172.64137758682523 27.253535929658003 505.2987752667103 142.98341746116 140.56890381410824 
117.6757224005625 501.0114600183686 503.65332161049275 146.3351306268581 17.66612132522809 
484.0501948754898 423.8003133046569 51.38397239329594 115.03857502101759 237.61495759957123 
40.214789677316055 250.06366294142845 377.50176677306746 326.68494171675417 125.58962771964926 
163.53898692904488 69.3573932744132 256.3747782574123 378.109559007587 352.1422256836171 
411.34409236845397 468.45598156943055 139.53792784597113 466.86596570785485 435.580243090203 
459.24687636566995 356.2538203722491 385.70079324944624 412.55876431599603 427.07395955495184 
222.6928296964377 505.5212131205384 352.14702529281493 482.5080098964113 71.64441854293362 
285.22268478032925 205.54505768683288 79.5779176530052 200.85914819619592 260.81305798697065 
20.155096740660895 451.1654690529278 450.4189177551034 378.1614463184747 424.3156300030326 
456.7841136140743 470.3230987931107 114.10773518714817 443.8530967044059 375.94498266791675 
242.74401862810075 481.6357589219549 277.40430075821814 305.31304930219386 48.404681024347795 
139.81340687326716 282.4627661429515 442.85682844393807 191.53193538661944 454.2025552786644 
49.10202686422909 167.19453337927249 422.8382030609593 478.4422897352075 63.32906907622736 
445.3399346946018 124.98492337340488 452.7081548293626 87.02102559504436 227.05093851846553 
449.98083174647286 39.75089949529469 506.398277053374 108.98417102687068 222.96804253486025 
144.21761484018668 25.986951895707758 176.85851531085893 51.849402822773385 285.9584759622738 
210.02422905786338 58.83080933802658 207.20987003220458 123.02221174295768 498.25921573793465 
348.2869081517842 461.9852641005691 345.0434433581738 448.1028078277518 179.2510321927216 
205.33148607844015 282.7249447098614 80.07950285233349 362.6167576227657 270.1472521572798 
204.1180661055465 328.53438299661326 116.40259661353141 38.703535560741784 393.4042887052122 
224.54831629801845 48.23539309439033 15.832836089959937 232.88121439340063 63.01452280366914 
173.26461975739943 184.1313766241403 133.8559772221719 430.8296916065149 375.7107086823577 
80.6273500921612 287.1492432471244 98.15270242692146 347.2505274561637 159.36840189817636 
328.91297489190663 399.68406687350677 160.44314432561384 129.38135583292603 142.46499627826458 
357.91928088548195 260.39905013716844 82.45746158600846 141.8435319317637 425.32919976500585 
282.89579061302027 350.2161383632043 507.7849229382939 347.42047456490474 232.14341886086186 
154.90044429533145 471.82740611414397 273.62929162542844 176.40257638036493 243.3573392749823 
369.2443949580411 368.00149500358657 244.65863109021967 318.65591502826476 306.51013677207203 
296.6121659506736 332.5546918146177 208.79667123376998 414.0010096312383 93.67787701726625 
50.78690167599447 336.964970517696 279.6355310289457 33.3146465125284 74.16498256981833 
182.78182191786473 284.1561816906996 258.89482952356 174.54116867262908 49.00512192027228 
183.75623186730516 46.95597494691361 345.81065389601576 73.13440952865129 410.7546847757133 
207.61479160575774 54.186776919415195 48.3723799546854 188.02239411365366 248.439427993456 
271.95388617519416 243.39613515825863 177.86252619554816 53.73306343071876 77.90123880405812 
35.391434451830285 11.048524218684177 456.1820263529664 232.64077537141165 295.80299417883384 
166.72269677836863 202.82157535080347 262.0122025938088 93.25395439387034 298.8584279535576 
442.272346338695 206.77826684431315 403.08767703859206 229.98930617032798 485.2008063657105 
321.8134532455187 137.98499726633798 457.9082399452004 214.95652745362207 132.98926506524333 
439.110029079483 146.0396155718113 150.33979606486602 384.95906862919736 292.23761340494735 
193.1876952381042 287.45230825571946 38.04585590602304 158.31569231105433 103.36437396747105 
472.58431338029914 97.43575724210551 432.915492600217 501.3993932881784 183.09127305040855 
182.88070483032618 174.02285835999453 265.0361486509592 218.2130964683277 372.1132097753185 
162.6237609933217 369.21624437845935 426.78917902505344 476.1764558990113 485.53708416658316 
163.25586238590478 223.8222717534722 29.872706676632156 454.9479319884624 426.6170947313875 
272.8444122542639 405.5333886344397 304.0943604178525 173.9774068179749 336.03789625524377 
83.31371721419654 223.56096275298202 305.3003328772657 419.06458375187816 236.21514275397396 
427.6321533206894 321.6104178196964 462.5565598678713 413.0387396353313 65.15843493167755 
452.17579392857346 457.22124694317563 227.4725592014315 414.3887140128093 163.8011717898457 
484.5142226816111 86.51619988129448 426.2218334982764 147.93468981394784 309.83270302970413 
116.4456412017829 305.3303911159928 506.2915470280512 280.18303775118994 69.521479638523 
443.61001687633524 480.697621351182 403.27500973072443 119.64369121844992 145.40718112487255 
197.85619547093046 109.99646851047572 80.15609980337555 208.97874794439963 24.74085469846892 
327.221025763205 202.00353068094506 53.63628938856279 255.3178093057633 112.90233202963606 
335.44499603044363 207.0283790576834 474.3006051388583 230.40764379727224 363.52581365872464 
92.01390657609781 68.6404861869903 164.04418162200844 440.51194224378435 177.57965755865362 
482.45545858308714 202.73114110659878 193.48955741583433 183.25508514167987 436.1012116819883 
343.7706227440393 170.33308858346297 151.47765550181268 455.086986670139 393.67057713321475 
442.24472220828386 327.361682262124 179.53955952896206 267.97286393680554 394.06862496327614 
410.32384221912804 49.91843253095178 117.03949501177223 360.58292600582797 367.01855178572504 
89.68539736540336 29.750387325120467 391.972581415526 120.03623639617516 130.63151564404768 
192.0655135460408 56.68632766576675 51.81771324635347 451.5647655651824 502.4047051466099 
314.88071679407216 388.237730791251 426.0613669589567 270.79823804601676 120.65455562418403 
151.3107922407153 399.9839403601418 253.7612432889535 36.27658896791807 495.472518816942 
144.46966506794882 401.84519572771444 266.60987209443095 366.8894527720028 355.0915210587096 
321.819407714644 146.93570592249515 50.2506490611792 292.8957536339483 80.43593351137866 
242.3803753324676 292.49402645090254 288.01869409843613 101.73069593752487 342.1478210985778 
317.92069657190933 451.5860120208201 34.81422233876596 256.76131074957823 174.15031247692875 
66.59762550367658 94.1049690351045 451.517309638896 473.3706067847362 253.50127423506373 
498.9583866359437 174.3546063564608 218.33434350911563 131.15797802313386 264.6448879219381 
361.3418080816691 27.556566807210906 318.90243401465483 221.62979244922238 227.98645745004535 
199.16549368038872 250.40152687022547 265.1084133012382 79.56874869732144 177.86010150015696 
395.0140907787127 461.74939367138046 498.7030387741376 114.42750034723075 107.35493739621204 
265.59944007523086 193.33026158024833 332.273249069708 450.7664264277994 220.10250399624724 
413.34438513208204 140.4177609278016 465.40061156382893 148.18662209361042 469.05601608724686 
57.411864598832786 476.61510810388336 457.3715524577734 509.6963175168637 135.62469248696445 
164.3857634089047 311.8502121514503 345.16429592054607 200.35703289189516 239.43939199861285 
48.49713920326442 219.22061964961557 443.2332099475733 196.8094813460952 338.7571221275352 
67.33116256911514 434.32466886334606 242.5182754729953 223.3670226970376 417.3632153320812 
242.458363906215 114.0880343637664 271.8640579767931 216.33773318527992 478.1631378324836 
140.58488747828895 243.83343696056542 491.44051425109626 198.70706727288962 12.898224667637894 
253.84880780792494 378.4955915231019 239.67910061524753 359.95885278249546 67.05831789129968 
176.10391505921828 162.56796661398465 351.59893205951 277.36962716687435 208.65037291671007 
132.79146047846893 173.75693920154777 245.18686706856258 406.38242475331094 167.62943212150958 
346.73071221533286 296.6527774054952 135.763355660525 318.51335607721995 482.1817009878406 
311.34906934160296 438.3033235705671 477.12571463736646 199.59358669835936 450.4081612560607 
461.07129348466174 119.76240526623027 47.888330717650796 401.9894361460094 487.09106539177674 
429.41111699575197 402.9028868716393 146.07310404038776 98.82435874035211 359.99897999324276 
436.4295743911251 365.5248292621597 132.9442683655168 332.2624292781435 377.52331189733934 
255.3842395353847 209.6021180642904 375.6926426594686 411.77882522883544 107.33044324680156 
244.3907771268125 156.0093783864172 189.28101083308252 171.27758617669784 476.2077379622873 
452.6166880677878 36.93134773612799 421.053845954927 169.22088974252725 275.49327447332394 
95.8538862656934 476.1166161600716 272.14027502591136 435.970876640371 229.5835314524262 
56.25726714174616 442.9987754605131 10.853731295742177 173.73996674544645 471.2485819360336 
472.64507685914947 264.33216146533834 22.890379276457033 272.3878557479877 265.15185601981386 
217.14353872180547 275.30388899901135 317.88891755867957 158.34233469328007 177.43366621748407 
281.30108508107594 129.07617036413666 492.638474622176 172.7716911171932 65.90156815219116 
39.333733515010394 461.43373181060434 347.77175376558586 121.47271924414414 262.7628097413528 
401.19362532216076 16.774441225425974 391.0829181267122 134.5004981670777 304.4872436563899 
186.04116683984606 288.26204817248953 399.65305296390915 464.15275401172664 484.9146067848718 
223.8727823985489 52.79679032293948 281.80005611141416 70.39835624346463 235.79546174191816 
354.9997439764387 398.8537837361855 194.60888773859568 442.1298925785588 280.3171937169412 
433.33960565039814 249.55291837724764 163.61707943379443 268.7142230256048 230.61721160462966 
228.68340637859816 185.984052255813 287.36835947635456 161.26275256220134 169.68713835196087 
257.9149271347685 327.3054726542566 124.3043033718622 267.9572655334772 45.35134866323736 
87.32210618921349 39.01301645126148 475.20366476546013 387.8252777319102 222.1472361042031 
233.45347882408822 22.65436694338218 327.52756725420744 156.79672521141006 262.99608636182734 
433.30131986989 506.81506237099177 94.07343967843877 316.99479483610884 212.64322532664957 
154.85970115667885 467.16636827847225 496.83327397414655 32.379048854239024 509.1424678619178 
214.30160986372968 373.54251492414784 346.5049606773445 142.49555177956313 377.398588202537 
358.1932190717051 504.2679747146413 291.3956196484652 151.68446030220105 43.26585097598744 
49.42945761783695 406.2115211541866 138.21995442342381 298.2016870920333 20.291525184809522 
269.1094285734296 176.28963743605735 27.337836180219725 189.93955397067225 150.31851777973614 
257.6098737989696 123.42945503579033 311.15381426582564 98.46050085633867 149.30750934143472 
274.96225837409855 55.44347089128231 85.64587538985418 477.62244154597863 410.4583863169636 
460.656013859677 353.040234218314 149.28717284002988 187.97882144805487 326.6152424176689 
427.603593839477 112.53650487101501 63.02554926786207 123.24093529866575 405.7060070218236 
84.70049634928155 93.04632991590982 100.60337913034682 224.32251095643585 498.33378655413316 
261.74556183812876 415.3657425395964 265.51050885409734 42.834381010327704 231.40404193710577 
213.06759828448406 264.87275926039786 303.5051839695472 56.410965047384565 230.70265918699826 
119.70914922427278 125.01107990625748 16.21116471392491 109.04368374417422 317.56020580063483 
451.18512805923865 350.87077792840864 229.16801579738248 330.8456896605914 18.136593997107532 
307.4644512855012 12.636494345292506 448.30115450938973 402.61416989756674 30.487170630917205 
249.77923140789042 138.91588686609816 52.57738691547358 454.49392479565745 145.54106480758037 
169.07504657523143 51.92955270301191 482.1702370594915 397.34002358726656 318.6093443732313 
496.36499766493284 356.03673395985925 244.39184762473337 166.45536372736368 482.28407104556595 
256.99091547442777 52.95368682167411 41.62945721330185 335.7288827721138 287.889136005993 
126.94011455894343 360.21865619979167 333.2928856989334 125.37204587963862 58.36456962051261 
194.09144587557375 291.9574469142203 248.1365735613587 57.05940225589627 42.03166184773365 
29.80861078721785 274.85750831825106 324.12758270417504 398.998609941104 324.587049680463 
69.9619386181312 158.57918451944835 344.2165499438912 122.02444598338712 400.45953520815897 
111.60590591180713 493.7966114015383 370.9192902159116 52.03190809329433 127.94655145385636 
288.594323182189 486.90543199061193 437.58410458527266 238.7967857956509 213.00591804802227 
71.86626799925531 356.4614143129796 495.7161301668476 165.4063518119536 140.94787028467135 
187.53450738672234 459.98547233074567 325.9324255566799 234.1240991512422 424.3562466959222 
186.86806449430648 492.31393186911237 414.266836336911 85.59298819117815 269.2272612123746 
479.4560757314346 278.6744982839928 158.93381071306393 129.95409472477087 303.47613200002246 
236.01185709826754 361.6805450979631 377.6577050711905 495.8977279492036 425.6144668693819 
126.22192863930542 165.07188261005967 18.705604777675845 281.1106298097809 343.5948477667661 
114.63086322086279 375.9641161694014 365.3141440058421 23.335872087212152 500.6672948146788 
142.7026344564704 228.34096467881892 152.82626244208373 502.685794829209 256.77088033188295 
165.9027935065577 164.33341398112722 469.1649465525195 44.367290780387805 379.7308284864337 
42.95204729232609 256.34106827010515 74.94377272616319 167.08281182504913 233.64809741207725 
331.42679306930194 66.18961806406192 391.28641089475417 130.60860257958745 454.7174915471406 
184.79800580430089 110.27205111608167 57.100553735407445 380.03889935592525 213.71807933886566 
365.04848540060635 269.0419283969839 137.98885144746924 181.59567810751153 255.07405882583706 
140.48802264804777 91.4262949604655 175.10604322246886 52.47679298916951 314.23612978607514 
77.66088121798686 179.88135653760588 232.07659516450607 225.75189170618685 76.7959548770155 
420.7364438970283 419.1625043670228 33.620092168950336 470.6783412798333 296.8957367421575 
381.9782012185944 114.7234899766411 81.90792513781813 132.92448381084887 320.8689433138068 
407.3522935673652 307.36015710186604 91.06751199855977 331.0429182857799 10.447908579211509 
285.6745893834023 215.6985690933208 40.900329008631154 72.18367537783453 163.1627297171045 
205.58331276123147 52.88311745412754 126.0859710546075 147.5880056302059 134.65928769332896 
438.79866771638746 157.89871698900058 164.27139280511238 467.0357280478422 166.57044315095308 
311.3943572832294 53.975406367944395 336.91656807687406 460.3687975592594 266.33459130669945 
377.0199381092222 189.14957630261995 221.0749637935917 446.7838027237109 13.082821008529635 
501.10492535164883 259.03152304349385 342.9784645166584 371.1383470243434 431.58616869171146 
216.03230974994557 354.9554959058041 148.9868467635732 367.4768432473427 178.5049101219488 
191.14287675489072 206.82850111264426 463.8257771721417 108.8390333020977 480.1154916383807 
244.33444501589278 398.0742658746436 346.81364120958034 378.71934152152795 95.66823290026926 
184.12819930095424 58.0761123818968 84.76738207641864 81.91101277947254 16.978277494032458 
131.62659033935182 287.5099440459631 485.3432736455434 243.5714756638859 153.2604825945134 
214.08298350310628 335.03645730168523 180.636825008049 206.92244336991976 55.137195648333574 
318.2075041353083 125.16868169248146 380.92476516803094 177.8511915639651 256.7894488964202 
28.27059866102815 480.9834787290979 159.53185724999358 213.67122911261654 428.0628944524841 
77.02512749913625 300.0049565242173 418.0597886781823 362.35707467159716 135.71748261606535 
395.9991157378738 324.417620622106 106.8002487218268 115.67721296497496 185.7264269781721 
244.4289023730327 209.19261176451502 27.307735332384887 496.8626177191208 116.44726694311984 
415.6811531387387 84.22024058400983 256.1300943725681 101.87845648108045 209.53273198701476 
198.19119167641063 143.68682632730227 322.95085318760255 308.18958818887137 194.60922609710755 
300.5242549935461 181.32710796639728 89.31048522680972 250.36475481824797 122.07743658456765 
322.0099698374843 41.50056426254072 181.1353058424031 296.250375910029 431.99537629848317 
460.4330054651837 330.0196846334577 369.05988284737634 188.12603804568016 236.06570625447154 
434.4742044021348 246.10078583131423 293.5985968670904 201.6560613247782 473.5040473632479 
163.03603146805122 167.5773926788991 140.27692372785248 122.06281249383704 283.3143444268791 
477.36811595788816 169.53691011117172 64.61349344850613 206.3189729904804 327.60440761826294 
350.2082374232156 44.80393843582663 294.1503248016888 45.900447892196766 489.46509399509273 
153.2099276787075 350.245910154677 129.42283095579847 234.43575093627112 480.0990655489179 
308.0403936430075 41.83470352988354 176.77151733668276 385.16844045943714 212.86922739187423 
175.0652667568685 313.93569678418066 261.20939489114073 405.3186853134227 415.35805544213514 
337.91556300794036 293.652347461626 439.225633776736 378.05064320105765 347.0606350913655 
342.94489392868724 392.5300555717586 500.5393850404247 201.7502886915397 201.71631157546724 
354.18347256894197 307.8819315971259 369.593786268399 103.68151133057184 495.31642178962284 
290.4909663753541 230.86593039873125 486.2376477518511 257.8681116624691 458.3719709857059 
439.881464156369 133.7065094582291 318.8812678946807 261.35841384807907 63.011292248521805 
453.1757101484812 113.66550807482777 189.79736480213415 339.04365806548606 259.8919406270825 
326.03218365549844 495.13861443754445 32.59345836709731 74.15938020712191 378.8038607945748 
94.88056508341258 476.2627301803231 56.69623361247138 82.80165810008144 351.3258567850772 
22.255517708395615 334.402800948301 227.5134153170396 38.60002873530326 249.15021715581642 
93.49389412522589 21.64592217714244 437.3861087075621 394.5324545327297 441.94904828437 
416.76434163716647 121.82854644239337 109.19179923396338 168.23332298218045 472.2218741877113 
128.05934255636396 253.58516356526866 148.24211560524506 44.58281608463326 318.79965853945373 
82.27035865011949 277.4228451038835 209.74223327340883 383.49003135657483 287.0125786585065 
430.02689498715023 450.945169165506 38.40220627286472 494.26719065883117 72.44471464621398 
270.9087533233201 116.1858269024566 437.7419112334267 282.57733756359073 11.250162740364381 
359.3030296279809 151.74131875042946 52.19739056383942 287.42359043172644 356.80420746753407 
155.99708418104058 374.2527222780377 72.36943751709079 188.89777074424018 227.68689543193338 
242.06581810990266 87.07873822501726 468.76743413075314 481.34519358623606 312.3820516447785 
281.2760153743245 96.08977919272826 102.36887111148795 109.21995096522778 312.4236688935246 
161.7054767172895 204.8211510108384 270.47660059496224 56.25099435132169 67.8971824461329 
409.23659208491904 464.2412942049162 307.01104209253776 53.72719620135823 361.1304802588516 
226.77054762732666 450.66832082022165 439.8881029146361 35.915696428145225 99.07763574039745 
19.22057484475658 32.51950417425391 300.93013823871905 64.0897366923796 159.3577170718165 
250.44389116258463 330.27798369519047 411.32585820351545 173.66100911424815 165.2748234778763 
93.18759461589315 281.04860333764765 417.5457009848877 268.8506249003886 261.5895750714725 
264.84293930606873 460.1501882277768 407.446525903486 507.6178759577802 64.57517198173451 
42.37479091136852 447.21862415719727 286.7370473326927 336.6850326413865 490.27335017692803 
360.3325443960753 327.1989282736379 473.7642472517693 367.0007430404295 46.23014282183645 
171.53176785203422 200.37461775206927 271.51939565715446 327.48715603906464 240.76492169510692 
485.0586317461808 317.26799633013036 184.71517322207103 17.092330072831555 395.4959318054414 
448.99544749342186 419.96081288474454 65.67779159530895 148.75857511376478 380.96323187438196 
63.05539726980607 241.3051825789682 233.61836622703944 64.71939225335781 460.3681584662041 
50.57687086018957 106.85926445923792 219.64700572702426 110.41618358938814 265.3632394214559 
90.5480704360067 84.4906312906135 435.78412940790736 508.20663938913924 222.21649391102144 
173.0635259635363 305.80685787171524 155.3827659991287 434.9076770007165 442.3389480861799 
249.46822036601517 28.322624352503205 69.0404276695753 406.1286224091521 422.9689298044798 
469.09829089900205 343.044122137592 352.55145836004596 21.416826616774735 20.675395326627868 
34.717519866219504 448.49572649415745 449.0925485247368 57.63570388377947 250.264595080736 
139.27771373371388 187.74375742523375 338.0726952846352 282.96049810018485 376.70009592965704 
427.36107856037773 72.3634245425082 188.4006871028851 333.71297757002486 148.88884196318452 
229.51970371763585 328.28655594021393 388.88104205994176 473.3237552823182 426.821742187221 
259.7004980438203 288.859497901649 216.6546687545298 373.43743561167133 471.82360165381135 
22.082402035326844 215.09650554907466 463.7302636656297 97.04909150171419 61.86605684501255 
110.07147727452286 240.9592129504493 348.44467864814175 262.13102856275026 407.3908553126354 
77.0734653645798 60.516870279031124 313.94552455347196 250.09013837294592 39.30535403019458 
335.2304495891565 296.0935095756818 469.3710322190434 39.26442018478242 420.2361961832359 
477.8706076995378 103.10323469709824 485.2358831462296 71.25991183701385 157.31089058063102 
196.33908811504745 283.3865691016619 275.60610144540937 443.04771425505413 323.29437895033544 
158.58142083876723 338.7291020539218 13.011671626448887 395.2482538023686 390.5137347527067 
460.82511783380164 508.1689010417192 443.8155278422894 185.85222862088358 55.39803212827387 
344.50276224674553 194.0443435003572 32.108127456871244 186.75224953935708 351.44200463478705 
366.79248172057487 503.9252927046722 128.36571112875566 269.93870357452033 274.8353095998785 
117.49660071106216 169.0960563055966 268.3988475865297 402.15852890578975 453.8096292648037 
419.17329426661604 259.668952738037 280.88892163139496 396.42490656925617 492.9318579787287 
427.28160565113797 105.31614159755047 454.4896361508468 70.2353551408119 494.16326306555715 
147.45861042543834 266.69022285044315 463.5470642032803 392.0072652305452 163.6268909896269 
506.84661398293133 442.59927009015666 114.51528303351104 106.43733962973062 36.85163552571845 
193.61467024143906 162.71027162401117 81.72943630785488 277.65839330081707 415.0327854329867 
115.52413926481846 114.83970947392024 394.01890783536095 176.69481088269072 483.8631780916615 
415.68558404553573 13.677108744562563 294.43962230802583 131.354320227033 457.1120953415476 
326.71926418970537 97.06448047716742 169.97558257933585 305.9546371884509 35.78506438743877 
87.60324950160663 363.77352162889446 271.27099623788416 252.8423415907105 125.87538556509708 
198.87106525739117 59.19564327400988 63.228746100442926 384.25882798654004 402.9687105603185 
248.86944786732317 102.66327504661153 453.6398816735779 322.54227215978216 28.89799204465803 
117.93097722312139 101.4931967874722 190.940285441245 258.7915561996768 106.94386855088183 
309.0450725117752 445.58418590161216 44.83995663890127 258.881146760186 339.47304545905075 
377.4743802081178 144.87522230589528 40.11194475776175 214.0950380369277 21.20543073825214 
141.37548006846205 396.6036032361821 98.50115024231981 318.69327921038405 447.36289827572494 
168.5187653209365 225.5811355118087 214.81781685699417 334.5490318929229 437.7041806805945 
107.40082663624666 468.18390928939976 298.1805567565304 153.7746224782 412.88050393880286 
85.2038594056284 198.03859842179182 509.49480086403787 13.22841584515543 410.70459157896715 
240.04473627753856 161.16253855217064 322.08258933137375 33.26258145703775 487.92681016928066 
14.696267269530042 182.3139429378086 288.4697438284075 219.39771078828062 423.13005474060714 
176.44394041737192 268.33330661187773 66.30017303418322 266.21912041368824 362.6298982893622 
370.0128647990079 503.1708094882612 507.8592023285815 63.17097302566992 42.0976833832099 
373.67642928188553 452.0226625512667 457.4881311303246 11.627506435906644 269.3758385190837 
42.91460044315531 356.5309825528961 400.05976627444494 200.260096757282 180.0520809825203 
160.56487382896933 261.38652811335237 121.52463059606083 143.96956486655964 127.29117726755928 
200.6042317816928 506.0260112399534 353.2537034910061 202.25390808307412 355.7392790507569 
276.8767561069267 298.6105445575543 288.48594479311134 151.6327479469694 39.6311438877983 
124.66841943943679 457.34779478988844 358.6871149561862 178.51527274306704 455.21947237374275 
227.512146878981 114.77845648406864 506.15441437234654 182.6031286878435 164.04732033123304 
193.53687264296724 281.25073345539744 66.93439879858286 174.55263244938445 427.1985712023885 
33.664726948461 115.88043067559633 504.2990065368283 317.23255221386336 261.35317333811656 
340.68814417748183 57.32775658836513 490.94508900342214 188.617054369786 109.16634132573454 
295.4607551063679 287.26511368055753 400.1123175842031 441.32515945278095 92.17514015435262 
379.91365442810593 290.0767074856814 218.3762128602512 43.295615314466176 471.1603917437365 
391.225872676917 400.79642775956603 361.4574949355953 214.37054422741298 272.77167503564453 
476.1586963388488 106.29369362493095 148.54513245906514 322.01600885072173 482.4325745203679 
127.29859257756381 53.05776823090146 348.9731491252179 77.45794436155245 221.32218658791086 
255.7911480637597 78.47383638124327 250.2950556535921 131.64733630413207 52.87626788676563 
219.20411344880452 395.15378943956847 140.60351094288382 23.237623491374695 424.1321551010371 
93.60546487387016 132.6699764107288 146.1473279573897 81.77610229280751 75.78019233232274 
130.02160170800352 254.99152614602787 502.7662051949725 456.2529861613665 427.4704583535887 
485.45198902885716 191.1540893409025 465.3217033056484 78.75627022238528 501.3061524636763 
14.922653968521985 21.379957872426406 111.13886245691023 406.04869552770407 215.149420599765 
115.08814120208766 470.245774878232 373.5377702822512 318.2766062474094 101.04561182150105 
322.1280432713385 155.86900415627264 140.94099633621903 117.66733013582774 464.4774443553193 
251.6804278011657 201.81679859609923 480.9678345974474 223.9582487916457 143.0914309777616 
479.92448223368007 22.955957142202877 341.6064837429992 134.47887325084272 83.85891402519235 
470.34313365342723 473.2500585350259 451.2934557774243 21.389687603632904 84.26862901286107 
56.902795911659354 382.11957409639024 383.88699111069604 406.7447224887283 424.0852865774268 
372.1815905676572 385.0260175198871 84.52498303027288 157.02610498098971 101.49989910536065 
318.2230206574253 366.098728647799 318.69606188946403 205.89963517155883 122.25620376657614 
492.5149298326782 307.62904288364183 424.07540740023904 369.52458462021445 327.73846865714023 
214.4820971477903 78.91500440096033 116.39789364209729 199.24206938766557 182.28843371756676 
426.2852631221116 180.1106602175188 44.5369351863779 397.3559485815328 29.483234862344656 
31.65363678608445 84.34517949154434 462.7647200076794 442.55576452964374 119.115607863857 
368.1173436966131 31.416538799990448 110.69056335723819 60.928834170450024 162.59785502560763 
200.58946009633186 20.882006159819156 273.4711454807095 279.1418540600484 294.9507228094643 
261.0746551081688 222.47786159604215 60.4862644416717 289.98096744311346 270.98770012747224 
112.71660348380613 372.67837401863454 252.76299035147747 192.8234780849014 455.3782820132409 
72.86501975160297 302.0881253615874 355.06306343135606 77.63717359944948 48.64549291050978 
214.8333306394176 47.55225265043466 263.833299403395 49.691245702508596 430.56224680780656 
371.0808569484226 342.7303638514216 157.33560154358722 331.3031589107631 69.65858456017814 
160.3021375714249 362.83660599372143 298.45713195750847 378.6905723910255 502.50057403679676 
350.01601567706547 173.78941282831238 47.25566583030998 157.45875735681375 202.9776776910608 
376.45717083508805 317.6906815453685 431.5817507124679 384.608375057054 53.0267777522223 
270.6836291569922 58.97854345924818 456.56425288056545 262.43368098415397 69.07911542926158 
68.68817012115906 136.44600880721867 322.8380446081465 258.59905961173416 299.1531732204551 
412.86588421137395 72.32926783811999 408.6817386758985 374.3934272880215 64.10960617586508 
420.43251466979666 501.6425257771631 81.33364128520242 51.096514140268994 192.37033817599334 
103.35906128752258 212.737448748588 380.3408089345578 393.03261144340945 473.6844097199735 
65.2013693609486 157.6172139549196 142.60777783923032 399.7909903185968 406.6616890955692 
178.03409423201614 160.8286288736032 160.6486520961553 352.86741970259186 23.217118257495777 
301.78570802798214 155.83978167595978 217.27243311339393 261.3067206605782 266.2615003866261 
356.91481099456297 23.799905454576656 470.472364918852 243.53840585840803 364.49105420022767 
496.9322221269471 431.64677106284455 359.6338309148636 479.298117869149 468.5794376628752 
461.1832751965676 433.91530349937904 320.3729666112788 266.17941574037485 479.1393703095999 
171.04891995641546 148.6077354508296 271.4827914960676 33.88961382936161 40.234144119668294 
178.85350888904856 464.47588524066595 128.77099981791486 218.67804016535098 288.78308725382124 
391.89462403745824 321.46394028375283 101.26226856859576 157.7159118149236 124.78276788549647 
191.8119348864602 503.3556995264533 493.60832200638316 394.54732932990464 398.7831368346416 
308.7260141636766 131.41217839902652 221.96447951572 172.27683837564715 439.5031739618037 
411.00499123706277 478.58904929981014 210.47807250162074 150.1482069588204 367.8947707210031 
445.0206911945727 78.46343995207677 272.3800384230152 394.90265316909034 55.479814483249 
328.7612873570156 163.0138555265015 158.02638140379705 143.14655672094483 189.5693493260734 
231.66390136008175 174.68786113362967 125.71572887254634 291.3329617012653 50.26390841815769 
87.56786050092684 195.62100847749403 27.387029559333467 171.3582792369071 292.2310261371143 
204.3814037742801 269.3648534559687 407.1171386327542 201.74425681907337 55.52318494353624 
283.0768522115943 446.0284658071933 56.491611793375796 45.530391084253935 315.56247572078814 
309.220196071704 312.3889475989437 217.27697869684286 449.0182827550953 273.3657277015238 
265.7012704650823 415.39385067273133 442.30535430672694 12.125712496147846 197.66599439015408 
358.0237384319563 405.7392223338655 333.07942771958005 447.12528196764714 164.41724698896257 
279.86537642165223 12.098648976396944 444.3704978774233 402.82303931334843 213.92344998848128 
352.11740737832815 364.4019781859315 348.12527977597335 64.70333109090109 218.25059153560565 
182.80717890078407 263.6816520485812 361.49616907158605 426.21446107811175 42.460358494707684 
146.81479930116285 207.84354073013193 486.0024010443171 464.24699568000796 502.4105728457284 
215.78775843700836 327.76886835903895 60.01583265294801 334.0759929500653 193.32660994745308 
261.874744254013 30.961994683629637 167.31022973905883 430.77552351151377 50.047159336306706 
359.6440278420044 44.14158613824508 56.74031020127983 89.60694927921402 228.8381828010227 
53.683749798980934 59.4036968436386 337.71691587407764 325.4328498374833 88.06424008054779 
193.8285965886305 227.60386887845434 312.5665735544301 138.17842506198917 120.9814832386412 
453.70776123481056 378.2124891157221 68.72200858196936 249.17873068682837 127.71090427103387 
393.4123887244977 436.95524679545343 373.65927241414875 432.40043762120774 338.36370344570275 
44.651991685881065 334.98654297622306 25.317185764256394 279.5622701029883 37.68660868008804 
41.98294839598481 69.14400513839064 306.2041720754363 492.71206324503316 329.8998385692211 
390.7867872565753 459.0497658682888 55.38208577784392 249.52632918179046 396.1011808027557 
309.9529550404317 319.57073574527055 507.9398605639487 492.2181944087731 475.2588717915814 
262.04236751631913 406.60176274947054 394.42182132280203 471.273106023022 172.0251661072515 
247.50095630886926 319.5317843393066 445.00562354839 140.1413409643986 303.04879372878884 
192.74450867373454 438.3923828831939 296.14724658681473 70.42833854493595 119.88549193246078 
469.1979673782088 109.93626106918713 156.1010236706909 502.0262123888142 336.80213409201633 
195.25789625799482 261.17396005173134 294.4185696270542 186.0736371460217 180.60601157952644 
363.3309972762928 36.70019620551584 487.53423068250896 336.7293779900401 316.03051297346485 
406.3235189167926 217.0161905426154 275.2176242941596 210.673326927081 172.16194182378675 
143.01621880659258 157.61581600707942 472.4435714512796 50.24606317710977 254.94918579723358 
479.5207250837058 285.52588787826124 88.58322761214714 490.50451035889915 119.11182834875893 
68.40186638599775 333.01335925888185 45.30848772670186 464.57032764425065 344.92908784054623 
151.05438088808302 173.09573460201887 59.83922580307626 481.90562900136945 215.69020570514502 
