597.9573319145713 227.96099881630195 401.8325392393321 90.58418166236906 325.92702963311336 507.1373658683575 152.57612664570615 500.42167159997473 153.48619581436319 335.1680960811036 
128.23410280952544 215.18505471040314 247.77494733985955 122.53526156806694 316.990417822643 495.09825115612813 277.14552249672244 205.08557533287717 44.707597860580435 236.03684077712862 
327.3173647587368 559.5354782885194 470.7877358622641 185.34436774682172 472.84219192266994 599.8720550886133 49.89014064844093 217.84147038553454 262.47293153213565 50.74387707372021 
493.0999422710688 343.12174332712084 127.03020012046653 243.93524702208393 112.14092544103332 65.22787490094342 268.3601222682888 534.0177339014326 180.22669660150467 465.8019535137836 
537.9770910113397 279.272637714138 293.14362189717565 331.8035976526063 163.98551146337923 183.97826816201098 264.15962819565175 598.8897988223956 534.8739459054569 548.1556906340742 
436.3523267629722 331.5499845184923 598.7757245581251 120.86676512906183 245.95030588037733 611.0904095947177 386.78938217333035 603.1580466793692 420.28143198390956 452.5612177238268 
118.95317688755458 396.74460087596873 543.9218044482859 221.72024107843959 501.4670112398036 344.5272270650912 76.6391097193169 573.1271257981523 373.75560499431276 559.0368969470313 
256.72423002268056 80.46159656112265 613.9669236348642 584.9003079495761 273.30466906904394 280.15961322871914 561.4992070212251 291.4200059488942 441.2338153862302 599.4610853600323 
365.150740655398 241.3631868167583 62.149511821108646 589.9630093235475 615.4857185185411 432.05264477798386 605.2958937273769 37.77172509521612 370.01044274426187 54.85370436570621 
391.7020493185307 271.3480099487282 229.75307050834306 469.1509481752025 115.31152281671989 538.1388536487185 475.84105058259286 536.9084207416887 284.65612894016743 271.08951165330495 
24.66990249736492 613.9070894503592 618.66796077905 216.12977481400713 310.25692196689425 443.7532472744475 180.22338593794836 341.7280476090926 352.373827620214 350.7517500082848 
181.01274759187586 401.6070884617829 619.0518835179658 277.73770573590934 141.32931946483353 171.71509805668194 442.0533560356762 364.9603616807078 438.3717186458723 132.54592426923875 
293.9030586408809 316.1130699271945 426.65301679757255 517.9021366768332 585.0736598603887 347.6029832830936 64.11064191321353 401.1947526773415 189.91854819820037 67.1541705478522 
527.5107358606373 440.3733100692433 459.9460499997788 177.83807514699814 50.74059942319715 452.58003682668567 233.02870014587373 53.624930402548195 569.5831895891367 539.6220051485466 
497.1412229907953 582.5498899959919 106.5672069224744 235.35468523878768 317.2212587044675 223.58773276321645 579.4866438894214 496.07112117326324 583.7462108012095 573.3297260343113 
267.1835152576943 304.9900683143549 491.62025448492386 88.55653795005678 316.18760120961207 211.93705087804568 607.9651364034963 360.80085896395735 221.80669629857366 79.31203227232183 
137.40853275083603 288.9935916691852 567.2614496996629 55.43746458653838 143.46370806807033 446.287193163374 254.45839270198726 146.3804590244681 34.594201449187416 487.15010508654797 
209.99472480343888 507.3428213089276 573.5574032020462 190.82581531199267 499.9890042083288 524.7126983210494 418.6206369113386 487.2505624212754 137.33112186360688 309.871620235228 
355.2435160771077 361.5231151845112 614.9455126091372 575.8506531203712 126.82043614456676 83.02074099509454 548.6613267945645 617.9294328574397 523.0768235773264 355.254746306162 
163.2831985435102 269.27174617007205 134.7129714973367 332.5596180813864 305.4565620053965 452.69163972465475 332.8891416581802 599.7093594137403 616.9210400169317 99.64347722747178 
382.14577568606774 560.554865040548 451.74586098390137 557.5299925305187 145.35249088482453 231.77602378577618 271.14089546052435 556.4218793730239 389.2796096619023 387.8422640177853 
199.43713859691616 356.2828271894602 449.38609009668613 553.2754482005568 374.8304132162006 245.7936106663163 362.4173697796669 488.30869404581904 78.48195428892504 313.86909330457905 
325.4071469059409 164.03492552608006 575.5697076808455 164.96185548820804 89.67665098474434 573.1390039472333 551.8840620562685 399.246141912664 448.4252617455927 72.30701435298201 
179.56177975778996 28.775986395269463 126.50614036144283 302.4065976928837 595.5517606079974 350.7111955104169 130.98070921770673 482.5320247256638 126.40666820453109 148.7049283719974 
171.0456935213652 424.0077545681063 142.9938425476966 243.54665682407767 105.92641345751512 360.4442140943043 578.719434694709 164.1542925360304 329.3302145311854 239.9396617949849 
94.85948679310077 460.00909091955924 549.0536577465286 75.52168901740808 426.59172778448556 326.12727482601633 170.33725444321203 99.92229819147619 193.3217231945895 161.6619834711055 
41.56158648918438 220.78017801777912 206.8972968222391 233.22931520178275 70.87836866187541 222.3639945238065 461.30478674729505 564.0523064809104 572.370441438501 509.91042972276017 
337.441102644053 120.01645924228335 350.3342286757888 342.6707286666698 506.5551155276621 113.73071710611302 280.27855452248156 251.75944639511067 365.9522798648564 197.6874891965432 
295.23347474433905 488.8992494485407 590.556193520137 467.6156086402364 35.96302127534381 102.15542321442102 133.9207853623264 147.11983789865099 373.67532294985233 184.75387271991193 
562.2870371683093 174.70086612757675 163.8242560392533 593.0764246015011 155.27780894947534 264.24923637296297 139.5959310856822 579.9270524624667 556.8245715196662 360.1073668436759 
203.67417412670218 139.1628914630598 309.9199507062694 357.7930370149934 526.8784742063891 207.78372246883913 158.78957856922477 511.4782837564073 212.2682199906048 21.573769250300504 
152.0771694406294 299.31744927645104 33.30705948011301 270.38938624121965 530.6365620188687 267.7180444461792 304.6810402364324 449.18655634477574 533.5243994607994 125.64833469690453 
94.36429705885661 550.8818880535812 205.78727364252921 310.07514665093066 535.526029464154 597.1408838511904 241.63701894336668 593.6259233802913 146.87262978469195 53.18708422459442 
446.60799513452866 255.56861138885182 220.018503070824 522.7260872430377 552.2899866126513 287.203152402931 82.47951560920498 269.0780525030167 67.23060673352441 452.7583284686836 
594.8827250015821 458.61232729657655 597.6007853122621 376.8878094373269 190.986216857019 572.5782553079498 421.21734874473657 179.85898593356157 319.10263398687346 183.42555982649492 
48.5160785915062 531.5284502993147 93.52043326186015 441.7083394292357 454.06940560056364 345.1978918924394 314.5162906176302 569.6662514052432 412.2421294804816 82.4440144226393 
565.5526759571518 407.5767107687868 120.57917387878554 190.01646075132646 246.25414807642815 408.97182765499394 444.51897698350643 539.8972142568783 149.7563243066105 230.81384388971756 
467.0263081556702 293.6154934844415 143.0210347659076 214.7228496418806 376.7383479391421 161.91167623697459 58.71156674051805 605.3504023691982 78.2175491643321 180.844167008664 
257.2218264827183 101.99300330913142 257.9053355392486 75.43283779472216 267.45290820293803 289.5390045521419 189.37019567754317 431.93284441999145 64.93104506545009 444.8427812496958 
511.44383109602774 49.8325691197701 295.86061524878886 364.6198626934917 162.83948386555008 594.6695049263277 305.70596777415295 210.95691493288984 206.84565988322143 422.75759566606433 
