382.48299081122855 393.32605287959257 343.48061156407726 440.49083834004193 341.32019171632953 461.5020595569089 498.3437792711959 379.03311031326785 157.74557974525825 441.0747441952503 
394.5741034717886 146.49203186240993 149.79295967706395 427.4977462846544 316.7615598565229 246.7724772814746 457.6409534796657 60.41839424552985 190.99998840983588 157.01605704783194 
171.29136476260763 207.7602316664651 475.88644088392067 452.9831020954983 126.00276267718674 306.3301456134234 394.12715883651083 279.43578351231787 492.4322141332386 17.15335975875253 
194.20339888042392 386.2256425166675 413.438415439479 478.73926636844186 256.55021189676427 75.7885913651145 64.49937947939654 66.48131891786184 483.70126247458484 32.750470056845714 
139.69771718804574 191.39409721015903 38.852828856520404 131.34636477262063 390.22663591412356 296.39059912947977 122.30015533487014 441.3567393864528 467.3698759719035 333.3030385412577 
100.19916699247955 278.2635524601603 446.9086073845724 128.85008798773922 425.1068938215457 268.3294743889251 36.908467145350386 172.7537898116279 412.7534017731483 24.3033286792269 
95.83985958077656 486.2093090493108 64.49869325462791 152.45486085142096 212.98459955970472 353.91053938500033 249.92743795755146 436.6419850253587 228.08211426464763 327.8347839360291 
189.03485124706404 170.1136154066089 192.16819758733703 35.9894960835983 298.4566890287845 230.75128861103437 396.5595887444936 454.324492109023 91.1966427964324 120.4525015060565 
221.93738780212485 425.0123414530033 444.3040478969892 314.35913069384526 184.48246422034558 329.3004841937031 173.9553042005802 390.6339365458641 181.0160238439421 448.13790449574884 
482.39187378310635 36.488193813751 60.09843457131979 168.7796004268327 466.16815422597443 151.16380562854292 271.03936809363586 320.5720029942884 500.16225977901814 391.57276037400055 
467.7724883219185 48.122350105037896 436.802856254056 131.29728452075162 69.5477997733288 255.0553135875954 184.96524953324283 428.6536589404259 405.3946667422373 276.5598365507559 
357.9897357239191 224.52287669785824 194.30877671475642 63.92941588771788 305.27535696476025 115.651351984401 238.11608492943242 289.2989026842669 466.9023205093809 174.12457134306962 
328.96684590467237 403.7809696580942 115.73603510239016 408.71715389359355 498.4129811771604 307.2053593660678 176.4659589441186 88.8220664217737 360.0217512360953 412.66402132833946 
436.03242560055935 276.66247866767173 422.47895482047124 14.065322586619624 84.89451922016471 38.489142512771735 375.1347688505582 489.90036906498705 153.59212443584696 430.46638924515895 
472.9453068744788 501.42467067934086 34.05530799550165 479.9502060228526 272.7630800815554 468.4581465856678 400.1141239717903 507.8610498553726 97.92946484035747 231.0066997879412 
466.6620256715309 262.8549086524502 233.12226768086285 429.9084655292445 151.92588296317794 462.99551725441347 476.41158481092236 264.70780249945267 332.29591852789935 465.6309213434816 
300.47701355882896 411.9602244153202 504.1684835216359 411.177546744949 499.9393122493407 12.171359632763547 292.25498987894207 311.5147919288498 326.7598378511529 258.57301341260415 
368.8099458230235 178.69347630972604 240.66054870407305 245.93966264343013 473.2313782851603 414.66095726412647 26.518024598472348 362.6481558943297 346.4866670290255 307.70637884861725 
155.68442935101106 134.18410133805457 19.816884193282917 106.32889866554461 393.18862600534055 51.297845802529324 22.172958345908924 266.2322031224301 277.7704703846171 41.013285347393115 
195.8365146197506 91.14836987378382 226.70161605911088 363.6924963051682 434.67874355037935 113.19413064618594 142.34568881768155 344.3594979642568 284.51030292265403 183.4628130275499 
22.41117488227489 471.4861097563287 469.9753854549243 368.55498089380535 200.85001133937192 21.44311354246358 37.44314661709518 373.75085461352734 471.355070290643 491.81982914693054 
428.3495471803855 338.5278250016839 470.40969283480206 251.81520569955222 422.44276381680936 475.12592982148135 321.84221478846285 442.9035928148892 15.385308027888891 145.86466268483494 
169.83893455592641 287.97829044390164 420.16588378604825 99.9140464803777 352.36826761531563 92.17596319522875 506.7743290591644 215.22324059669745 91.96957155859896 343.5851781492245 
119.59244435901438 216.30967739965143 205.85944948285382 447.0419917744082 336.9541540669343 463.6120009567365 462.30892998863516 249.21593065114482 362.32794151317023 35.109769939752894 
335.2444172644772 138.1892953375046 361.5746496606581 445.9131716217081 34.02575363403786 125.73300169695544 185.73397207461338 476.5258467349384 310.35431412194765 445.48218332077147 
43.79253603886223 205.48391936949267 169.26436738145227 325.2144229128146 314.88683917035974 467.07432795346716 236.15088703552334 216.43401135821472 314.39410158031075 79.83571168181685 
156.78678327891464 389.46517312412243 453.36425395514465 316.54483295133383 32.28277977103093 427.2575114277377 355.74599322059885 211.39174173954433 15.943118008635452 276.10666769914275 
122.86025654732418 425.04677796921334 323.9699603056828 136.4934301476914 59.574123592361964 13.322532114533317 36.97002002130239 102.24435673999871 301.6281959863922 70.13393087119945 
194.2161523274784 81.21709151892853 408.5707806107783 340.4595644211592 307.61727396996673 155.71342094517158 111.75181019030765 24.007239575013543 47.34960980960811 165.82326781726286 
31.82974951455868 115.2871696207907 476.102496761836 423.90267317692167 305.24452139663015 250.79563987574943 333.8917913503121 93.38904198665853 184.10966715455163 159.01244428593148 
500.39399600848907 390.1565055461479 298.9767794494012 433.9151369610884 386.754310532516 389.6148813252761 398.9254036389972 477.71330830802515 133.82169029167466 347.7549974986863 
508.4315386134481 83.50589612237208 118.76394996169603 69.34379952979663 65.46769112755756 253.56474502711873 397.01624398159754 481.4721513754331 230.2879312460448 473.94751775017875 
331.51579486132704 195.6586182738937 179.35072037735128 291.1430635959 286.1762489696258 466.7122293692622 323.8329259843831 161.45240348214435 385.55452720410835 81.5574065519502 
17.187984437763973 168.80839591965702 467.6635762500025 336.2242328569291 441.20129454911097 331.7372991847056 481.88383195019253 384.20703445808476 484.99622420771425 345.1652530835148 
208.92683402062355 364.3945501829937 56.443525810777096 227.77289183418569 304.8038744142232 341.7747855211332 390.4274870312447 470.6011822451434 295.7529509293362 219.1175978071177 
43.42195906537554 407.61158323180115 276.07702384982804 402.8382026842288 388.8292424520848 153.90366927925834 185.8468881910457 131.24475656325163 52.53508063963468 82.29339212381797 
170.42154385479225 498.37299284033793 353.1327823698923 433.95500777714113 148.73946939976133 331.6112863810349 436.2698012868266 283.8299213969201 342.3335811477502 206.31902345136353 
417.56958149791893 206.50539889679146 142.02337646435436 505.64149886618236 473.5820682756741 113.26652073395142 314.2370988138172 58.72453418539591 445.2158826177105 356.0241740302916 
173.91718873344902 15.531878540761648 143.10533160990911 318.8225590483552 475.9621004711582 241.46842573637028 169.3653538939388 342.6290695078684 402.1576254969286 140.01256625058548 
195.18744924905604 454.10978062027675 145.55085851114112 436.56064445258215 258.72994118394683 494.0936911743931 219.21988383063828 81.68672417726934 272.7554315587055 366.4288082642674 
