108.48915425610879 451.45660902028044 154.54209325971945 542.3664340567916 96.25052598977919 
407.22467120464114 361.41450039789993 317.1520421389421 458.5845428951763 40.60298074903459 
264.2372154790605 314.2879879253939 560.285612905701 160.65560566961466 145.38022205300004 
195.99542737405213 339.3548279425702 553.4968294866098 114.8196063527688 144.62154270977265 
223.30311652592752 499.9216889743259 535.4921913872705 166.95834168542734 386.0182320026926 
598.2489764583339 402.8859187579889 236.1958237186514 510.0395196289439 494.72038894104986 
318.7098823220819 148.85299513739062 169.08407717402244 473.7995085720889 48.48764289766548 
524.0308349106144 95.66822993240822 610.714524732366 602.9176789596992 522.3306618048741 
548.6678856367245 338.5883420151906 532.8446606368216 611.7818747029718 345.6616499247862 
232.49977426695546 277.68534384302257 258.12263772482163 274.900379612759 162.81973272121868 
357.15271373996853 366.77740589084857 351.74696055002664 120.16596980798158 346.1223129446679 
53.87495684532347 334.4300990665438 564.3203537271863 322.48441497073367 273.6506679177843 
463.9557215632927 499.45212360952587 27.82566986388893 579.5768605021358 143.01993665950906 
27.991229993694482 130.78421779610358 46.56494656122996 218.76714103625162 485.4951702100347 
532.9218662865677 331.5830070115392 284.237201038238 208.8533742258771 406.95700047845844 
600.032764783491 563.3451794148132 340.17257289427175 607.2022647041962 595.2294616126711 
94.23767784277125 418.6872354538452 242.0504120768942 78.32864159059801 475.86930484503324 
263.03853057322334 348.35236481104806 416.043372882018 592.6432011671022 196.26579496974304 
157.53103847236034 443.4957541752318 281.95911881425246 215.8540398918136 393.274798516161 
479.5464920822579 459.5131690956575 61.18149290569713 590.654258776512 321.9462127710597 
567.1926151790078 480.7106829243263 376.5061069811738 599.6523342797793 358.40970380241805 
151.26692733812985 400.9278681201975 209.65518514694517 585.7182469233007 251.74810916509506 
559.7271789846128 115.65718239655097 305.5565679713945 43.60917839694241 497.6694534105363 
535.9487500416262 64.96076935478666 560.4653950987454 332.36756965969755 297.82478667484685 
585.0918777715876 59.15800324872616 288.6574997048463 85.8854571871204 506.42077480226413 
434.6259907773438 483.3034358551119 61.56486237283998 510.4145274498193 150.9277723139005 
449.8763031973425 481.23169673886764 282.56799481038706 390.75655291779566 543.6493429285974 
290.20524711026394 131.62438365595818 275.7930617811577 316.35455223780633 220.03078423529757 
29.82841006473494 360.2394544131173 500.64370604490585 266.3579369112136 389.0561735046227 
149.87810358489187 394.0977060223305 174.76581026065108 37.664975822262406 148.99905519420264 
582.6280671437877 311.8787193121364 212.90726753903326 487.5399095613287 93.11416648578913 
449.1161698744384 133.75226236046655 330.78176573452185 615.1201315820925 136.4207656332339 
468.9590223208898 23.945199423458078 581.5350690524481 293.3080266173902 565.2447288133272 
274.0297824983472 447.98040798779186 394.5816951452996 50.39199110030961 21.241056558848474 
460.82798281735853 178.05828641080717 576.1387868562114 202.3486428540002 553.6728313055314 
551.6446788662365 615.6948997478146 358.31928929860015 162.1042295858902 327.11249709170573 
380.7286140066071 388.56849663411106 96.61892646922854 557.913042075103 472.6672851303538 
104.17464517893423 363.52004975917134 208.37643665529674 233.15571207033844 182.39915245741506 
573.6458300964455 31.638834930263165 108.51593451216273 474.8566680890435 128.77143178115165 
483.6414304379327 493.05222414430744 171.6788138754705 325.52805844583213 50.54497333063928 
466.0450946880193 274.0153905301855 466.682761609482 516.903500058535 587.2779967647157 
577.2166796878819 619.6229635231068 51.94122271131601 265.94041955645775 317.0407134645216 
411.88921621428733 141.2761071900391 167.75136484902603 381.2291446754768 203.60005167916412 
341.4339577182698 475.14658907771656 338.79554974962326 326.6128161682154 584.4968453183781 
365.37374436828264 489.36986450198805 230.2638830683603 310.2295591814261 21.338827604185223 
84.94275351038941 123.53238319692007 53.02774421287546 40.04793887247307 426.3535730255341 
53.470914065195515 461.03169425520247 453.48802207001097 86.86578627454101 509.74712105803314 
474.74931674815326 526.7901822206749 265.1735313204898 395.1399294818713 142.53222491668245 
48.51969484972074 20.18306175716485 351.83398515151333 500.2484955990481 577.9359577491218 
289.9128811009993 383.35631939658 292.49599963127577 464.06667482366703 346.8561883413764 
