115.56981188323833 34.26174317698981 77.83850304013689 450.8523143345753 226.42983057957255 
214.03054241381307 263.5799839070976 189.7995146014839 81.56510396288928 321.4174108114859 
403.05737977551945 268.2545846490913 127.8376427218697 18.40990000700087 431.53406633246533 
435.06243070939195 57.07601845052983 286.866693105843 150.19668120875977 168.65686682162823 
416.58766322322015 340.3070282212586 320.20313489215215 398.8018838637102 499.730893446805 
351.40442425962675 53.391950283519385 76.26366430962382 330.99992865469363 340.88801547252666 
376.6062285691349 498.6168029016433 185.07600640668548 198.5542518157698 471.58518331680705 
425.38756944004 204.29758456252887 432.0925510327617 217.37635792968734 140.73747643871442 
304.0029593358644 364.42763342543213 287.2218446198721 246.89031940028028 180.19828667116127 
125.28191288854912 176.87143004579292 96.50565816109612 359.00415281109343 407.6609769191711 
166.2758553903597 397.2020076426095 352.3338343338663 84.96521252737831 341.6133805194617 
146.4327995917663 109.25640470381181 409.43090505796863 429.60270216204987 179.91829796517527 
77.49776428482646 137.60368431003587 321.05534497089053 241.8364215063603 314.5327024311979 
53.54764123882665 285.62075049385703 109.9758908640792 212.72121389171554 485.49314981427403 
504.67702272736733 434.0545308664627 27.94207010819132 36.62650497905905 174.3206409635103 
70.40604471611316 26.17684156725535 375.7245938198222 55.408132130082045 321.23831051304563 
187.49753942461527 58.33757305863473 472.6028307958497 111.66627472674 31.9108751202583 
474.22286311061026 389.37998353587597 262.7227724209601 256.51232483023654 141.73339828715285 
310.94317309231917 143.55008435699744 498.4032694197059 194.86344711601222 392.0052184427037 
110.97565391125201 162.82400558737814 33.65491628061156 251.38677580552658 269.6749043179691 
380.95607395470057 233.6674782268494 120.38561415596936 211.12436683149747 286.84690468088894 
435.21545456629246 76.86985361151687 14.5481758028868 427.90980539932457 58.074761796349506 
242.04808438089754 418.06113008931874 248.452616156697 312.36287009279323 441.86976266956435 
193.21143267054413 210.6880151722107 101.29502581586618 460.00873045461753 381.12616260449977 
242.67860265785 36.51980396933767 134.3831698407094 173.46268432853356 327.6699961114716 
411.7371555720698 174.1650587019603 346.36908196602434 174.26492648797824 105.30204225849204 
199.23227068336385 280.6567528643108 31.891557484470525 507.51672993528564 129.0163527390964 
226.38831135364939 341.0191328286313 193.31506105338403 172.69926111695025 95.08384382085838 
32.57399126701415 186.0415500798842 297.7120777904358 187.7487592196263 416.00922923113416 
283.02865525658626 178.488813159126 391.92623513294814 220.4810620539041 38.67530592304563 
252.42851445917574 505.977499784377 478.584847064639 125.72966968711602 135.01873727581597 
473.7930134434894 67.10426274471625 420.4794734141552 271.07346176401234 438.1376517865121 
344.2264023811495 282.5529032960666 324.03875311295894 145.83304778976506 447.67609386093864 
125.0331930803804 430.3190504202109 362.9803027502872 443.2225504954498 495.590108259774 
70.57740213757823 83.42598086743041 138.01146707730575 14.3313794228792 434.9627147938078 
438.674706013207 498.175632531424 139.0771621816159 284.21707611114704 342.45142041149796 
235.1772962972648 353.76088607499594 433.6163347048149 28.11641151235932 250.3353039245726 
500.6592532149589 111.69712041705293 262.13623011147064 251.99016823915477 102.15487200876588 
70.72332728729967 141.8136767814769 484.76025919904794 142.73434260286598 450.84517242964574 
10.479923785913993 135.34211861013046 406.92519370108505 24.904109864143365 148.35193091601872 
104.30813870088612 93.87458798488939 75.83652258332145 22.258233596982137 458.3546219012504 
54.2730206999305 283.62949052693324 502.436362286787 502.45348690227405 120.32608882410605 
123.7816359773826 79.60475917264087 36.360597363342954 124.4775144031489 404.22225836717945 
240.51266352969168 484.93390011259385 327.5865180954329 192.64181589022488 285.1707386147811 
216.71459880171312 102.26263337974771 11.186924930083432 493.96587793230884 490.22423321108363 
342.06112079766837 300.4729905763972 177.8630121737378 92.43113231033684 192.24212856362476 
279.8675535609224 269.89738819542544 358.8390032368554 322.79665833145873 455.99757491776205 
241.16002585231243 389.65110567083224 89.44253832993058 156.4336878199206 249.47997678905568 
401.46286690169023 53.29352598589475 90.50453731391639 54.00599042329895 278.93631628395036 
454.9044777519973 64.19447954844642 353.89113299157225 15.909220454386077 363.3960845119344 
