135.08650782397643 167.56270409770843 
348.9638396607287 467.4393320524618 
520.6745282844854 323.00888170341034 
548.2661217789062 195.45707313788733 
418.22882155348026 377.7232076197792 
544.2078276818629 326.6659686988913 
602.0633753536263 457.21109046724825 
65.34935755797576 75.50108731897586 
83.36762964384678 25.528140163842043 
250.7909088736894 89.94242660759629 
393.43304566161083 20.68883566013833 
339.0815137929125 278.8362475930578 
355.3928958742643 335.4241617657665 
118.68796332458626 326.36261762765326 
528.0689534884552 164.38228990111688 
398.61768688537 289.74249120812465 
55.51887863093302 488.8656914094591 
507.78914857984864 26.278402427534257 
605.8780558456939 320.19875379279466 
381.7434936090781 545.822451619149 
