90.5257455386459 230.70485356218245 
174.19741680965595 489.1777807620228 
268.3904894510759 39.32003364967423 
271.1352375307759 279.53209036049844 
71.64361194315859 485.3060936530701 
52.06114495876212 488.54069183150625 
303.84568104023833 104.0221028871565 
501.9033201678897 269.8834057248944 
243.38176536241113 427.9362826841183 
37.415426363230026 494.47650819932426 
27.1365472270304 362.49618330293333 
435.9108738917732 232.19320959392326 
156.0260537421551 188.2501401520043 
339.95541471245036 329.5618287847053 
311.8393417481931 409.9231128172974 
89.97104921105097 366.6450173438015 
299.84295278699375 298.14989304161236 
261.7044685272548 401.3028454898037 
56.60158943964143 94.5690049393808 
410.51310841203303 34.04316717719918 
