188.3465905494116 129.46128637670043 254.3839951413455 423.63484351362024 95.72226593692994 
282.1283530176527 615.5978295785759 129.292674226484 20.5602379848076 20.77071993200586 
346.86854249795357 115.2897678886549 458.4335949000609 611.0264274322592 400.94383492860464 
168.19349763342828 588.0228012789794 540.0839455053994 455.2279479150585 104.14272560009435 
346.41069685270713 422.723783064758 94.4192744303058 70.02489902542169 424.3361229295495 
137.27940141581485 342.4032980529236 472.61937900118266 277.4996445178852 25.11134974863183 
314.4947074893508 244.30079118788834 400.01545525681644 137.1883728315421 111.12235050293592 
103.89626153565479 256.1028660832138 61.36915390892304 224.05080033491572 221.29020560296408 
216.11136194427328 213.97852791429548 476.23230993765765 444.37030653647423 392.9729091161912 
229.27184141262472 466.38291369427884 596.9087213415567 225.1752158061274 430.38124520923145 
