297.1894039001227 126.4347006937308 334.86536380279614 450.1703422083718 342.631045333733 
400.8274790501344 42.383145898231604 102.26851417662458 494.0746371343601 370.3741312311023 
391.5133129099937 292.94552929908707 59.85536466097518 334.97857493628476 307.1527917767777 
430.5069503499873 278.8959610009396 339.10571849474724 226.6991881522079 377.6660707485788 
130.10953407171894 486.1969966169545 403.9758701170326 450.1787572546573 482.89754102276254 
481.38774130809975 398.9785467451435 254.13183975903968 59.445786187110485 404.47983649006494 
286.64641614469195 426.33817354735856 304.52164106989915 340.1225032449094 242.86130963550306 
467.2915087287445 383.4756271189386 117.1545263914307 290.87747082509264 481.1343480871022 
154.15045918169417 34.06098909982485 116.38561603661768 262.0917827602347 83.40069411913697 
72.49759156269891 484.4140079833213 291.8246173896786 203.9260787555045 225.83572846088268 
