260.21423051663845 564.8189504215023 
518.3448914271318 461.4227888436992 
259.9951720035637 366.3335112023205 
74.54650739772653 60.344162254257945 
126.63050392598952 580.705027432421 
569.4842933189742 154.60724712259454 
62.336533360218034 370.9589564475151 
262.4474084266651 161.37062421919876 
92.70015258792574 25.91489812134407 
134.66459264414794 122.6244755334919 
264.82690209314467 341.8400527853736 
38.20300722553652 507.41896499052507 
528.8266086078517 586.4633742063199 
360.6263963138297 447.625296182087 
304.98002120716836 485.19448267629383 
282.75632880866027 522.0732316526473 
288.9304875984228 419.3908243602359 
56.88012124102302 153.9088783971282 
197.24417854169297 176.51690502696496 
482.74935751189014 236.01636764873894 
105.68278184667764 342.0394106439428 
108.7126464252002 149.34731855048472 
582.5322945829203 372.9019043812794 
435.3264479355095 89.00168249614521 
569.3317768337033 142.4228543905523 
148.78761351114082 562.903915848864 
511.3456822195938 496.46077578127944 
361.53155646973636 77.91801076791816 
390.1236776957882 310.690138342608 
387.3395322841615 578.2452826779772 
460.4915454974966 288.8319977766435 
328.29919952552245 350.9486452770974 
44.31703056368202 491.68281870669955 
500.9616329872068 463.44708833347704 
83.39430230931788 336.78552322281433 
479.0391965851751 547.8240668154779 
303.79085384334246 358.58621087607304 
79.98744310806075 96.79369094852369 
594.0005566763065 368.92069564278995 
572.8151310175767 586.1683139846722 
149.24658225618327 207.67418507068513 
334.46609310702553 288.6713849267299 
84.27797543156409 423.4581174880066 
332.1165152469563 193.93921216653757 
367.00367611732514 374.1478803487364 
158.73152542865583 599.5555008089477 
75.30768932537066 387.1250366745244 
299.224843559496 487.96231411147073 
529.3890701954376 369.0679838321649 
54.56519105514886 554.0912279337942 
201.970696879814 605.1346403148214 
501.1732240937361 98.55853873352639 
458.7202967512818 437.3809461850132 
412.9527566321502 351.26811071808464 
531.2277837247543 262.2590544795206 
223.29993423160167 540.2656735152482 
474.88237663226886 437.03877124645106 
454.43434383969924 170.68842866354603 
413.99340892030654 434.99609916288307 
391.3955194104408 128.6535035937492 
126.49853653756463 539.2126793317954 
528.0487346321069 174.92922316134766 
170.6031335827474 114.82975821892859 
462.4438868612582 143.23277763441507 
505.6945423473653 449.60050562072695 
268.8711266043661 307.9981096752481 
509.874971793457 502.58446708619994 
323.95696959005085 136.45785403003683 
246.4568943855062 450.8277844588723 
114.14475587983118 189.88285295161637 
581.7644000403423 473.8730707796728 
301.9031349458305 88.82322859104953 
506.58470133111877 365.94260450937065 
478.0062310569704 607.1946471417998 
363.6131011876638 315.6385907306103 
177.22948529683018 110.05359056935718 
33.23539818222677 343.0042928689522 
84.80463632972359 299.90521259554544 
479.99154579227917 233.78973341913817 
510.97781388643057 386.38785852092707 
412.0640624021209 160.76573592355135 
361.01437248902334 344.17759756676844 
356.1352453634122 531.9301095071007 
577.994265042639 473.95685179033035 
199.95663670254942 355.44954704982484 
585.7417223944373 231.29070718340762 
404.97478932465884 161.18126628921047 
409.2328730847065 38.25467361315154 
441.3568036538671 68.61787999690111 
299.82523479324516 342.6576624993807 
147.75960756369938 541.0994127630853 
42.65269829493705 139.70393547636826 
268.18663282154955 316.13611593612495 
273.5297879061525 320.9378063443573 
368.2755345656399 551.6859133140968 
482.7089041725113 565.314710977993 
283.36100489942066 378.2301783096398 
532.8344266569561 237.24257501841822 
600.6560365491837 396.49156342607165 
68.43733340483905 106.43715213075139 
227.89576366576102 210.6377124062691 
544.3139958979027 54.43500784383535 
50.78731171200606 236.81455354053455 
350.1331234685899 82.60803186034997 
231.60961811403916 176.8529195583247 
58.61440422785343 86.52309573964823 
451.3069730126876 496.9922507045915 
174.62279412616255 611.4908148373299 
547.4197992286147 201.4651845401412 
312.52182685728735 354.1468123568447 
350.19670240951524 540.7866773080506 
479.13029408556247 124.90967238490319 
69.23141329088364 444.5914738165943 
489.6254228370539 336.15893953285416 
332.96838928817846 218.86373608360944 
293.736707310348 230.9771508901291 
533.4207018222394 197.40241076428796 
539.5740181560557 617.2996021287361 
278.44428504981556 387.3662573660345 
452.4336860348707 22.315551832958906 
503.9118639470256 98.74220220899608 
455.9264283724325 131.96464188916377 
348.1306955321366 297.5807300295305 
312.77071330282246 530.3722424802183 
440.84770492603474 172.84222405437907 
512.5955057148653 104.06761127813596 
609.1855912432321 556.6977831585267 
384.09599386341245 425.82843679864766 
552.8540974495053 588.1284224641686 
358.88604923479977 582.9956152781821 
190.9797643691549 559.6664318629247 
364.39128187921074 65.10200538054218 
132.89810816812474 37.12240989841427 
273.12634108112445 75.65886257226046 
475.251993001155 292.142100648853 
85.70024758465567 382.9438271140258 
477.73988333935074 437.4363498811077 
74.89351006298268 374.6339931635778 
619.857752136688 204.528357289703 
68.1507628748342 531.1280446961703 
290.9783427628852 253.861581325352 
195.83264650479407 82.40109749670783 
116.11171732335472 57.11240637127775 
182.57081525189247 563.2359512977131 
69.69052554310682 141.55100476781988 
409.06959239756327 531.6745835422045 
279.7241190603033 36.29436486279627 
321.6982602354501 465.5336737822634 
174.66483354762238 210.29516345727177 
117.21756330867004 401.827699619728 
175.33069314723448 241.91019007365037 
379.984282596914 33.94365695034221 
84.22781940441662 609.892166818634 
498.977517113521 331.41086048118194 
474.61653543504946 45.64853268716367 
441.99058876943576 497.1098102274598 
331.6649437206951 336.6112730083503 
414.3321667310502 426.7636827765431 
548.0335614647979 20.561134891743187 
279.38041537012964 385.55641067354475 
226.2349394252018 560.7503049045961 
168.33393637641015 566.7208237797023 
490.1118436861784 141.6671357076393 
256.50321525375284 346.94089195382776 
57.777948636902046 175.2867251887663 
233.48641876636364 203.41155631908853 
578.3645893271262 557.6510644622463 
344.57311497516383 407.4001661136591 
284.9174633524688 65.62254486182604 
30.719847367440295 359.1530128578533 
265.7869600801654 433.6545715877727 
544.4411749529961 178.99088495896106 
406.8559403124692 200.42294449611518 
68.96007853749025 319.43731777068206 
606.9485860840304 565.1619190930271 
617.9613137537499 513.2233415289745 
218.76424650844524 43.54859481156453 
543.291535065822 122.0123708887726 
217.67985019647642 462.9792798831468 
27.95004401779633 300.68915024210025 
150.76477886869483 187.08185986060445 
291.7136953695251 142.05637619029335 
68.35187550305733 409.307653702294 
186.73993509067543 116.7827370072713 
390.5083698814631 105.44661907121372 
610.4915172662859 473.44621845433596 
610.7503993461493 384.9096992126569 
313.3268425928242 413.51642919448574 
289.3449925665885 130.6219003730875 
428.0994789289627 406.11947777198753 
538.543198598097 367.3701558743267 
399.11083787250783 557.4294986220189 
152.08809045201744 148.44927523309315 
537.7594650096863 99.53023837671674 
481.3414372173935 500.4501909021771 
182.2309848634513 213.5907507586144 
310.37278736504516 116.03393066339419 
388.5722967678099 552.1986605016335 
532.3546812780398 234.5352644980455 
430.49374530010095 375.69502223887184 
179.6077758726049 300.2396014865258 
335.24314313017203 367.354301852579 
309.63963958660975 338.17700956688424 
232.8952402782825 142.25336764476083 
599.5209424851356 337.2771438103523 
46.40055787381503 414.67316634530243 
50.942759527125794 280.7286297082134 
199.7371848769729 338.8769310829131 
158.2988324420399 413.3869329971884 
571.5093619782289 488.1085113991651 
42.13644120528038 286.0742044031827 
471.33661654059176 486.65472160476276 
200.3197439723585 66.61501013116347 
166.3771878628388 259.8154182577176 
479.2491157611636 557.4516555280829 
435.32940381076713 216.62497507480072 
217.48065319633898 309.6828831065124 
377.2549045568048 30.16908510301764 
264.0890045662145 373.3695495378926 
452.5673700046864 30.340375178193504 
124.1178936719756 373.9512550280431 
483.53057958430946 373.8769100189113 
433.461626359621 354.617507332094 
491.6093581754624 506.52698604627005 
115.5215414126883 174.4772731220799 
399.0174648333073 382.184296748055 
521.9811372607871 402.3705302567942 
171.80587525629787 253.83692779231592 
210.04355454997315 396.16575860376446 
331.83546549558093 201.1741966537199 
158.47527567010266 207.3869606112059 
514.9775970203953 109.69481730941568 
374.79967211137273 501.0140196397091 
502.886579346078 366.1604271195182 
195.98422945274578 230.3002331206803 
505.68759527581085 85.23795197860281 
334.96513896899137 356.45051115655696 
22.923926381916676 32.174761916698486 
75.35309907009211 453.0043860838525 
160.10723812142473 156.3502586390578 
566.6640110893957 384.7671582111652 
28.214587868130497 400.5477086023953 
122.41822040928066 201.13330090146212 
203.4760001924857 400.7899765279165 
573.4523763610274 533.6455440880885 
574.7962682011964 441.5830578854482 
78.78717296735141 537.6336923385902 
456.15487444169725 181.41103395655358 
146.39524512996903 167.77670831450493 
591.3275605432772 213.326227311536 
166.21253150448385 527.4318718720542 
228.27355979942953 275.47833777041046 
307.73717749928704 381.57485410592574 
590.5320442149448 76.42631433100257 
184.559455043651 273.19425283052436 
422.9715185903723 450.07664925693774 
38.16673232857189 32.98462996656144 
39.236182553945284 305.0918989825147 
543.366938873104 222.18153027213145 
448.2326131339869 583.6132387266308 
487.6745814714821 198.3823564832576 
487.00087371850987 194.1406006628957 
127.00281448830462 44.19680829082211 
437.31358527930917 233.4144037037788 
170.00544571348556 548.5707825706041 
353.34678407531516 562.1423934534868 
293.4126002913201 380.62721430557536 
77.76631181887852 549.4155601542826 
40.70373171039115 545.8678316130975 
273.5734775831363 350.6566665919878 
306.46193035642773 564.5794876004546 
349.05374190447765 433.9452867301521 
158.7529191015037 362.28885917708266 
103.17222047278867 219.5630613822196 
101.87292336014886 412.10917107657974 
68.75962822339153 447.6029062882866 
231.8087559119309 618.8228469755686 
480.83259980415636 238.4859549017016 
486.7541921623702 384.5436431444835 
147.39194911717362 361.22996678175406 
145.02613260393875 45.80226933536392 
250.04282626020532 374.3128810796912 
472.7245700344762 421.89887799814227 
251.78020492720225 253.9754382392875 
173.47974653606605 364.36668134036427 
239.28387764017404 474.8064823439824 
442.63070999668366 147.38989403754607 
177.0663069350804 57.454639244043065 
578.1785165968608 89.02014935039831 
500.8173265897487 48.31038969746878 
50.85832033611635 143.03502007991133 
227.28934052982487 246.0019063226649 
285.6736988394091 351.2823137892584 
308.0668838606614 539.5487853553097 
157.2372106492056 396.3539570077928 
304.56403719895667 373.01705541848906 
351.2608416974526 244.43328536759225 
611.5938135619047 201.51964347235298 
94.54007241249472 418.15939792563324 
406.8529329917498 553.4055505122674 
505.7753885581178 589.3522898040371 
253.66596559270448 463.48188588927593 
169.57497173010478 131.44265832993398 
434.3324146203161 192.1124106828497 
485.982164619719 221.45001187076483 
41.420662185716296 95.03612656201477 
97.87171966075242 31.35284690646965 
204.35238050727344 258.7499852479276 
448.5584038178107 98.69472370005496 
578.6212552761607 266.2992416029461 
271.961784848191 316.2698675271896 
574.989717945677 408.3192885308013 
167.67080308746174 530.7321660594597 
156.0074753963034 404.1727068192906 
163.2521552567776 489.97120327297404 
577.1955471973783 248.0252384699957 
316.14601834611585 229.09917812521067 
200.2395497435403 144.70460887142477 
157.49285843952126 334.89238860493043 
455.5361386524999 250.18559790604672 
130.23520569406634 478.53105340212636 
581.4360134261625 481.54554015747186 
523.8381716310512 156.4812635615442 
117.52767739360783 211.2336230158089 
157.97212056457454 329.36267096385217 
79.30531670481574 210.49805108874415 
217.5017675346652 598.6459429264597 
491.56473658378593 356.8145306529911 
191.12499387070184 511.02336178029714 
507.8711432930347 570.1600665577346 
616.0053890017568 530.2966389476894 
293.44241050477876 592.9756728362129 
480.7422164412924 166.6255414247076 
398.7915514755608 378.66185979695956 
89.02143258323323 502.981082798396 
501.4723620550594 603.4504675584119 
536.2917468094897 508.64707786793673 
143.271754760161 566.496901023384 
101.80921296515496 79.61379958910257 
40.19256566075309 493.0361082693468 
608.3942825869206 95.7074256523512 
292.57077005071477 405.4464512283289 
352.2449932252194 134.29913411331984 
372.6706517221006 477.0649492131794 
155.15010154623187 30.43747727154065 
517.1017232351945 133.59779829484614 
41.445767499040656 223.2479334492745 
101.40124151576948 516.9697588461198 
192.05978251835248 178.44320775175356 
124.12595076934088 76.4563723710267 
177.98678264518162 326.7881322868978 
277.79685681061426 201.9425865242748 
225.53856917601786 508.3630185577436 
434.04083914150146 164.15154827426005 
615.7128302013766 62.46892358534164 
320.2726590067441 376.6874883308609 
270.02454210644635 53.01890152243179 
315.2614156296813 144.7361841002786 
525.1432594581129 469.258778311575 
440.92488815779336 215.2669824026792 
448.68052317724425 391.66128421958587 
177.6957216432411 193.5799720329083 
198.47076976409932 262.83723826413893 
80.80311363510584 241.04218458202018 
277.68972560658676 153.30765065683175 
324.8138390091411 418.8564359516367 
288.15393288979016 61.980352341957115 
453.7761936158194 192.70674509340384 
334.1451542080208 41.17494175934674 
564.3107971904986 163.12381276546085 
579.1034767414031 486.0399574238787 
98.99194786519956 436.41459965620066 
607.5327692209364 78.20565070761354 
177.36312450899453 400.9995626631593 
394.46230807368977 423.5166473967608 
541.9306913347178 24.001342808153694 
34.808373493570954 173.68768912515958 
346.4792177147143 532.928700504967 
334.97932337528874 571.7265867942823 
164.05241846950278 97.29941566478126 
519.0682811330748 110.96804646802133 
341.94340026332407 75.04585447833819 
251.9768604051687 547.5619410587245 
581.0377678652642 338.5470768222222 
131.81374527089656 456.26012191652967 
366.8537810592865 145.131074369538 
353.9120630714084 69.3451424727867 
29.62274492295101 166.89105358551004 
398.8090510661725 488.5449031130008 
560.7538823726819 244.6593939214129 
346.531886961065 309.7768978841207 
463.0271533273096 180.98301210307736 
369.53346617209996 50.56576375756779 
61.857898348833025 236.94412492559658 
506.6218304577498 319.977942692935 
454.97690969292853 547.6697167673856 
570.2269011437979 220.91715275340115 
27.869883624073836 21.373959045073292 
189.34852108701318 224.6245187509245 
612.319879279553 236.77694593690802 
340.5292753173072 107.22693797285702 
115.3965099494466 203.74372090490826 
69.19599168664953 88.17763428605481 
196.2357111039428 401.98723997538536 
253.71369991843954 260.4325164032605 
117.95372609845252 462.6790004389086 
614.4956598129676 152.2060745607643 
252.03921200239472 207.81127150198427 
320.513366642765 410.15073090546036 
462.5670394269104 112.15439180096668 
95.55015790452173 343.8031319711433 
347.57763962353687 402.65310160290875 
276.5422355840552 221.14144606365903 
64.96565601338588 560.1055847102452 
226.35084880041515 555.097077938833 
20.221605897360533 537.9690135504297 
453.3093839303821 370.8649306480131 
243.37030503660534 363.1351964714952 
539.8890936684 193.85548835435384 
432.44983684964836 333.52031294964013 
532.8272076528519 48.13302433826345 
590.8748144450797 577.3122865559775 
397.06128575382047 305.18316776200567 
536.0276322996069 88.71967857053617 
85.81331078408496 172.85395906829223 
306.42148709277075 305.06571020518123 
529.1676365383514 164.3139181555002 
44.77903885174748 440.0713812601607 
593.4861493416672 36.8709914537986 
484.3701655820901 138.17115459514662 
214.00470983818767 40.49605850700962 
515.9528926442092 564.7052234133107 
252.95444330761742 265.8947971292631 
462.66107075085006 596.8319424980099 
585.5516814899395 231.97165479649726 
40.182485984363474 530.0042213535529 
466.2003343121302 402.52958676106283 
529.5714003921213 64.8536347332104 
577.2503737980664 272.0495186558574 
440.0390143338933 289.32601721349977 
312.65628455124414 410.39296608848144 
489.06571949943606 320.91228388686267 
198.87906921419997 406.2719522761239 
277.1788706985718 423.81812313236065 
305.3757392901784 399.329562344355 
384.7399408716602 165.91654940566713 
47.0199736082493 240.6752529887914 
368.08453261288463 130.32676978300043 
130.7975306005959 71.7184036443078 
82.35929393853857 246.46344607759298 
349.12053923766626 261.14398199159905 
508.3993144107454 555.399676623239 
272.1039999800505 589.8740468742316 
410.9898034796388 174.38796282779631 
441.14852671546186 523.8588944007624 
305.85582832011147 575.382435417356 
616.1729694937212 164.54144066496093 
162.72374762327172 242.40636854548998 
178.84071209965919 416.8387854395123 
221.79823037742315 322.60869925277865 
544.123315569274 464.48455474658533 
50.998607857417106 235.85321835281178 
582.5454313291627 392.57589960541844 
121.29812152176261 157.68416364090922 
205.45444495818987 147.16873544926133 
127.51006090550246 440.51220783718566 
415.6589217729078 571.7652202112321 
431.8643407971965 187.86418323989804 
275.77939123161417 410.5368722871441 
557.7184536734907 346.5407366663768 
396.65527760800865 118.12747389635858 
210.74635114996198 31.525279009219958 
498.15175979849283 65.87921022254923 
54.94920383276341 148.48822181937675 
344.71027383676085 84.32587246070102 
220.83155309662277 328.73024522340955 
307.98638286519594 231.7970266574141 
73.08688016964163 541.4081201999824 
358.9188756582153 428.9765964912242 
515.136146283585 297.8871558582963 
41.57367986628091 349.2599630456862 
57.8630476381598 513.063763451081 
331.1065091902462 504.75303419228266 
29.889927858280178 38.50202448057921 
28.1878619471945 217.75719441092087 
256.7378458236584 32.227946855114084 
492.2341427159449 317.5838335342433 
286.2147281386748 80.02521151805689 
265.78878827393305 552.5422534848055 
387.37532316893356 133.07616056200953 
292.39696834796683 456.9445933768149 
300.3966132212095 276.79166384713164 
380.3176842760359 562.9716838101974 
464.7125761367779 95.67376265792183 
114.41705514974488 397.2433857920643 
402.75189476030306 149.05480341330448 
168.58647595374967 51.93739216857141 
486.62252790602196 422.5566872730821 
121.02950432699203 270.29999782841185 
265.0867815165309 370.1142302875518 
424.7610039999192 336.3928031498899 
478.17058352954007 511.4060677083656 
135.66258481676735 408.9189418894351 
436.75090960194217 299.5371731033561 
150.4378718674431 88.97269516549099 
594.4649067443638 323.8165108300251 
256.81144247240513 161.55618555365228 
489.2845413161432 262.4736466412577 
48.31515577006196 200.7068743661845 
382.1005643030625 350.1581613133893 
106.00566447625297 478.0796768312045 
69.65949068767368 475.06541043824154 
599.4567665101055 564.8274674184896 
499.19735454210934 170.53257808726707 
609.3705246366334 366.62355309873 
162.11392324217334 515.9486434853409 
424.15062853608737 481.6701147709579 
594.0313604203662 111.82215922850567 
212.78205709052486 121.53617229322779 
58.58072154330219 243.85037524659245 
26.360564471440956 584.6688364228168 
242.26034772709497 300.8336115153693 
230.61581983116332 222.42182778411356 
537.7097786046304 61.27867746969338 
421.7719700510115 587.4446193687659 
242.74285199730159 413.5348700834079 
428.0893793530013 404.2763212670518 
352.4839554219458 224.30659443661492 
549.4312124100824 351.9878116565432 
371.95094966406486 420.38601803666285 
137.1986728762192 398.71607628483184 
126.42874285911287 98.44986082800756 
366.978756196282 377.9342470613418 
496.9769503763129 227.76378133111652 
406.24797545953777 246.30129752465237 
158.4158022310712 60.63828650199104 
329.4761203223845 212.93511378811877 
547.133657324527 315.47984479954437 
282.9736731670075 479.9525902761789 
236.0601387148115 347.28096464952125 
551.8264999571139 484.1205895535409 
244.1485040284097 70.39296696602938 
131.26185569982113 79.46151837764886 
557.7110640505232 148.42521838971618 
554.7891655126626 450.65719387373446 
90.95138430223362 116.11468354376429 
281.4595273274724 297.0948458401676 
463.03695300326126 248.00927239409495 
494.5876162771799 377.3989156723667 
319.05623351240183 538.8090153585398 
114.27969092811739 254.29252026472508 
72.20365500433404 510.20869871356217 
576.1115289253678 29.63211173871197 
494.5363834789583 109.08563978576764 
278.30005926897945 209.45942934436962 
333.646744256693 311.8765697529129 
149.7123355042942 188.91409109908315 
82.59367761000662 399.9870308504022 
541.0556751587433 196.85092598119277 
580.4375054863146 421.0774390922628 
391.5927125263697 290.0055238824274 
270.72124345102225 101.06924165433126 
173.72511413650926 336.55201025941415 
495.2426061657399 21.715038396695068 
67.78966377475476 278.8965271585904 
150.4601595775227 228.57648559342806 
569.4105423885563 115.5504052030314 
183.87758484987626 584.253623358899 
281.7514605717508 391.92657527074556 
157.7497262584523 131.70941354625234 
195.01150025281257 539.903226804693 
457.4540796281377 82.53325924744304 
505.50829198867876 355.9981139625813 
471.87163940362063 194.98721667450317 
176.692415781381 457.9975657205291 
23.12077434118303 56.67870184385917 
594.4366652303809 109.88387382989909 
72.98777722255232 136.703389432334 
418.94392435704253 554.9046632362068 
83.39811173608291 22.102092815607314 
85.61756066469322 546.6281200250852 
358.27177393833335 403.4753360688124 
357.23783790154414 317.8279452547614 
444.10678697096154 524.5994114103925 
479.78833702654237 377.0414045906642 
416.6344207895901 360.8876462799391 
444.2759559006514 272.64475784401316 
30.889963354584296 141.54063329800124 
606.8883823263154 214.28923716433354 
462.04273785840775 180.22916965032832 
469.8326154279529 191.54188033949026 
314.32919690984556 529.1536904369746 
375.1985238735505 379.5744728898012 
525.4327658980199 121.32385759211078 
414.19093099358463 171.744766829027 
543.6541904605632 615.9021559701933 
604.0741840049017 528.913404122382 
105.21622568176612 511.4552342002609 
535.1728359765843 85.34052048938439 
89.04626548287058 41.95664073833241 
