353.5771799094428 11.71525377816839 
194.68104493443715 401.18513970872425 
461.31165837894247 14.677105251996105 
342.53795776759955 490.12634410381776 
255.11314300299043 45.833954032088386 
430.8170290068447 19.08627831473119 
371.35264617242314 446.04230865896335 
14.440220004063411 427.1666672817253 
103.6774572163746 429.22489966243126 
44.2859334067383 472.2201320272023 
457.0391756395846 337.6392296729118 
213.46859052600186 12.9894312057393 
446.86947205742047 56.84463152731411 
385.6799873336352 428.4843558763237 
348.48161768943794 76.69591481151504 
373.17066832054167 223.4242433861469 
226.77604120178944 309.69180980398585 
456.9491420793613 493.57428673421896 
201.32792768227452 403.0062259326691 
166.77736783356679 49.80380274454814 
26.935010504921856 405.5305001820424 
463.5404373585443 124.69448268024362 
194.7037459565412 276.254775497051 
91.56869897777474 210.52691901344738 
383.751883546394 345.3165840380078 
493.49035611303873 202.4733537513562 
218.60560324496953 464.0448386630772 
305.19275354414697 145.82484145040257 
412.3695045192064 205.32725161308818 
73.47037268124862 11.081014462724683 
500.74718255118313 100.62942475348518 
463.93780488457503 45.73052806299387 
496.99098570671043 24.993641524033265 
351.7856235518315 376.55020536166796 
422.85875297078474 466.34551926941003 
312.9575245909339 161.2512241483495 
295.6557119091126 40.436637782976504 
158.32664482243112 213.30028734022054 
276.43980898453356 237.7513511656341 
278.44933479705327 148.7439887940724 
309.46842554484306 13.705723743415824 
191.474351452081 228.86446889380545 
207.9646879809062 458.4669126297176 
311.7858625759743 197.49448599023998 
266.2815004602107 407.7210159069148 
81.95801616341046 36.820076336208416 
103.54140070132905 480.7175115728832 
235.59955231184568 190.49882056035244 
68.83034111740699 156.9184366123309 
83.6664156327162 427.92198990543386 
163.02359637698638 127.58044996491124 
341.82038016710635 148.44852694464566 
57.321843830924806 283.5978952224105 
141.4121551437708 49.43917497992738 
413.5755843261076 325.93489134298164 
491.6666743702428 206.918692209319 
336.4760355363914 109.97477955626466 
85.64906367194851 242.69440153742173 
412.69056474863646 460.11479455988166 
467.5891344563802 376.7591648529035 
417.02084911362203 315.93440366514733 
204.14270782744336 288.80694696543964 
390.6618936296369 196.26501435441833 
327.16785947090096 337.68894254202746 
421.63995703279767 92.48968389772826 
440.59406563577204 312.6386286754517 
82.50757174124239 27.400460710616294 
508.9626421811229 15.093653094903338 
105.37380861008926 140.9418830673767 
470.21631917736835 94.9427902663693 
499.34778265450365 289.1684846437652 
440.3162722510037 190.02612498724534 
440.4737330369868 267.74453820545637 
402.2647027563351 42.716461029499875 
389.2355803439729 396.31427807176874 
397.11097876403574 392.41020011751976 
15.709216216751688 325.0704266143094 
359.51962639047963 67.7557223225767 
137.44068540683213 49.849492662762884 
365.4781126771657 327.4475168853364 
500.1282359239944 247.0817304074118 
184.7227654235387 123.41403866899496 
356.18648302882144 164.92393982326058 
155.4607525560665 85.22754297975386 
421.27080802427804 431.9033287561857 
23.966358403463385 149.56389258367068 
413.84002525658343 269.40039790385737 
16.629632197821202 383.5406529865314 
507.8355761156853 219.29915451353236 
37.03562009450417 175.76139157468535 
153.55523501680767 123.13258250184998 
505.6521107442488 93.89441100181116 
346.79958242808993 214.05171579692455 
484.70428824954973 332.6141043657479 
51.36924110166096 307.94620908025377 
355.81420391232075 300.7328906141667 
104.99114174903606 205.04474900344542 
442.9832557139449 21.351988503732592 
63.751803142309484 38.32323358489541 
98.49585888089584 143.85915518959757 
65.11583700267687 430.0489995314837 
394.3223511907223 491.60139072484066 
414.6078526475644 442.7891332238399 
186.59928284396503 194.06089473418092 
226.2356551082245 436.2110594285691 
445.76527239253875 77.36227281628904 
71.73322088816846 66.00341739895654 
369.93041836266644 111.93917090560383 
218.70122213971766 286.2454668563155 
424.0575933492198 341.18848043430097 
162.723445593302 341.5531266457557 
72.53351708729515 339.94021429422475 
283.5371787653 360.3297358216335 
97.70793155258943 376.5711703623976 
80.33566018460169 285.44962878058976 
21.97888262982344 77.59049376578913 
66.28070714188038 503.7027594837596 
276.00224886155246 18.525362682378134 
27.30373318575357 160.32838815496302 
380.60371180641664 289.93476356786744 
475.27313848465985 269.96606922174993 
34.971215386914494 212.3796141326984 
250.6063933120496 360.3519278090784 
128.70606032697623 499.17732289330354 
354.4046971908786 10.088452376627801 
320.31077419168014 290.7688238301182 
215.18858238377703 266.8159211946852 
449.691914305258 109.52638731783526 
220.31239269365503 57.11353006212538 
177.2557987734109 408.8301378270055 
467.13587587595873 324.45838739019615 
367.17546817240475 15.241546034855771 
314.0310031665617 256.570544638467 
357.40686195509414 387.60198603190923 
436.3020493355389 88.47204568742843 
384.0324041029261 241.88439056899196 
217.0972218594539 92.58827861809964 
52.51013481097482 215.62631482333683 
428.3897720395649 492.2197140659692 
373.4064150969949 370.7722739903067 
282.1068878344553 159.71203422285424 
505.1904566055434 458.7538030151881 
56.48440181733038 85.65295644613157 
471.668751926933 496.6350776945454 
127.72539423435701 230.42376672479492 
246.63745281109934 328.15235547178116 
362.0409518169988 494.43371422489116 
223.3309913882721 468.47533965200495 
448.1511138959479 168.36539764778905 
211.24483903963218 156.51861732743683 
375.3241360844464 349.75920894215477 
227.91082841500332 163.63124121083465 
387.0321589579518 437.2651550928954 
478.20281775676216 32.49263919578526 
365.30156473484305 438.8898515817506 
38.75111185114399 45.042903214896 
225.83597154938022 455.5671460785365 
390.04360875593363 343.2756970940824 
28.990040288195008 326.38031869462304 
63.79185938300996 251.72173439114925 
136.67232297829827 46.7639560044899 
298.1401245687329 475.4511888514413 
370.25504085052836 196.01377671778036 
218.29556083128793 472.4229102376647 
249.5692557597154 235.4323981742769 
185.15772003081338 424.0087299355585 
18.06322250264774 163.43920606022127 
79.52543825207202 352.5209935881289 
284.2022478793736 138.9724767058843 
414.4591612897514 59.57127360928965 
234.1881457874388 309.51184358229204 
293.37700184828105 184.08865587465115 
496.0764018530475 205.04932068695024 
356.46255720980076 303.82543050572104 
360.369095910552 184.3367918972477 
482.96257014062 129.1785549682282 
187.16189327464517 44.73840622408897 
141.95262197728624 463.15488703889633 
454.92299292917903 32.01568746159954 
409.149033794859 226.30830626692776 
30.98241435749787 111.37374228609869 
292.34490010289653 470.47697107897443 
368.80947761059764 486.0965280370859 
133.04868056620316 430.14861036172954 
462.1568397115476 475.09932954014704 
476.90316616242285 285.2822866607209 
11.14907982822804 485.7266781507181 
430.4631893941748 434.4144590489252 
380.3939541689495 443.1236425864849 
146.91000300123474 201.87758536339712 
54.194555176877536 162.50887746425846 
208.28067816400585 27.959512821336343 
418.940335790346 275.67726597684816 
296.7904131161705 315.83158006411287 
327.7553115760772 448.06051654873943 
172.8259951243479 234.07361631073596 
27.481367974781612 247.67368774183845 
102.1886159517446 398.6240847695444 
153.0749742902837 152.2759006672541 
500.1639745645263 482.9833361974763 
119.49533224448349 306.0731796467663 
184.9979752313182 430.4981489751797 
366.16207073949676 262.2917511604657 
258.3559957527555 67.55577118177163 
34.06068973792708 72.94979025298974 
255.34400044387732 41.51537654189745 
280.5738388255801 212.15575444503264 
331.6694986833191 132.20535461986321 
62.11646572950984 444.26152901584436 
380.5205305198384 110.81429870471875 
339.6531848513195 373.19829646068877 
96.74077328238783 445.00390687009906 
287.17571109880043 34.32358868226198 
130.87898421188092 274.0719986541176 
208.2187351528636 15.1072521808197 
100.69075012628608 202.99365795215374 
490.4921711345251 215.98478107672253 
352.6708075659685 89.16870829311739 
53.70802242373922 487.7059680222752 
491.1939901125909 120.70356461964603 
370.6799865846454 506.5070260880565 
317.8429731962363 110.05566401752708 
266.77379555457253 373.43434402216053 
448.50080975412914 51.86859774589702 
327.7866243929149 49.147986989354735 
500.7866468477439 118.82598682602718 
371.3334790655458 360.5330120563167 
369.41242661187385 394.3523092219246 
61.818848132108464 440.4468483656962 
232.0389802689005 265.988761848751 
374.0717039004956 86.93070323174683 
53.20938936235047 28.272361716998418 
235.72185106850395 153.21324037498246 
478.9380117671115 368.9462092609411 
303.39602506664994 204.83465171608617 
139.53299075103874 37.329330500849736 
452.8114959782633 305.2191789567207 
503.2306781729357 118.67394285639132 
187.84571063600646 416.02423244450233 
48.21987577331804 463.3384979307648 
298.6597026939038 23.594279033783742 
145.6340313450114 444.6044466658354 
223.95372504293076 227.8476054613166 
171.08975940127806 343.96492745091376 
197.43296475441056 154.92399111269793 
487.3494319730428 287.7135870810559 
383.56172413875004 179.9215941390554 
65.68630228516997 283.66147065191745 
332.68392437847297 71.05098421703958 
138.53003732852247 31.810290869876127 
210.5882966966318 291.53460728512573 
400.97102149491724 307.8100761943926 
382.59618830007014 320.5796863298089 
403.7012886652556 343.02936300500056 
57.250269827522175 479.7527429718568 
404.9704411926533 250.0661211997017 
319.68215722369735 376.08389666310666 
74.13458080891165 167.52738842735147 
509.73712673591797 198.2289586059074 
64.37629324648009 422.90591784481063 
24.934036537296578 227.01758523911118 
97.17404315508671 137.38178852441578 
253.33857779366568 46.71545997394232 
326.0988385659637 321.3772871278351 
466.42797985411784 68.32877174893808 
372.5164581529092 134.69299134540995 
127.02527375591698 101.27905967012684 
50.7733650387217 110.05333018943674 
192.3813244053169 334.77651721699476 
425.44428374657645 263.88971182797206 
117.48258288814361 215.21988115976032 
468.2197763864242 143.18927425548816 
388.6629592614843 330.9511141525073 
207.0117835001119 482.23743516863846 
42.5975698399536 40.692927916599665 
384.8553054678231 268.0824416297817 
250.75685246013617 206.99730009957435 
271.1843649881812 138.54986864381667 
174.39898627590281 21.033042899805388 
393.0603706552593 161.63539016555538 
420.17865880807136 30.040692026135844 
78.93095881490407 170.1037306849938 
51.450552660075026 103.78273310457746 
332.4975268558753 450.1221395341592 
235.34545678736896 201.3172813643715 
179.26952394233814 207.75641899747336 
230.69722199533476 424.4233770018331 
253.38358195804787 362.1575242690548 
46.898670444380166 469.0060753842077 
17.265750109151313 339.267060636832 
228.76460060589793 210.8093268538974 
131.71480047194518 164.8696624092789 
347.4800011730708 286.76488117464174 
118.98482695432126 280.8204485794846 
402.71155949083226 158.30528961110645 
86.44524279298176 133.27561052288343 
465.9606487894864 267.9691689029481 
403.39631337347555 206.75431554748585 
20.235890962166096 25.626774047777737 
348.6182661652046 302.8600672746149 
76.12346054418211 485.65411493460556 
371.23223749303224 487.4895464815047 
269.3331260516049 201.38365256632005 
232.4510867617699 255.35722612066792 
269.7983694257745 368.1597391322674 
420.7982074700139 85.66365376222889 
457.4084642570815 491.3268935488384 
358.37251836651245 187.7357883063858 
444.4508796117475 440.47914005906574 
40.73768585443659 360.4672953880709 
149.84187150849465 376.29836367339533 
378.0137870737679 14.387065386391221 
255.22369964934998 161.30995102082977 
129.74943869014538 30.18397394491772 
498.0062383192167 490.88378587660594 
451.15256729276996 252.5161824430192 
381.4314823883914 105.8087673527671 
193.258021518355 42.93282323566482 
506.7386987062098 72.76884923727577 
224.60998946217268 440.73649748705014 
357.5086977429676 244.04888395202644 
167.03747737253977 105.61450864656912 
491.2650539993943 132.79835529708276 
63.1009286737924 340.86703214977774 
218.41064945798877 65.18100405472387 
117.788101478351 121.06032693209572 
473.57739467252816 95.7386206104312 
282.0373320617003 172.93311855737775 
209.46758745173366 297.2971092472379 
70.6663359884972 283.3843079778732 
268.2647078540505 161.74284867612303 
132.28464828660003 133.3700947495136 
310.6919716137866 472.9975614922893 
213.76781337903822 81.53859048794969 
507.79674991466 138.51978790052448 
286.87147459949017 446.43021628024377 
325.5388386295823 90.66114287187165 
229.56351497948134 461.07179219957686 
357.26095688892207 494.2053738437114 
79.65226874770958 198.79261636316548 
284.1192979085902 121.41843165309534 
503.28907071371026 394.0905795164885 
168.55252311606378 380.9376127936256 
245.92316670155734 207.37640024247338 
410.8671603414302 111.82806391681775 
458.28712927123263 107.4242987249323 
324.017584770022 379.1344719749519 
414.9909620808442 170.35690731754514 
406.65871106178827 132.25637621267072 
268.30290674216377 218.992866232841 
19.549526905196505 212.47501853658738 
104.69522120434154 351.3850404382153 
295.38554798203927 320.95997102977697 
196.73287273775352 32.377578830725994 
237.13841029261667 183.58358752557268 
467.8834704321929 47.009800206480094 
84.9806164877324 273.87149193051016 
312.8264585124575 239.5952574815152 
156.87358882703927 80.41712413380885 
40.83958618645016 87.30384174540622 
492.8973024552038 30.088552467942613 
334.84106648432476 282.0753409344367 
258.39933496575054 303.35563688762426 
243.6652125610879 119.69225882621275 
486.0417288786333 403.06571085356313 
350.1499974488004 119.84026816436304 
361.82367809004086 462.99578785722315 
382.61438161014246 425.9843830119767 
385.1580884684847 407.50962076042464 
162.30370154258716 158.88881808578063 
358.0803477559324 198.64755655608118 
404.38123573113523 22.60884741241386 
283.6671649582306 31.977339635270766 
15.043984153825676 86.78270083931876 
378.743840460611 467.5341228166094 
152.34087822081466 294.05161330121973 
30.95794998710504 107.17764178273836 
443.27146852710666 366.43622556219196 
155.29759129811202 54.69478610286271 
374.74332592618265 409.49729859738864 
30.132396537076158 19.97560816782872 
500.96610272177 138.10910052191244 
317.8552989330322 53.591044194871195 
234.8605975184197 272.67342450560926 
100.20331264933057 23.100235891615853 
116.060789154585 279.6023618879808 
383.3353629140762 67.4158275193058 
73.08697836790128 254.89802362528312 
152.74533954091368 390.55519027477266 
322.2682447602319 374.6573827127819 
183.08845195388778 381.10578854363865 
170.99230183282287 461.33015876803915 
432.9990774514619 168.7327405271074 
117.8608198233924 339.55810740800746 
479.9781696475539 354.0567840695404 
267.32846675356075 280.423684034581 
75.42835549473602 273.2307188156283 
201.4036070332852 457.9362844738962 
24.914903311458005 283.5424423920954 
75.98902351470609 466.58413266686847 
223.7305970861822 181.37272997384423 
334.440524110972 73.77995452632429 
302.84273300790295 488.8358861053494 
55.9218547518036 506.02866089511656 
465.30031447413256 470.43135480727074 
81.13367920852836 192.64493657671284 
218.179516239503 366.0345025207737 
182.99510343969737 15.849178164772873 
330.14572864935633 451.55456678726915 
174.8556875292431 241.069554708624 
469.7100477305059 163.58798894135063 
473.81604661396926 426.2786153147002 
104.2585630617338 149.39526155038124 
261.7352781702628 234.19239280949742 
364.9324172296265 228.52935614160796 
11.503246276307157 196.16020032140236 
207.43687330831378 377.44389547786756 
271.1559117909096 101.57323754501051 
323.8574051469074 473.40916945037264 
223.4117725928363 311.6200508083895 
385.56105062849394 159.06420727841945 
163.2075990964774 421.21713134496576 
322.2610538603489 313.93285979818125 
160.8115254624452 317.942669813459 
467.32298057987384 244.2321902121069 
303.0917301477013 311.8015391259959 
24.39039606585607 327.3011978616048 
30.518695433300593 134.64978067285705 
435.40827121310326 471.97802810820906 
212.47922369499437 233.10662502579632 
355.1222097853425 381.25384562281056 
228.48040494574394 403.78213966916167 
62.13162152624123 228.53130437602292 
447.8215606784883 444.6487322811421 
261.57499002279656 483.81608592719886 
125.31236226350566 121.38453133385445 
359.52533392391643 251.169219513039 
355.61516755516345 372.5168613587238 
414.1740215843104 103.74864435743902 
353.78979258884965 302.1938607229031 
93.88096695599894 27.767992199127114 
454.618765748169 134.41238848267045 
97.16953443562042 211.700644402096 
348.291299909649 427.53041344587086 
114.74402030236391 42.05741044912047 
195.0239144610404 472.89185692069736 
38.60804963057695 292.0656698418176 
386.19605818445535 426.3922052174573 
248.3618717958752 114.57841733979889 
344.57869097746067 346.8128745564908 
429.7567854253849 75.54099023243515 
381.2339928641449 439.7524693602425 
505.5847466914616 89.34393620223634 
251.6644302154681 430.98318852884506 
383.98126886493446 242.38987870446238 
178.78909803646263 118.0602710827661 
354.2198644676069 116.20270058622583 
235.32567627301358 274.0128661570372 
85.07597030199886 346.4070630571868 
103.15595997397975 201.94423735706835 
305.83866257741573 278.90635349239125 
352.2532006785453 364.369570976567 
375.0481433885234 209.58732877380353 
506.7493119968216 136.11940612098425 
67.03719773209382 318.8794768705696 
290.72012832481454 354.6369599622962 
31.354769956167196 37.497188275915796 
71.26676593648672 466.4972357833846 
505.14964648574517 204.692972342268 
141.47127166874012 193.97630252182296 
483.59260606080875 505.3497393519811 
110.8046568708218 270.4986968012666 
178.41490139619754 297.2403721893903 
295.5654906581074 418.79110891754635 
219.6413850703675 64.78259727570529 
126.92704210834698 370.57051610921 
180.5963484435316 360.61739725891 
219.17126837490684 351.59489850258 
131.2601293671699 221.33899374663977 
365.6877091356086 80.90454087358738 
50.05474747521831 168.70457924426407 
355.3153273066678 458.08220835335413 
49.1365669395683 32.65194952072647 
126.60552407839675 237.3602178462356 
493.274211952574 457.45304047572563 
402.58444643327084 112.4025405503905 
217.3897385444896 77.33165111594997 
73.59265501553962 260.5901696911401 
172.8413513284681 472.8733753404007 
220.78032639233624 20.637631812151994 
457.5256427040122 144.5558714056139 
297.8361060042407 502.3690210210316 
309.87752017692935 364.72766685946124 
113.52768526241296 52.481646875904666 
271.84605637171137 394.3635421326609 
382.63231967308815 125.12517239538272 
350.9241777999407 175.92464214790652 
237.83534282009933 231.12470913281535 
136.3105051917413 238.65148952090607 
220.1748446574466 264.6758016765759 
449.2814067401962 177.61792577865702 
390.6105652172864 131.33938481238354 
232.85131257013873 192.87423240034727 
330.2952429658761 226.1650145131473 
10.799549221627395 300.00742457859576 
422.1264279346554 435.77035540949777 
371.14175363537913 448.4469508799694 
431.1569951337073 463.2050433672675 
54.123920539506315 408.8438624830071 
26.44237210007249 399.4272224747601 
349.8173997698633 415.85158458984995 
11.90266020880453 90.22061057045914 
135.39271488412209 177.63641701964045 
158.77784613846327 472.3804708451124 
507.1505754812375 488.44598226147053 
157.25404842564765 177.9964367811 
87.3880104657767 305.5634834994288 
329.8391184348426 330.660452479023 
211.17788663535418 276.97629263603807 
374.0655742057951 82.42782406319486 
323.13987021580755 331.08655573799433 
27.09913062534013 65.35959578719884 
39.28092063371129 64.79236945810783 
169.83076340769665 56.47439181751384 
453.9835939429917 291.2672642861314 
13.030603857768599 279.93770262308465 
397.22005520543473 233.76640289605655 
133.14176953953398 395.316969290386 
472.0701480223648 476.78749393817225 
250.2921111743812 345.73036646075894 
327.6214391437397 410.9145575972762 
266.1021783318621 364.71755897847316 
247.32958262664772 32.67267365049269 
203.86742521591387 65.66050803493883 
257.9169549970652 85.7218595219592 
318.69280637211716 162.58243425945685 
88.88772334763605 154.71815318848047 
270.15790655362235 496.1530694212857 
437.73753251862115 448.17011921392753 
375.0906912413766 163.72838242451115 
120.93588761310058 131.61872983190187 
83.02803323215356 177.25279577649633 
315.75936956480365 197.46900699250457 
441.9411502187929 197.85210428843146 
223.05377863610192 482.8012692593118 
446.80403054505643 20.945175518695507 
106.00341434505455 71.49029869188206 
288.58303048827906 110.7026250910975 
284.98548611620356 441.9605137437647 
146.22570162577207 107.68046071703318 
293.58791903336294 346.90516156282126 
289.22706516577 358.45696628472075 
25.868582516712195 36.29791002176335 
383.35132846894095 141.10086827332495 
329.9341206207606 60.02461072184844 
17.087323971189328 385.2988658653292 
127.91643040194488 11.463691528733824 
91.41565455789917 310.9708538623166 
267.42506763526444 198.34310262033267 
340.46579207273305 34.20063293016695 
434.5534959435563 352.2019952088994 
375.6411018352661 314.31056666399195 
83.51753684991047 112.78525435757463 
270.7901180816643 240.90811038397484 
463.0038958386344 148.69909858122975 
331.00200967507544 284.7323545027627 
444.30712566055706 400.6556404091325 
312.6044529665224 261.1288165746703 
481.33299510034 58.63485529256262 
486.94207094509466 379.9804721304439 
157.54641955061842 509.2917599026424 
65.5134134143595 180.92320997906907 
399.9421712050896 114.93718387157497 
129.04484967533352 277.67386971843337 
65.11632032440627 310.4201111111991 
328.0791882654558 460.29895400407196 
227.5167185192488 129.2397400687658 
247.6574362120949 329.2521025372902 
124.95047177914375 395.2154215930692 
453.67170979041697 260.0084985529891 
341.42676262017665 441.0426200455466 
363.4672584840216 122.12438045016232 
432.41282379384506 340.0629333949006 
208.2720797994596 301.549639355587 
322.5815011612956 262.5763440068906 
480.0319264455571 200.02177584651537 
431.12833110977107 193.02390350590963 
380.2289860882729 10.36927485398408 
104.73635032338385 369.3687961772849 
413.26233694052985 191.5524819827446 
63.26674582426661 431.004137023822 
391.9682917596816 192.27023770981654 
188.25340290873248 386.51539306617576 
247.85877449024966 96.96022976308754 
109.27959673023817 137.6257281212117 
163.6557936958194 493.0213238672526 
168.31486652733034 420.65234963774935 
170.7002352488236 483.0858815872891 
467.09020276436854 151.80188587765713 
478.81302724623384 391.1703589843741 
