552.0127067947778 74.32159371970982 607.1149749290846 519.6308018165801 233.81473379325953 451.97251048985316 557.4718593750655 482.2453473921829 487.9611901169668 269.47404676409127 588.2547268762821 418.0120312824199 132.12163008018848 189.6035361865822 449.45111304626613 137.69667048827182 142.6633375218302 265.7347443310249 411.3852096438272 474.2390199354008 
145.0282257964085 293.33218625628217 34.11699092071177 597.9374293619252 311.17753624019093 572.2244557755694 460.7059587699519 27.959123535915147 135.19819760460663 288.2499131648935 580.4335535688986 223.7698425661883 108.16454131099027 472.868795527338 358.07760929385614 190.07684952605806 463.34912326007566 49.335396052215685 175.3330026183245 478.87864429260947 
312.8764588090098 24.023942761895462 180.4718879828102 122.21555622404439 46.9133456533819 431.5021761428459 192.3375118860215 579.2146484549866 416.4895320532068 591.9461087322052 254.76527107665783 331.0228516224325 271.042597365336 189.48996158607181 287.5247620264491 507.2220414341841 471.7806190369533 30.104800933961265 429.8765176560937 77.3197588453806 
51.956452789493085 287.5997760683072 222.8373262162467 90.90940795437074 245.1474907202817 196.33975446470234 326.24774335858785 600.093634853891 352.63440665650575 299.27280367657335 416.735661006683 447.76457502729545 170.97284736612457 109.86172280168567 262.6694948878369 55.334873691479565 450.85177118530885 396.5129702461608 322.1950286792345 293.51308173962286 
208.33204845020003 248.0969357735436 160.4493738115602 269.71726463016967 59.55933374660838 229.1533371883957 332.0460158281645 615.7205386338809 500.04465002185873 283.37531860303665 324.9245270423725 409.12224214527237 399.6067437462347 393.9662139211925 311.6588672171742 612.238639754558 534.0696735199699 159.46250331334198 204.3178296581473 62.00671926491564 
324.8096331987103 193.61696655065336 458.97157679559496 194.49498382154223 107.24459263280144 607.9355117984726 225.9378271170975 37.61483957045198 399.36053804625493 385.4616792659057 591.8616867002919 355.6265748908 591.3681231385135 404.40231172350184 409.722477100707 579.0333215123112 227.5834727017351 420.18846728150214 562.8618881205927 503.45715896448695 
201.62673973034208 264.5649725633447 259.12655240371555 291.09069455464044 136.032403684715 70.30263355236264 301.21936591171317 258.31825796969156 367.3648974747325 480.12671235273814 229.35287027404476 283.1001633981774 307.9333228372711 348.45547703627756 382.29880202006336 615.7139592203406 105.1991054239176 394.54258033756446 272.92723644395755 26.446328269123413 
69.97018387012169 415.61692684756105 424.32929253028556 573.8294469512215 294.4756601579609 618.6139677524978 562.617126204192 227.01556010834025 31.41448319200371 379.091890543142 412.4948519985993 325.8833608607392 155.07211525218784 485.9268260255668 491.6942142797791 412.47020500445603 175.59870406936398 80.38038359632071 450.36878670439626 517.3237089711599 
27.542652072894395 48.13367734625307 451.5404361128101 534.3664882307788 203.73341400999485 172.88132829948117 438.69172671371444 267.8678399557034 555.6069987438107 310.0792968977196 86.59808570151952 285.1161760005458 31.068207595591083 389.44024114282803 581.493500038873 258.3858177912774 370.98321467805613 204.77025003745172 526.6634180242272 29.792008351553516 
135.3962757161603 99.74054491859685 619.5586745506819 382.6278379966692 380.5642467982684 208.18807431993844 96.52415390914476 52.77688080842675 257.9028381347487 257.53864413153474 491.23591516472334 63.79523395100811 555.9381367455011 293.94630752706865 602.94063254019 219.25673458939218 356.35727397959386 437.7428665336646 320.59099983951114 335.95520293260404 
325.25205342047576 327.7911784219612 498.9708306458773 351.557240294174 510.6490261596255 263.3359980920836 32.903740255687744 190.29949774732026 467.4200927426616 201.9461256291177 425.6389935614298 420.32421695848353 80.66719476669672 122.14167514034824 97.5084450780434 86.2465787971155 208.67475074986376 609.3000239414914 430.94811509257437 250.5478267082391 
616.5239491046472 273.4344683105561 97.97835048344952 327.3877496195152 21.462181797032546 557.4391135841252 566.2361633630086 242.43044219550157 221.12171811206312 444.3937878862292 229.65362903440055 602.2768959183991 225.68124632463963 322.52282465933695 359.8759945310097 407.09836115971393 65.06398483514855 216.40141835101625 24.513249589413526 390.0640650145695 
492.2662364379141 543.0031972601131 468.3190661338966 417.15721165205065 553.9099934047445 501.18294588376966 603.3905407287893 530.9727739573921 549.1134357591291 153.18809841738621 204.48288300511643 372.0911239188003 47.77310476694215 406.7927971680493 555.5324979288715 261.62097924228135 589.3513481500512 56.64826717363423 243.48225175988085 178.50562871064483 
33.26297551087736 593.4431979700897 145.5029015400278 215.18598082528305 481.9547160039577 239.46801343921754 605.704124802281 245.2143848358488 247.77136756872557 219.17664468353152 347.4291159282515 286.41286257374827 484.7022699926927 223.33966450876719 217.226404892794 193.16951691028842 256.10189724193526 375.38238504958247 606.5926636576984 461.4668580734073 
159.47830414607847 158.50186205563736 147.58032135587692 80.235853876964 579.4433167519983 512.1564476067299 428.3635613031153 112.62937804128879 589.9178661573083 456.5215352608366 24.856695322377313 240.8088403072296 76.68671723606514 153.5055462054328 294.47841242180965 257.83778428110463 601.3958087834812 262.91957242817864 528.1558570783013 40.276142835481046 
78.08640731824403 202.3946584221175 406.6621906299369 85.06894147353802 483.3595369383894 469.64035648854303 257.3813272786454 44.323161833676195 571.2645343118112 535.6383896311876 557.5938245418133 41.56655127178322 314.00553541417554 167.3649989903559 480.3773112001264 103.08212199025601 139.5594972261627 188.63607356121412 229.21558904260354 387.9121211808412 
387.2996548801213 37.668312809425004 57.40986745200723 250.12507706959477 552.718048760496 429.9506763905325 418.38608384731197 316.93986773391197 442.3410354591581 385.0195101670866 42.99188078512431 516.3004756944576 109.93123380571741 225.73132109796362 289.8771346222066 337.49512034209107 395.0700120989257 108.62674665606704 265.05174512179866 558.4136591903809 
35.21399905168599 593.9797137006044 356.71434397742405 423.0367667295236 472.3194876473173 514.1253011676877 181.44583280255395 602.7510098600261 225.1285407550188 148.6602344502269 487.86137726737513 225.0831722197728 448.2102877225712 465.10960182678633 113.81466511302241 403.44787038691675 248.8515292482576 133.65376998420615 243.24813072044665 451.50205120067807 
82.89011739829942 574.5089235907677 158.78292267183713 115.70020307611604 500.5849553805393 46.55535348620308 36.142455562569964 309.64398231366624 463.61640133540044 535.8068871528869 76.50307663244239 383.82002916498294 204.3107553519646 352.3155100385902 422.8658270549621 314.31971488901047 548.1827078475146 94.10468315384288 456.5428865679809 144.13458114878046 
370.88922735270694 586.7253295183616 419.85258740712686 560.6211995718131 610.6890474726662 357.0280619348171 61.1165817549749 242.7292262356645 607.5011193074594 349.74541455802273 548.0530710191524 161.58640125323993 289.65593429238413 345.47805753951985 445.6598018517247 568.0341654014024 279.4335888908937 488.6783682953347 104.68044665041532 550.707818311084 
538.4820624768032 484.22549513907495 156.74834614525437 598.2547784037179 124.209798885668 571.1852644763983 362.30121840016415 349.2848199183688 178.24590650978564 132.34917906173087 407.3605749046148 63.64591426960365 418.0622954044811 148.14566628828825 195.2696492505332 98.61963601710005 552.8509098179326 253.5179268302885 329.48362824343036 23.629666809718636 
194.75020920930675 506.3615470787588 33.50575401446827 357.0572100635402 586.5145434354353 126.11623910087131 104.06336861437651 458.7571671313277 216.7200700214351 611.1048492124655 43.61718802399422 61.8686865572389 543.6010693018752 393.2138603128955 268.2981050501145 77.51393270389946 398.6104528693927 138.50888222938048 37.364767808269676 255.97876134158554 
390.79803054471415 152.3789484182929 500.27603209546 437.9690724907043 383.100443063694 297.8034038432095 207.4718338678038 279.53667562881463 261.63651792030805 385.3350637963591 580.9564057825256 284.26819168422014 569.1016739292648 343.3934865978206 590.7773259047315 526.3310459744434 323.35522582448857 227.46195500248677 233.49453264476074 197.97003627847994 
292.29429939375666 276.7821210078556 158.732610742282 65.04839162034185 346.1081414105194 177.13994912580216 539.9104778925722 464.22698029637394 58.0065661556225 438.33659541665617 35.242004818914 225.37546202444884 474.5161484463755 544.9382820318342 35.10144357669445 252.80912768414072 326.4382491825091 88.89855869419223 341.84720136348733 48.94521705563717 
501.5622016945195 242.64700639199737 178.19806260846883 213.97229262359912 150.22776725568215 81.237913296486 570.2552490939537 105.12668784149415 344.8303892089111 412.1527859539257 101.26429124229821 389.1695766301756 164.3630903191933 321.3504179871279 182.21041771569148 571.6584813405553 225.08871714635802 594.1582944207115 135.34113694874043 336.6069224163367 
28.436353697170993 119.59903151332077 336.70981163868635 480.1260940418798 247.21555003698435 336.74557209656933 613.834083097441 571.6421572524563 221.2422462344594 531.6990374695904 444.56262015484833 226.282949855349 283.4699702643695 543.7828530309529 453.2443043272203 222.02797733030067 87.72020365304469 589.5468832939335 50.29325888532206 445.2151934851266 
459.1056857164436 63.175439336064805 611.2436681329692 197.9986183192761 238.2402148992893 321.8928093923294 341.38815662863027 551.350252697326 140.32889240883947 414.9601085876969 122.09332150367285 177.20026128927063 600.2324962918299 64.85717451429491 184.88633513114644 243.30908454526502 524.5997121010921 359.24334488204437 609.4062425911766 504.46519635183154 
422.16093065212715 562.2906159602868 191.31377730954839 73.60228883659141 333.27752230041756 403.98334437466247 376.25342213356635 306.4297395493301 529.840123896173 555.9778345145749 105.96144534445338 183.16986085451268 506.6098970211264 152.6157640091271 572.613759569781 520.9959521659459 335.0963338972084 565.6852589134443 27.50713192951773 500.7647397953231 
201.06544887231246 191.52316426156614 340.1678303076508 141.63698811688494 96.77211515726201 559.0524065644431 353.9810597393819 307.1800948076985 589.0102640197833 417.34823977837925 434.43532297968466 376.54629740359644 334.07468375785794 211.32693604632874 156.07515312053923 464.3203978075915 560.7282295355701 504.15085131818927 24.256204801136022 222.63057387628203 
492.2680964672061 254.9435478519029 277.7961921115006 209.1162160135015 228.78502514725056 410.40871147653013 168.61570890766143 554.3463802484687 160.70907860098788 418.94661267433196 64.46252245682598 212.28271973177092 534.7358643237064 25.861889596160964 470.8130140324707 227.38058000375057 143.22672862450247 258.2564512410293 618.0447731202056 201.92201715061717 
458.1770338711441 58.20103304499334 609.973737222374 97.17452702086601 80.8458536270144 172.77951156426025 479.8500672065305 451.9691865027973 528.1411649841544 259.5993540354641 449.9060563084424 252.29196374327884 126.85413683397846 516.3622156207014 240.55016885744033 235.4820458300411 336.83623128146485 93.08835963361196 225.30073482253292 362.63070388918555 
374.21301645773616 295.5885514558797 177.55325766630975 142.77474528587098 555.728296178122 338.7773473095992 505.27481243121457 442.478032646723 135.31233400121226 558.4214062431391 219.71954965974555 164.39502551461666 153.96804982724447 539.9166079151507 434.25898323883644 528.4099271723891 374.0687028407802 172.68773417445405 139.4206083834001 438.94529856881667 
519.1610864575098 388.8044478466187 550.2289167695956 172.0338872863033 590.3676909656108 494.4073669581069 271.94238632523695 165.74736808072416 580.4818818732431 552.5379007535699 280.28011482690323 447.575720581131 56.84963458922243 25.965650207514738 62.23210843495744 382.3510792605607 34.131582875814864 238.60717796672984 613.5466573875703 374.30983938018386 
108.03932850239191 364.1297581997087 138.98881445530645 106.88652768260334 171.1395057883369 200.3339604632925 251.46360954304456 53.83352999057712 581.8194545866274 337.9088524063541 416.09768970535777 545.2601442538397 207.5084111388802 82.15336696671025 535.373299594074 22.184832153227177 313.2476277887973 236.25791839442385 521.4081530233426 263.19447308090713 
216.70351426908107 604.7396384140961 251.47517772615217 116.80421197397146 180.71733224816458 225.62534815174988 452.8556437544915 223.1117539940259 164.48524527917954 89.97566843134233 413.1195994825692 558.3399523398896 604.4625642915457 457.3443438333734 561.9272642460827 385.8611532657331 146.08578066123255 25.766232294458938 120.44522558103155 147.29738152022975 
397.4062404111198 164.86799540720074 564.4710498619295 177.28986157148748 325.7292527431857 170.69495461026764 597.3602392395277 275.53176560835675 268.35225846618215 250.8481439576709 278.84906768198476 119.65788484855855 278.49584705017736 298.52502912749634 305.86729607481885 52.58496762273131 477.5214848000895 64.05797253290879 591.4342500097456 127.89654146424598 
434.5295059511269 482.54374879280226 37.73221998460272 246.86585985587772 144.43132305557538 66.1584005312837 149.45092245432232 170.71080427422694 525.5894397562857 219.7506717081385 283.49649418717877 141.67452970447397 308.11911055759396 488.3081609279699 81.15921881215405 596.5253668716276 133.94542291400643 294.88967779931994 178.8333641343358 206.07017616255203 
239.70932885264796 477.617689981609 243.38307429433016 24.274358030894952 443.6167993108104 484.3246345638422 128.24792333637282 80.5827729737311 507.32437359474346 433.4466908402783 496.3820876721646 99.03494127493292 293.9552279671909 599.7589177671127 606.1206948312837 577.7685118535285 493.3392905796736 33.545500686863576 106.0671137602214 612.5046341626133 
35.571227243680696 371.79864850629656 435.0951419218961 397.60896766721874 263.9801068887162 50.040239072098345 373.55953706296077 288.3222713007396 288.60438791708214 273.35962429003206 241.8088623118037 457.75399897428815 491.2660119516015 455.26161673586085 592.0943919878949 532.2329016531061 103.3374473518389 582.9181363589998 589.9685595174102 538.6084062912237 
127.29523206655944 517.4175703196206 231.26718210375643 447.09624016704356 223.15401466017624 187.6053558526076 490.76868873806933 543.2624061871671 530.8746207291854 586.109611211323 448.62447443960394 212.73900899357656 349.8400764911125 226.14564197931395 190.6539425872123 72.2657647502418 146.49314805440963 467.69293769654587 428.59813918475976 530.6509939576072 
311.2293236814772 271.63850844003684 136.42547386645015 213.24572006465178 435.6389271933523 90.480288064186 248.78355218431514 233.5247939263842 31.192079721865888 554.1843151598724 617.6907793867288 45.368644524725646 560.4602024281576 359.7895301963257 373.5613355471079 159.63942847914504 401.96809478808495 323.3538060275293 586.6574907056957 158.64547827833962 
319.7699100245009 302.83506363820334 475.06294482020934 392.08757589016625 558.8431204014671 450.5012825361066 155.27076332724297 288.0809203886773 237.39411135510812 403.462895567488 281.4800088526057 162.84662470950389 257.1690814337769 370.9216502536773 469.6944655289011 362.6662838370095 302.8641150100052 426.7294845401732 352.71741787772464 121.69352553037916 
451.7281270886489 465.8511190766088 62.13619810952418 469.2162423542604 64.45239071150932 433.3243833055297 83.39014640376246 69.96326859962359 578.4404312194608 584.3116690243286 580.0159260101948 31.04919639011115 374.55214539386026 483.8365689314065 433.1637796193731 259.1511973775557 38.4156391656259 404.79929498658026 592.4784766182066 101.51145044461883 
487.4007983759539 532.8645809392873 284.43889977691197 554.3590731106717 584.3481801543751 136.81601701212549 574.2497214698402 72.34516152921667 409.14704717314186 212.97034674969603 527.3791492689516 162.58485912471087 309.2562619837477 62.24558014296904 166.83649052576732 496.8999917018698 400.26180558004404 608.4767793745707 572.2830374532942 25.856256130533378 
537.5646329234064 416.5729466121194 617.0703665405748 328.1885138502187 330.29278603660674 519.1091965304365 189.29953145961684 379.2080108945543 118.53112424432517 109.94753123105308 92.99506001307263 271.7853841337545 384.9629542651739 113.48035106600602 375.4873907446141 373.5029490999003 222.01685267794156 588.0901665558381 177.09761952723957 553.5703034367698 
425.6126371315007 272.41937221754813 549.2181962218056 63.096781572121316 136.6003018518444 133.04387382783665 436.8834014878853 602.3146471326763 100.98539548841985 322.14427347519774 171.9232572502914 258.346652577019 570.0350278921402 503.76830110819157 572.7947679585908 347.11186597770615 611.3576932945974 457.27838915842875 297.1840969691163 542.9633810167597 
352.0512440023545 416.5779761275879 243.4735349536684 429.6517251892161 25.012260190367712 153.71044912804223 547.1668691347609 556.2076314527353 39.50098450552842 165.4243067960683 468.36715777309666 431.3381537208351 447.0552324672645 71.29844809686561 216.4003533042421 39.92955450929021 123.8472372698172 282.0212712583707 307.6787204356547 215.25094960360883 
340.57708584229454 546.417269306026 202.89782787716064 350.4524286297705 140.99659301240683 535.8149628976792 519.6606085108518 482.95121171304356 500.157194634064 574.349950808089 66.62263771241408 535.2999410866769 183.47583616484292 173.79671759653735 95.25195028626939 446.13047561030425 577.7123168540978 581.522947514584 115.29752337480085 274.767220004631 
314.9521777864316 300.16023899732187 370.0598575627551 113.10364733488439 260.68861629304394 287.58483915506605 417.55768071907573 388.33563974789695 587.0972780472081 295.8021987315183 213.68431855597294 290.14567703421795 602.5976731069486 357.3290429412624 43.447599985290246 605.9313326172327 158.79500910664152 577.6668078264665 596.3869619513786 597.6720037226726 
405.8960403391131 342.4600973125088 432.2616352315844 304.0275364961729 617.6929449770302 597.9339882506631 233.1034820062468 601.2626504705175 557.2086637722664 413.20382521651595 587.72836221896 106.59059516246231 604.0976811896006 183.05139940747532 604.7998006946747 157.53022483272355 414.89599076746805 579.7611578783936 600.5385861672346 450.8697945489198 
37.21379203832964 312.6101720557727 257.17210547635773 474.83157864843497 348.9649245519331 103.6057576387349 598.2172273699447 418.03085166945357 443.72662656716676 38.06433624642993 276.69044529440646 188.82314956285492 533.3233959680132 398.625363864834 222.33889244321682 128.63327525729335 488.72878683846346 41.294108677591204 243.98629160390445 552.8602390814012 
490.3787627897065 322.1069111088745 133.0871803824387 402.9513611869803 208.99045388549948 533.0128651251089 564.5836397481127 243.23983823582526 287.98000531425856 355.5653971613416 441.15775471917027 586.1390059643948 448.57335124273226 391.01784712198986 76.97403066193141 479.2873897826006 88.70352600387318 375.41643394443724 567.0051862486416 238.23822652611372 
196.78848463456984 238.28466994207366 38.03522021137005 358.2871069539718 151.48287057226892 313.49270029256405 227.43351715400624 189.0315249288973 528.4977695813749 160.90555589202097 385.7936436905196 105.25623768196968 385.5820531213459 407.40394346236013 49.53062252327254 257.73786994153784 446.75913118030377 165.87128844126454 579.5305726580168 537.5629121971772 
356.9127401378199 140.740918292591 311.9462127967189 537.5524788233537 527.8156706173113 78.69698106723649 517.2321563379785 244.3878556341906 46.6951100655421 373.122982381952 513.5137408953483 545.0304216410714 268.4283306760799 380.891549057165 30.383039131369955 381.0298002408889 462.4625270343017 560.0893875179172 69.21592345773742 134.3138827212033 
235.55245810487835 87.27089767748393 256.10383586975297 578.054637424645 201.40985440152673 362.83446852230924 433.49409523234897 76.20321781872482 318.35802591288467 363.11498317304887 586.6323798747967 65.28835880931119 266.0857076202234 547.7864747037363 550.9012669852079 202.07170418403442 382.5937078209545 381.16850072699947 496.1485694799627 110.6537281884515 
32.428230690754916 476.0301467349052 334.0989718595571 212.62416681248123 27.294567938371756 118.48532902137012 544.9431751125835 273.85065308237904 270.14482087955594 282.57310601003945 469.1978241915716 451.4991992445141 143.83364729752722 193.11685209785577 460.9302627195101 174.8804391832856 315.43544854726025 245.4559626050834 48.44184889666184 543.7152516077008 
577.3171566738824 240.64387688678488 598.5033542357334 477.413628175119 496.0598537181908 44.70615525174065 130.23655013392369 398.960402616335 190.32354838246903 330.5523743920672 474.73540109190327 387.00172738224876 508.74838246274584 611.1355724991759 326.5207773632673 279.72591834664365 228.986274825943 322.4529953582828 82.92250370551878 364.13258537775755 
48.95668213975419 464.98189694885355 117.48225021442411 234.28355755445975 491.42025614593746 462.14422183911535 83.47134566335089 152.1296057763392 192.96405433312057 44.393739617737985 393.6169075707212 394.50656542083004 598.4921866178139 517.519498883951 572.1304007096275 219.8946159275207 432.31555936007845 523.7594526711453 125.13199593100475 38.534530069146626 
66.93451438592531 154.31776966770622 525.5648633661467 319.4945916748832 60.607993050455306 421.87976804674463 458.6928478758808 518.2819096288204 484.8032510015815 251.71813378996987 24.275397061637598 258.5920280749108 612.619472046397 499.9841770330879 341.51354286325136 351.7903058414191 489.2794543015256 57.77798054294719 152.86055224886732 187.719130419051 
55.78279302544119 449.5909837474442 172.7911508398076 180.42449762031737 46.81448744493282 84.71500394990638 277.622930505422 102.39575850376389 34.00264184286107 270.21119791582777 582.4838313597295 490.91231950047256 535.6190496385841 244.03292523054265 201.51923319895693 60.09105709333265 63.81641566481718 36.89612837441934 237.43269433327472 202.2280944056889 
330.4959383170789 121.49098080778707 296.4538683814876 212.0288753934487 582.8989397242632 157.62873540691166 174.82735535003465 617.3200185943692 590.0165383077388 491.9171713857129 512.9164422481508 349.836988946616 150.91076130487312 20.55878215091203 563.0152258099894 39.68114562623704 546.0411229168207 373.8651871619201 366.9629786982443 467.03996748718237 
302.6903383477221 131.0816286112112 389.6546317396799 354.76421521918655 595.5828372969373 124.1152192807711 204.54082676540858 235.39583627749403 353.7899572778327 238.76086944559353 377.21164059408926 76.24018841546282 295.0154847950913 72.01839377692406 443.1574034384476 96.07655327691367 458.35532193605763 354.094721645874 425.8006362773709 557.1005382310036 
556.6250224040054 393.6849844713575 290.89261541059557 65.69215462220788 619.3489521970979 155.12605929614801 283.3685932085895 465.60331813968446 147.5048144905834 126.01646293441343 442.75507151593825 157.15862653383155 151.11733415912755 83.89633233671961 143.22323271675862 426.0629145151517 590.7947207974219 420.5811664687907 454.3820366791581 315.40964222890915 
294.30183531607076 232.74315922733282 268.9048069553179 124.48363055173967 569.2637192040332 337.33381210025357 93.08312290825307 167.95197161593262 83.09324613173119 320.44166950562936 546.4016489168497 179.03694520227842 531.2365773378422 478.178735876651 166.2277486226696 90.26458612291808 164.83031905468877 458.18961859257473 263.7095556032597 75.38261253568243 
398.86400530071256 360.3768440642012 126.97634396510625 286.0416687653945 471.94175512111383 605.4362703745036 217.73483000783648 266.83338246725 278.73671419409953 29.796361177659808 557.3552976266409 582.2792120594904 446.2321879983487 215.55495368446907 248.54112048998795 339.3636334343169 274.843161395758 214.0073435519337 28.675649655528915 39.205512234155606 
315.511821252432 171.3594670264832 300.93996366534014 141.46156385974405 303.8710943467151 115.21985563712778 439.2955436607181 275.0552512884809 122.5697322506107 110.46415719905983 513.4251872733905 578.8253313235459 212.85278108979827 343.065974419915 129.72645182112518 205.68747534815336 406.4911332714837 440.4877746360755 34.45089139076914 173.90281310723006 
499.1540303777316 487.2255638566991 275.0830967047515 499.04725921467247 36.31815619898633 344.1011367573841 266.0533253848414 290.27512669164696 332.8069968804515 29.895680737773095 254.87717271565026 44.47109734046526 497.0545318391284 473.9183892228141 234.81647732336907 121.88395044148417 381.18660608875246 498.1038757330249 300.15479117282445 336.836115107213 
128.01401633799128 437.2322003656743 590.181389251276 347.102568480485 536.0309341903907 155.86513480933468 317.97763561000795 75.55295288589548 213.51245294227476 370.5925624703391 330.0991849234713 147.65065316843393 42.80509141345932 136.18261748185625 593.2480195213111 78.40247040004796 425.90372391224895 304.22943682237405 354.02797539662146 492.3528164723501 
332.40911398640293 112.89216060674362 467.8774933952102 210.2161059893417 120.95935565865013 616.3190860690125 343.273378729317 185.74093470223502 55.22936850599982 612.3504896007948 97.29930949091697 26.400127701951376 385.59190674362105 277.09417882659847 68.67286389700665 581.500116971273 617.5339202184998 264.9672041432376 184.3246862426 431.3034945837622 
537.9221342753491 382.79769782743716 25.623825044383878 60.758572190341404 320.21144053082054 296.5805160079153 590.3426711257814 51.42954721148652 179.68988058187236 79.48045938107217 496.4554263083605 175.221146609063 199.85405161280843 359.67673455552534 523.8638925585526 423.4914335923751 501.0086488716152 176.6425526040264 540.1441501564026 355.1465721365368 
272.18379963652615 404.45347753416723 606.4080264940231 497.3112480787795 337.4640779870272 350.71839890466737 209.37311629545394 82.1685461411525 277.82291311475984 489.72669212482066 515.7349464115634 553.5629950562773 479.5560346193776 438.4056239481748 294.9352203252779 426.9605399114764 430.4078597497906 33.68136553234562 306.4197221097314 236.35922094316385 
334.48450626898904 119.83768398708395 497.47985520775666 451.74428660437707 67.04709003372193 404.46595641444554 307.77127507590376 600.681462022811 440.27924577707745 291.6001795021768 526.60361341315 177.6421766681566 501.12248101140824 350.63075725496464 499.09488265758984 274.6544142315729 332.2731450774579 429.59099473452267 227.28449141604057 216.87316287968406 
377.43474395653607 171.40974511703246 262.29833881045084 436.66382043189265 461.9194231047335 41.72416923135137 233.6600569868447 169.7926980262886 29.692299752192945 526.8463633405433 611.8419100038219 307.3181601072297 67.9524266932925 310.47745223192646 450.14923506206804 286.7761822016549 140.34412712528524 387.7630508996882 202.03207287269197 256.2541012456697 
299.89237974323976 225.28372317770305 259.9178686554958 94.94629075463335 402.75623057728785 425.57437189904135 411.6588950353439 223.78559371281415 293.8936649108657 104.76603247760883 160.68809504345413 289.74402642877493 285.73192917699885 141.94409836572544 605.9773138865091 357.3968678645011 300.937017803263 208.816526279002 327.89138076195024 391.34350016293615 
400.37587233798604 438.2858931801315 76.0320406747887 563.0790746488043 167.3654235707179 140.5190004344501 605.165345055793 265.91049866748483 569.301795991769 525.1077943108716 355.3262642079253 471.51068789671723 67.76374718931511 537.9153027113988 422.1943583686494 411.70472701739715 298.18399680499545 271.20046012082867 413.8341318341864 119.08169115326224 
190.18209296340817 155.61539996044792 139.89389352229483 110.0259274279215 149.65268090280392 492.66913551116824 29.35689594114688 443.7615088158909 273.702969243876 36.25123988233727 522.938508885652 341.00361940295414 119.53290546642748 281.8093970178406 236.22294501894348 295.81064134704013 498.35218236624553 71.77441186399103 39.63377198765413 364.23066242180096 
115.42737695558934 75.82664556813504 551.3314197746586 463.33612526024893 427.35345533833043 254.59742359933713 489.13181511989717 264.24053834631445 437.64294055280396 565.3993066641509 477.53972275187226 612.6906792990379 501.7268472733085 318.5788751268488 255.9905989250019 160.82842060363126 162.46089046968336 143.08584081119778 184.39468452691779 243.71562174516873 
387.2308528688329 469.85225759255843 92.07707619566601 584.2159630892834 327.7508910088776 191.5754703138089 66.207551884731 359.8275543859375 473.6483205129749 507.4986494297932 125.81393848967207 115.0598311424272 220.92887047986582 511.7826537318071 77.47265045279724 152.94878184806095 226.4160593768966 34.0629389167195 398.7702718962828 189.30399694493036 
269.25840964132317 190.78531246677068 345.62986037399514 403.2814707685057 290.5982919564462 55.9140961424528 429.59579561859175 567.8757948739683 432.4961029973388 609.6068407713382 361.17081114102155 93.92556221330466 247.20369725281907 273.4488819440095 505.29902758865455 171.22571445638954 397.8805129678736 90.84182318543056 45.08882688483622 340.3404865181933 
121.84640669050209 161.1395347262506 199.8690507799696 578.7109353951977 77.46491809913434 286.12548175113113 593.6726176467779 334.6505151481755 545.7505459707997 537.425108829388 420.2410724422879 492.82265384198087 107.7939313097861 603.4469915870241 600.6438015709707 604.7939954451797 69.09868495916037 524.4466030248524 279.60584331397763 68.25707921588571 
251.9236081933927 174.30637424934613 356.63796744437764 88.51621345394821 126.72395867783784 397.62576738081276 498.062637298603 405.830266972022 203.78562205202306 460.71526839329437 226.0297827338646 522.2061217546235 556.1459443405097 425.0877807223295 430.61610900045144 311.2366397978043 94.89488428260198 402.0414480943846 601.1015704453388 444.57670431426374 
367.9503167805909 196.9275259948876 422.5168905382091 218.65130005524162 403.40118679094337 601.6969860118501 133.5558420729305 115.18917952296553 468.5122509808075 544.3197719853497 191.94592316643718 379.1760753546478 365.48433446201165 53.670280441149856 343.3714334806991 247.82092965588336 235.06350464880174 548.4729797683814 140.042447708927 214.12928384872586 
589.0932728357748 108.90178085269665 105.00352534880977 258.67712546870825 243.10336412305475 139.42696186611403 488.27596225796924 333.1793310057363 570.0288041869501 381.50346109063713 110.92728443362708 529.4461934481008 46.15325244344755 184.69417507397804 343.16170457505217 317.3219545774668 410.3700752929238 94.82205364272923 212.5253446887958 585.1989603141895 
307.855129226565 367.74486599977286 588.319994469113 366.7012831648918 439.24489500437363 367.3460673330582 138.31901648859986 87.131568652451 586.4136599939993 556.3359307351774 103.87934227502953 513.2746770890842 235.9437072750093 538.4564140940059 289.54319266116033 540.1521770860145 271.3820163728552 560.6835199521381 613.2232384957309 98.32117722379242 
355.3773671719252 234.02106055987014 513.0651077936659 215.31135111107795 572.7916066817962 381.47940283517977 57.08075424803181 214.7938970658114 455.8786706927345 271.8330920444089 151.64674964395851 587.0762295320538 62.625419507898684 47.75101385371745 594.9608586348731 414.5160138263207 129.34760709704543 306.8928013400355 271.5510880613649 585.4484799074879 
268.6351724992925 544.565410362135 333.9304932771053 180.22058653095993 333.74032928193236 116.53337765556907 567.4919828359738 562.9259312480443 20.502199318364372 130.576796810808 284.73638165307204 62.434071488536105 327.90199866359274 25.390405798915275 244.927944819945 76.30801360665865 448.34210604796084 145.41793296280244 445.2706581826133 381.20365582777 
608.7432497553352 170.2150906680558 179.69952233308445 583.3449196242389 533.5531121139727 206.9352249505756 311.3801248305081 192.66827052128167 150.7604487854829 104.5312383427878 55.010576603237894 154.2305193233552 312.0082411271905 498.267557287205 515.0193989799108 420.4734214776158 247.89973294414912 243.13598036616648 375.75316460955713 297.9390594423546 
29.591160478754635 44.768941828070524 489.7476530624393 52.02966435771797 257.7647632036576 46.44429038948337 60.176248375707814 603.40554449189 350.07590661766255 280.7748719242774 263.5692991024388 99.61499580711542 548.1682220050484 444.67717248137455 108.89821730197434 95.54992917396537 315.35016073420724 406.21235941608154 79.11819349232177 26.320825827671683 
346.02710498449846 601.893686503948 451.26299554849487 206.14503722687758 557.9824637696532 433.05391821686806 541.1858403262646 136.8418039801681 388.60171286234464 119.8666362123443 469.0400518643606 59.528211166404795 66.13306229811427 221.61505192319635 591.5931149649812 33.1093429555178 477.0784284313246 381.8020944213166 497.468065993419 573.156777859859 
600.8086043277007 206.6956611933095 211.40586098909787 34.76893339192811 32.4962294702067 535.9025908952435 403.64243494106415 273.0071645301134 465.4604570331725 513.565187609824 350.49429348590144 464.5012007641798 154.01692417176125 418.7741373051615 342.2463911142481 523.8178574145853 127.9269012299526 563.791391208589 384.43594491890866 298.18664623049403 
279.53922084378434 518.6769327906236 388.6260318480517 74.17603767628343 194.71898354243157 70.9130254242675 598.7626229668347 279.91424578057354 548.6564485988891 478.6198618850941 549.2089697461743 216.44805996981057 437.65019166945257 525.9561725241764 400.5508930639889 601.8337422819279 567.9580676138667 39.29870880895685 249.26681394171214 461.55352779316104 
172.80979628478514 272.79430658561114 357.35642985892184 48.85164383552919 278.674955547568 321.87815518536166 598.0213705195197 28.583336664226504 291.8800339161722 273.3522494195435 563.4921168919183 508.17106702159595 226.66842094347783 350.617529886472 131.09453974840895 49.26120679473638 45.79697434075887 462.65369310526415 433.6498721395934 343.67525963261676 
334.7629570280243 515.340226073494 530.3021023481681 187.2492193516939 280.75513955212847 193.71257076791375 223.8661770748516 335.1549057116261 477.4227314342762 73.74701341825316 420.7910952780595 172.29693162321348 226.55595029486648 72.26820854367995 379.83143888230916 282.3791637218995 157.77192360973652 393.57297281506874 345.5210944415292 549.2342990765259 
137.29979006028168 81.36413803325296 212.54308301116922 374.01045125911395 586.9586372169828 434.58822792651324 617.0890690310024 541.8083461936226 484.4219860566228 295.770707824339 401.3023447731106 421.3630075984114 465.86275856606784 370.4424601520093 146.89814278889116 531.3635994955843 402.07232717418105 286.2514627907941 24.054853862505546 257.00519384323144 
169.1473989804647 450.35312208264804 151.67004313774453 450.3662514631549 484.83857045046193 513.6732509352418 415.0749805065283 398.2055083241688 231.65422955058983 200.6373807346652 437.301314175464 390.7720866460005 37.813529233727294 612.9600533048267 549.9938761899285 275.22242006587146 437.1423908801754 66.08794702376844 560.0631728361775 127.23810290542622 
479.0059173884917 266.89061297602706 458.1713385945733 324.43787280047974 409.3713578050965 391.1924562041893 165.14537925568675 255.1780200155315 194.09508812377334 569.7397871126026 362.41137111365305 446.3346070491053 205.5274327492269 441.19674348928254 602.5435089037626 443.66139399085745 343.52930534588273 180.76366232981388 46.02149505508294 528.3171974533363 
611.9939615946366 163.0118583914816 320.29028362449606 503.1565025434149 321.9680258630221 367.5284020724744 547.2158279451417 332.3768634712977 442.4653659434478 185.96472390429258 535.0304743167354 368.1171134278022 570.0676157667591 39.08283941788071 80.86196816548642 247.59996850164706 138.40495153821286 362.3927042768825 479.9395943016784 494.41280933898304 
438.61114919088527 268.97487341814906 87.57145793577352 207.5203817790938 571.8463721414107 148.08175504582923 529.9863610258768 571.6032135795467 404.9816948913285 608.1115482825525 110.13423144358966 72.31546611297715 350.538905336252 522.548454837375 304.5388769258233 450.0558974493836 541.979488508123 87.46292715856809 397.296605557203 575.8458836938825 
325.4364642528717 549.1657356558995 447.31465015352427 582.9080095909085 338.9828251065478 210.60965769362187 534.8831215751727 337.53917079446484 600.5303943937425 275.1323518917487 583.6741824718106 482.87179269272207 175.452712230568 36.134403721116655 404.26217989828706 39.11702324995057 545.0259348589002 71.28611040016027 355.2585579431755 293.883634394191 
546.7812074726587 449.856879320191 168.1552753988521 266.16628824796817 307.86250937387376 311.7608661216349 231.97048255929255 377.5970681333433 542.4835880815057 526.9127489997612 183.79014194136602 514.5538457119922 534.5777443023056 493.48725195131414 601.2994140710285 414.71943336543467 76.73426767096416 83.67623754465444 543.3975512447239 261.6850976464523 
586.5152359950047 495.53713838701776 34.99008017425898 121.19228008880654 171.24640191574773 319.52644505348445 542.0518867853584 602.6062576684881 362.3760272422966 78.31191683325389 233.0551047775725 79.21549532629282 390.4952592297696 448.4574968083725 172.85550615236093 150.95041837460738 22.113922469774288 522.5744143362251 545.1310762699576 583.1153437871549 
329.28540560096707 220.53238939571392 349.46672645169434 504.7273741905056 313.1744583931654 308.32467667829127 369.1785539971404 600.0559980264511 52.66156500181108 233.18060013321616 355.97176803562405 576.9570968860353 199.0777134165995 133.51944548830465 127.52577601811095 145.59507219190164 388.1632671342093 332.3394195700725 24.100267637061062 491.14706492100044 
490.34475460859886 172.63536960095226 520.2560904935779 374.0826989123683 370.4232154535779 603.4391098782851 337.78458889658134 341.61334380376513 577.7679681249534 75.07600877963279 355.93916882088206 483.904529307559 538.1094693493966 452.23170585085205 365.0629258117753 118.6453235853586 568.0250540314082 203.42253592555466 459.7059334601436 137.56833872422425 
383.21128402005576 275.46364179110435 417.3261320537006 498.5142699512719 121.63674364069493 211.52825847245924 158.66731221034948 496.6345019493984 452.66879132627696 21.39215511935802 335.90828062078725 598.3256933812922 293.26838688540073 62.45682932686794 444.67662671040455 571.490109912919 402.34634727952135 340.1453102346909 406.0210298261169 195.71528156752044 
274.37516385751576 186.26421440907734 314.4358342122142 585.9669290449016 503.34972050897335 23.92591532309239 398.0316123337939 113.38878401087712 138.19112168033587 477.6244749094324 386.9454572229102 56.80306470736896 300.68692948211697 237.05913988700817 36.08476463914073 468.50549563857834 287.061924954011 233.29918991629097 298.29830383423047 487.948351051779 
124.27291176319133 235.88380170384 594.0682348945022 86.9056031931335 302.1213868299644 529.4507295220518 373.8169116838297 379.71358800185436 352.277886728723 478.4875512011682 118.92213283121 382.18121110858266 495.3116868368682 338.79921300435905 77.534720018867 252.76335267046613 526.8195592616331 224.28567161674886 581.2920010783033 199.5911049885021 
463.74747662384954 487.6232727818861 139.02109056127796 586.9527920122706 421.99892749545506 123.44374081244727 253.5256481111396 524.8193465630939 346.4235472854999 152.6044855639015 257.54991342417645 175.0079452069163 364.27995835921683 496.14392675433896 415.0137115374578 157.57753472246952 283.2663846041148 597.5156629185961 483.612169118301 591.0499936338238 
505.2129744607944 401.6951535874435 284.8740098354224 50.05085332553412 176.5294289248837 249.75279115379817 577.7720219654118 273.9630942217158 546.501801482569 197.4869281987173 281.97957972563523 410.1878923734256 54.53211565994976 616.7107948536622 46.86684277964082 125.60613144902393 217.41464479694963 87.78693902701404 112.33052881721997 469.83418443298 
137.74257572193682 542.0029854905334 357.55087918485043 523.8680706004386 204.53872659419866 362.38244053105836 383.76961859135685 617.7094339584819 307.2042238747065 101.52431581139274 27.182721089494805 250.56718497085205 233.87868799290973 25.065329438117327 248.04157325192227 597.2286853808587 475.3059533694015 39.35836400296016 292.05649426375925 34.193946910322275 
605.2986980186085 111.96105135416792 370.19615467636737 69.16699634052917 358.8961916756301 43.52806104650171 52.976804370719634 207.4976765873719 279.3083901498832 599.7011365698859 125.3349900557899 39.16807650978585 154.74066978629705 361.59017467338583 198.1774716846566 579.9170155258488 216.19245208845692 203.43961987231086 122.70218351663951 50.09653884719165 
617.3239006257306 456.073518628949 203.5839179157257 424.85403269036857 267.48406097818327 564.7131431965129 157.11856420255856 439.2339018647905 438.99447831981774 399.76098112198827 510.4194420694461 81.79221793019477 119.781953966591 129.1447455876076 87.75984350761021 360.31849042962614 232.45405974734487 510.8152159976857 180.15512159045568 273.25806326821817 
390.9113978595318 213.99157740158384 344.27841771033985 270.4288908827472 215.59015801264974 127.74816203685651 326.8035310155105 36.62656731116026 578.4287851776801 165.53615876533328 560.2689009452877 181.7112778704309 298.65262714017626 24.234207097236386 426.5561931991111 170.77038114905562 160.47002201777613 506.3215354534015 234.07750027066402 577.9504743068265 
473.7739497496431 363.7672876694519 404.7647586414064 497.5526627992385 148.9426674854743 572.230139956482 516.9550853106882 295.9847131755805 606.8332517159024 494.16149916457994 400.26600679569174 238.16385924190206 595.0618381108452 539.4063890340918 228.55399270572946 71.96419504775864 531.6640482838384 281.8956416163906 307.05047713052005 604.3020271269252 
347.2298101913026 341.0230490438656 199.76862348477565 52.45339214223213 146.60576187143994 286.3014549291128 593.2750115783745 304.1970631908777 561.2594765241505 573.891301992245 42.919748423613214 570.3771123395752 413.39898026860953 473.595566022466 497.6188552133809 463.4785985150472 262.94141165958933 294.9146777094513 249.28260632533636 485.81022927215594 
158.42450440553964 170.75527751405815 502.9836861969749 60.88767732389118 462.9547915433411 407.386579457492 313.958728167959 591.6113064781887 376.2860739319485 159.23797889208316 387.53725759678883 178.8321622093869 324.1220468494882 337.1317203659333 388.0914826487834 383.8998250471032 135.73687342518684 608.5444260474748 353.10091482931324 568.7859417772003 
81.0072365924798 298.49115330070777 158.42544594353586 497.3772606253919 587.9498594603507 549.6257327033262 130.88072497577878 231.5317931931787 211.85816437004988 450.15120261999186 54.2094570994707 305.4918890835277 577.1317073767251 388.13405138983364 564.5424906625084 512.2480918551466 162.89232217366254 240.8160072445099 281.443417176972 585.4473163736059 
353.4805878469307 557.5171272490444 170.6303936958837 210.43925643129555 524.9264606008111 44.723929852122666 384.46893495766443 148.0547638701464 488.4877151342444 211.956443037466 176.32950538038875 404.70983538785174 562.3500492197229 587.0076310310225 234.9035733498743 532.4291136644079 492.58256422008276 459.1492816619644 334.5719265912673 92.38250769727345 
394.44236333591715 458.89792015024534 347.91898706408284 465.5287540453452 435.1219400859301 432.93443355770137 216.48681241165121 343.95971609502914 329.03338044489755 422.7714052992404 25.862696748516917 186.5390418829307 466.72268904333856 305.761651726125 281.1939639394252 472.4290804064534 48.50843719714939 407.0418394784866 229.22373651333908 336.0996635457843 
343.93819963349614 141.00491254754021 22.94142982831689 317.41260435472594 348.15660664230444 290.89514963010856 74.94189321149025 510.37563954325594 456.2787690922851 285.11937955024774 95.58656771036283 544.1595372691738 526.862853867003 578.8684122590478 462.06084593022285 179.97214723554686 455.5755001047024 599.6421640135674 314.4210527677221 57.38310080027023 
130.14386720844047 265.27239566517676 124.72497770555694 473.69304985316114 587.6880988875585 33.036779586732436 435.339614406768 429.940906297744 545.5277930313656 588.4579414776064 612.5199354555818 527.1432078216083 26.55646284174245 432.3813848009726 411.3524071571421 246.35904944075392 150.2775298517052 574.9260111476013 98.1569694250426 96.17448745473881 
310.59580296420006 494.900782182344 426.44129742771753 61.200127989288895 111.45792602364074 273.2816343285649 312.50101190807413 335.1756145382098 381.4358061689864 559.3420979693867 406.75973084334373 272.27485632136205 138.34663512097575 578.0314596297553 506.94249971943395 40.205644815311416 325.00328766454766 537.1943257198923 509.17651543850127 608.6974958030705 
87.18879441568416 543.2251446721943 343.1129180624888 256.9713419478004 314.9487580703238 283.7515505224962 487.1632122538279 333.7850249955968 518.2953699914464 285.9403842810942 609.9442133154541 153.64812767561202 458.416695166301 309.01987616484064 34.02534344189041 62.8000541695009 105.48530707297253 179.6119031502311 268.0717662818466 58.54498415506142 
44.15951580516431 128.46820277980032 403.4773955304598 95.5375333001357 397.871445337978 237.2039525323853 321.58128800336925 562.6129106145311 92.99535974576077 553.6227432110641 407.5614434997031 363.75511496338544 233.99012321588816 584.2266819947623 417.0993743846748 386.79724278167987 510.60961835264567 22.505166339362773 291.909659423847 493.4473375346172 
508.2746008133762 321.5963191841676 470.22781350732225 514.2337322641622 542.700167928579 269.91465794198655 588.3505045116344 281.96358845771033 389.87215394523616 478.3389206734746 419.32170374745715 487.28831882863193 432.46644626076943 37.55360851294918 444.85863583801495 289.96972688475694 293.8049957327861 554.1380828096903 206.6112262350208 369.4406268704703 
380.4421175710104 523.9970934466871 532.8486931699571 448.2535221486283 504.4749229517871 351.72621470261737 286.6672907015601 272.0113514771243 106.67166114583446 74.50616793703651 31.81265743234594 579.3738141910886 551.5116647781379 199.11969968954068 562.2107730846895 145.7332345717192 515.2306198961337 610.6847754258117 591.3010982086998 134.15347194238095 
237.96506357144585 461.69774411026344 447.26569804672727 137.16589488749617 561.0896027235602 299.9804975887504 170.24815381451307 443.01599319009165 220.84094017498052 44.12495362562757 357.6559596058034 609.9543553108821 419.3220541047546 365.0290609222086 453.6401500659098 182.16596498436218 43.98071972792988 182.11772201613732 128.84595091835476 330.9313257077222 
456.65575960095913 532.8425686381651 546.5281393755547 554.6132817614373 523.2848939858825 24.054329642674137 61.12491992872409 321.0632993472025 505.36811858545974 223.84145339718827 45.3840427810887 86.04095578265954 584.2800474582859 502.4288186245274 92.1349659492434 471.24028857987616 339.52517971850443 380.7302268752863 386.8006407752467 335.51688198712793 
252.02982734249034 595.1485329760333 396.74294092135585 22.909391994774513 453.5643363516872 237.21695910941665 573.5352296533778 21.049204100498912 493.3895398596464 76.6755785116761 114.25598266652587 413.5520991782854 443.2209277309576 126.5765367954859 177.89711772195136 59.985527869091264 211.6045920395239 59.011849362135266 502.9808544705235 587.0053464858454 
88.79844648491525 430.0575798394338 322.4787959651617 24.255798135010913 293.25256884788143 422.52792955531027 222.12702394585747 68.6262746526132 440.7825356826721 565.133262030563 538.2309038690349 110.45896939239843 607.5291647034538 436.63565955595476 441.0534677613122 505.3007821204399 407.79882463511495 113.59572738307548 199.88094122920847 524.7934832358442 
457.8777861002772 470.3045242261095 275.8593050566011 570.2958427886978 546.9143933331945 589.4943211928876 38.695658887155346 382.831378357386 385.9629728568451 292.4217862104137 253.31802261367193 132.9555568965284 556.2830219854343 346.9176402800696 432.58737426401535 24.13622531706672 227.98752623338885 261.9962708689786 302.15568964567035 193.2408948033765 
370.1342390657039 327.6191833698425 373.5637870089372 441.7248100911326 323.3534020318091 308.20603074558954 371.6726302321049 81.11331695208972 356.1060561125483 548.486883244077 412.52179991129685 126.37254404612723 175.6663105637311 600.2896884055606 377.70913007515253 20.761970501247088 314.9215457422646 228.8563373790128 281.3848846309117 425.7626226906261 
266.08418888957243 607.2815246984669 375.9546634870443 359.6748247249306 582.4089901844784 57.66774153954613 492.5843364630726 518.478991319138 119.00924581528288 447.5903884416774 62.60108317301645 162.55346354799582 133.8660071419173 300.466700673672 415.8841812099333 302.84295214528527 120.12390598218745 28.422226359010622 302.33930342325175 270.07152180579385 
390.7672551133814 446.2486444158311 332.54993532392984 100.5936140899387 186.7704340028624 475.0465238471583 383.6999818631741 322.4771183858675 29.81596404906686 94.14709306832026 566.8609823947712 475.4120824062948 390.67433252035937 349.9063391751424 301.73783766387976 248.03883474643584 294.33917063883996 179.9656265392722 394.96683867124676 66.28933896806357 
233.01147395764386 161.57221274875224 568.059655386537 516.3354757401296 108.02679681425798 42.553632233125455 31.087070689391165 135.73795180156577 471.81897936829137 463.5397234521956 448.19620244852075 256.3896887389027 491.0143255951799 230.02577377905612 591.0550035878031 532.8474395181537 601.7498577994877 442.8709200547304 326.3177338758522 139.6452220130456 
578.3094095570916 545.8252208305065 533.2051798769847 571.1835365161156 86.17142851907374 298.67936393172323 97.29337491458554 127.78796094510399 540.5620587616262 234.6306354654636 276.60455525165514 321.5309879131493 41.6074143479283 510.4590110879013 486.0941445726807 185.4107376083515 307.17868084152934 608.1069285985295 296.6274448570837 219.48033465528655 
274.52385361918084 96.25680384269498 394.53983019873306 57.52185559528942 391.77986148136125 210.49970146816895 197.87422447979156 487.8582551784769 370.4587458276399 160.68908393638125 175.3895208725822 211.897423973488 320.0018450607978 224.073483957839 264.4337911329701 74.00178101756475 335.4954175583883 432.80159906926 333.7759560699911 46.27737072866758 
359.6418272192429 614.3937563399588 387.4897606848731 201.87618519698347 490.07969363116604 493.77345603138434 155.98362254617112 260.4052563944248 253.14697440513092 515.4526605654024 270.27039805983605 239.03665516187579 315.18071699834803 594.4646940874151 165.570514501534 92.91177610989519 52.44712123608817 154.63845027234683 610.3423828299335 578.4337815420781 
150.79569902846265 562.8076082567015 306.8338028988299 523.0421155082412 356.1313915391133 417.5487555103971 159.2481553874191 235.06259899841658 46.79821125494437 101.04193424729674 155.61906077415182 537.2269682109866 448.96835415046866 352.6475861840676 359.48723261825444 257.4556306564986 266.13035386624733 172.79359553056858 257.4734334621135 560.4973177462089 
43.77012921768087 115.7660161010892 458.8410773343298 54.01946674142242 140.33867129721722 379.9974372394999 93.14238269628662 152.74298836093848 125.6000739647365 54.446686206342726 202.04180309632432 134.21523951162106 377.4537478664967 429.6634864447969 171.41034880172128 469.81495131672034 198.32435637450894 432.1320420647986 199.78470995685532 164.58279332616618 
122.21360415936928 590.4871009070226 149.28496888133301 389.47139113868417 33.50717985995475 292.19633688590335 275.0843694919719 439.6085543158778 468.6309075670869 239.30282302047343 479.5252577978558 402.16742005941717 221.64981538627106 561.8212972713974 286.974656981996 467.43726506113165 324.90374217282533 197.38197024123633 85.51338091244918 166.68874017097679 
25.773365048091872 295.71567967433424 131.55240440628023 370.4273473478991 530.6703179638772 156.57403799534978 563.4702286863302 230.6288196612541 37.34525263137574 159.6784627594417 420.36492012104384 600.5501299304841 326.60738244162013 495.2917317827848 412.0147707936899 415.71001675847873 334.54954397799645 254.00583212701852 536.1410846476415 269.63268649109943 
276.3722854554278 384.33990116849657 589.0670779871853 567.9483608112206 442.90087810596685 376.74193504862586 365.86640255087667 394.4446011910178 540.8889073668962 282.5881029692968 96.09523970377194 372.6620575591159 198.20230859863707 26.77333815934613 611.2016393684459 356.628335477864 204.97734772637494 122.48697692082858 489.70584213475183 334.32384823441765 
611.8467557495252 246.76725516183652 176.2453162827624 477.47337943333577 356.3272179996076 85.42832206593663 420.5783509768588 21.256994506606233 238.4623421540325 405.95356689391724 532.639870310182 207.5342189537866 416.81481997643135 66.9489945638363 299.74317981731275 475.1751083171282 545.9013211753978 422.75050411959387 562.0216275291245 31.091998064269013 
26.164089162127695 531.7785241020714 592.2035201487648 285.5656969641619 187.57290673892936 327.2341852684921 175.8145133511707 185.45988977708132 177.9511466892327 258.7303818560333 37.90087489960366 28.917427907757826 77.11974070396026 463.4517811359382 412.367495364785 95.13232301631383 307.9527324410563 275.4372173907767 100.02444300112079 372.79120717266926 
365.4381989792036 231.5785881756332 311.4357542813166 20.777882324112134 34.83834504332546 482.92962194064313 340.66418064794664 144.7349506494673 420.04237991931495 469.9186572273996 466.00570368268416 423.07597422597337 453.2061110756917 70.05875334281967 23.807588425590815 66.04216005264988 306.7718599392807 176.7493397782169 351.4636127015839 541.3972379033328 
478.9624594990261 217.7627287475176 245.68032712309886 450.35418283633845 473.8432476390718 472.00953270947866 532.1081043254724 87.32773146587976 547.0454805990958 393.1766733460616 292.43055941281204 367.10626782627196 538.2453799763686 498.83160811942304 445.0063639214328 153.03687147186125 161.49204544254388 533.5866620453525 525.1569592827025 369.81737633496164 
474.47841529721444 564.9171846829322 461.19405351157843 34.48904075975403 397.8487529003985 420.22723669397016 92.28060826835345 89.22370852687303 305.636541592652 223.75658408650568 124.2190524983972 469.49907469767834 257.9265120141311 141.922807313954 569.2605236747272 591.2559942074663 396.8345011470164 595.6921111192087 66.0288594371493 390.63137104069654 
376.8989608699406 148.57278087606704 225.6530199533977 399.8605703878362 250.97786452266172 428.82495625391766 100.2018470802962 92.94288714655013 582.7446191632511 594.4803773854097 219.51475571375167 484.6641338662438 306.8770315293785 599.7660112915081 392.5221784689832 316.56971609579836 608.0327252795905 271.52524503609175 219.1495691861707 513.4823163480346 
439.7050172930299 554.2302985546426 608.8985315930696 544.1575948738785 54.05291435404387 232.1798431425232 552.1990708447552 469.67197034523616 263.79893848679006 187.47523267823019 340.62652086099837 413.1360003982639 307.28860766917785 402.3695168514041 382.0769618971525 134.32721502966325 337.8052846616006 264.5825674750613 506.994918197518 342.83612396336486 
308.23413574317874 284.17639327451303 611.7470741711405 333.3192107470973 372.16897020549857 480.584184338809 35.235624595424 476.45252293749337 272.55565322273264 448.3869425801032 414.84526103806854 249.179747129154 138.9660104696241 260.4314941966327 117.81730718470054 37.84850782642287 464.5957159405451 316.8833783864927 294.1449024446936 97.82849728134677 
384.08013945563863 198.80876146541885 147.08291192543717 403.2053854029473 123.22175706596389 334.8787231142615 567.3663235667515 470.14408556883967 441.72299802564237 239.79001473553404 27.230877580932326 187.51528521119025 440.01814495397014 432.9957215813382 380.3297649860451 438.3788572411823 51.29816532583995 296.3398347547312 163.63997497506304 45.91794048457754 
489.8221311465765 479.1893748532118 547.4522664892684 127.4174884768246 276.60895742803143 609.6577738430511 29.538169394924157 89.88099879437951 213.60344265747068 20.51336703951581 319.58825438219134 250.8791730968594 227.40989931161505 348.3666526078788 410.01493840449575 418.22425134913 553.6877107648853 614.7301302271305 379.21386361164684 112.06378380899598 
83.3019998262018 147.5444880899936 23.37753233730924 262.9875618978521 441.32359773189347 251.7647308340848 362.9549455214845 369.7415654172778 519.9717625796185 487.6002634469875 619.8509315989538 250.14249076674375 536.5936527465705 565.0024388034589 211.45900711165402 68.78675785854678 37.77397298443275 412.9934095339489 457.6215141904666 275.14774366942333 
220.66899990003157 132.430118218087 246.61068393941213 235.65486743371005 92.65819440777652 490.79700285175886 456.2245273299232 493.34837823551214 140.40769279945926 567.6213275773513 276.0911355829616 538.7036622297288 329.4390047169045 109.10477374031743 527.2753050576997 325.2186207360558 405.29688333761277 500.5651610285044 425.28109991696846 113.3580481945232 
417.41006709780453 215.28186670216985 182.54418265157403 576.448655104004 136.73866603802372 548.3388976077483 396.50769113657594 452.1185531735433 388.301851862577 394.05925897921765 119.37522855107241 572.8749506259554 469.67974549737147 375.62430202887407 455.6350264665357 459.4136647771652 376.5831567670784 185.47201172610087 283.44867309165534 210.2544904033861 
506.584859869814 145.06775136305063 245.99851615256443 171.29582985393313 62.10639454639096 142.64133142850892 108.88713686675531 618.8826547142024 323.75383969386843 57.484147376626794 529.6829553157274 239.98129885393155 515.0965537908035 529.4001599344741 35.70553801826031 143.05493361820243 529.9825389903037 81.90441336126949 356.14434167392466 483.2336049759114 
343.48405220937144 357.7627982480124 404.6048259769396 335.3722765814676 477.5675000502474 175.4669733174439 158.1754504229211 198.59095078942372 242.58113806423458 65.23803211365586 429.109456716192 65.89034287023861 225.65430273967274 93.15276198604894 275.21517968796235 542.4371581151348 47.10222869599717 331.98618407497213 545.0485424638925 246.1123621416303 
555.9297190196739 287.3641457078213 604.0015994907534 273.9165343208441 585.5279223896197 337.8197835530332 37.38080551243797 267.82581533755985 140.65759668660655 597.3474903599521 476.56879810911494 163.69238234195473 436.812750636046 559.0481544581737 444.3633405973424 256.78291353014606 363.05847680244005 28.459550713504328 265.587431952001 167.54928406649913 
489.43663055643157 205.16549565194538 39.06399361940048 441.22466461220654 90.03305657403422 321.277542630831 217.04911753067853 464.8392151992486 402.80027229882853 395.38300411211435 88.21759363888285 335.248880990374 497.22923393078395 410.55303668379327 410.294401775514 61.77122785435306 470.9640273172668 175.00451776994507 388.42591744235887 437.0218019454004 
446.4530601360635 74.0095256712818 345.3846906779794 459.54508085612247 188.73077208956303 71.64604905868299 579.7013732710992 141.83353182532557 115.42334562261416 470.9838314389333 257.8177562782653 287.3285450566988 420.0723757686723 291.2989901261678 336.3544528848927 569.9972001941953 579.8700755140665 70.91117665745253 260.5871036304493 400.0783434374845 
468.8999529332601 454.23709252958844 535.224929609534 609.5919109915535 247.976505192497 71.65403331825209 613.5850412830256 541.2050880925436 552.1778969671454 570.7672258827287 301.25681577902805 274.04935106260587 447.1651281369961 407.6747702981496 420.3494686858424 470.0817089446119 375.38165383447887 556.8238394597814 430.4170840428591 274.5842860468224 
63.22719863851585 448.05197929371764 452.1545012228515 454.3957988768088 110.29921389891622 389.4071938109567 289.9580676017061 507.46867093372845 531.7962430147874 484.3405998246916 199.44477640847836 227.34565623298295 475.176379901314 601.8653668602313 496.0237137151894 156.14959433295277 482.1650988794269 108.27574942912074 250.6135172435346 309.6801006826129 
417.20577086281276 419.0199316672296 268.5995161380646 308.2109536405222 133.44688926693215 379.3203618682733 98.12440190450423 596.5819417508562 497.35962896853346 432.13549807821244 563.8061845993898 387.178856631053 143.0795695153501 482.05653052328495 71.9770743633155 109.39538164569656 277.56626402899747 513.7329528632866 83.537145201984 99.17080759036885 
607.6744000641385 573.4206419201681 500.5165239253633 612.1969724025737 210.23038138843 472.24634916600303 62.439733161376594 594.3886109333187 516.2080188317897 319.7821429209907 198.58614146080416 593.2104447412349 530.0970652921809 146.52373583798516 132.2400912952919 343.4550772434145 355.5583948051637 23.86629473874356 583.0245462064379 311.065261113308 
448.4595473533644 440.17162714524994 563.411957547954 428.5943842127927 368.38441697137057 441.52039968583637 115.50616972713206 205.8988884702498 349.7107377669774 195.74317096074847 384.18904203586965 349.65631152956837 163.34928399509224 388.3239700427989 372.72556574435004 175.30287568828786 90.23841645348227 608.7701987274089 76.92125736564333 244.98411278411987 
577.6876812302972 236.04256635593788 43.92550394631141 615.1125970695572 299.66436576380306 81.63891132252364 151.77468152441867 227.12618979719278 292.1166243669439 198.92544374474906 555.7687807245596 125.04085414441016 384.4270290033347 217.30941987054777 97.77523993190081 133.39155595877827 98.09014405625764 309.84684081619486 224.55381389216194 379.15514354992166 
133.70808369527623 452.8789224572416 411.1961558277928 591.2489321155733 117.39761034890606 586.2911481143101 35.773945387619804 461.1986848619037 427.70266583273053 232.9886821480451 201.28917346499225 298.56975663896895 474.1059606966247 486.181737058068 351.02052796041164 164.75524861356521 348.23344628525115 23.074819721729718 273.35947811262884 618.7147743974407 
318.8454962411676 353.5535521855156 242.22978242712313 558.2576816828058 591.7083045499758 262.462737835045 589.1844156869522 390.4644952059828 305.4395816667082 354.06952481871093 353.27331373945566 314.84021498475994 284.4219261827797 357.30538672473307 204.77597177693752 452.7933742310927 419.8780027465324 200.3806159244796 588.8924780890927 107.03448641436854 
100.20099757401688 413.3652149847174 585.4868983058974 184.48769199956138 61.63414698691108 567.3297161587587 130.97645352792847 366.30935503489866 580.3932797007966 608.6399439992663 598.4607247575657 158.60727259187092 77.32583302456837 496.9992376916383 82.18405433679311 507.45443945718654 156.2003328680286 305.83201851063467 282.4254528009739 411.790865676612 
446.71998994341993 93.60245592762836 36.90932043511431 517.8074206427391 373.35405784112635 204.66185402058937 494.83101031004577 28.405330966721003 521.0810211076928 408.2186592356817 279.5908326576825 411.3250778382545 619.1369237302662 34.024805029896754 536.330397722682 139.53856698300748 313.86298215152954 213.3719770488687 310.364812013048 247.4980978746996 
51.746003325607 483.9919032896041 52.604727905012496 436.8361528325343 143.74542560357938 167.4539712703234 598.0618911648426 415.1095639536246 432.0007488282473 77.65435265306948 113.53185106677896 301.1818147605592 130.01306860877162 268.99004015929285 60.547759301699756 80.83734296778877 557.3944856251749 482.81175817699875 169.69885530049126 46.22153419175362 
440.2791541071654 500.7494692944004 372.4074613487057 102.70006290205758 598.4896732820434 163.5040850011414 186.25824157868192 176.73151630777147 190.55262616928465 163.69933972049623 599.9734364569987 508.3469172430355 437.65695610551694 71.38742300256642 454.12787602726974 161.8298716396688 97.64898984783366 400.80212787620445 463.6974075302265 38.19124722360226 
110.1578468129897 76.95343652511386 578.5346881825953 23.031961501344014 183.94494942311056 610.6570196539108 527.8658938000953 453.38778120294694 247.57136070441413 240.59263776482038 344.902173346657 237.14966207385527 34.47683845316161 450.98506823229076 217.65961914226014 308.65371446638227 423.5641577717511 23.501336289822675 362.08150681556623 254.03419398309381 
106.38267622578972 531.9580123970982 563.5564897971262 89.93350874553394 502.0046353105285 538.432358572055 382.9265605538682 129.1628705283344 190.68815012575453 299.37092969379717 573.0785035937793 416.90742486995 487.42063575738126 540.289586704573 402.2125853862628 171.06947398901892 126.4362065224328 607.6585411277583 129.88227328230954 210.3437930204776 
377.80104244482436 256.5661509016128 31.89865258404175 103.61842541266293 67.16041558082682 482.7553775183881 120.19337408090449 524.2951144617248 319.7409548192196 157.6264143621867 53.73385931659132 443.12272553214285 599.7021681104504 374.79955269733864 86.58443944178671 543.1378025286256 165.93073369458148 366.83168344198924 449.207293497611 390.3056086978359 
615.3715122271132 200.68046988622535 309.0969200993787 443.4557640327857 534.9888047835123 410.50976383301827 606.8417267336101 337.10596793914 433.45183099327716 276.43010809633347 213.70676121055016 20.76768250781043 273.6380819244672 207.76809900035946 206.83105772642452 288.3275198629373 277.0482045747978 39.45817018226019 608.1336265480362 581.0980435267479 
221.22634528147734 200.15083509295707 483.02151954079784 498.1317496221344 401.2795686727523 260.6309003245118 444.994040785937 197.39196914687534 376.59015877393125 321.13949493363754 162.2366194445892 421.37451525487484 173.81456641234843 46.19372740324957 412.2981950674458 30.773713960330422 367.2626798939379 505.4975069575458 180.94587837683244 479.7865751449769 
607.7512590917992 329.537595682385 451.2905365542079 416.64900603487274 521.0251875676831 38.45837005192459 79.27722252215156 342.9976407425922 446.84042309991634 352.8091124441261 501.6340480799981 215.6510762825805 239.80227888694853 244.75771804779004 172.3732460386012 24.40437028748302 503.05276827854755 38.36436505247985 573.9383833116026 329.43042543031567 
575.900944817165 617.5090201129502 199.09112589186321 491.8820397843652 346.48976927582174 150.06652814511614 449.63167413262624 281.28842246927337 510.5933505384164 86.92300198298575 148.0463184359015 493.3399135820578 247.63834681866462 544.4272475425477 508.176077305447 161.6545602400283 435.0432533641651 128.87098919586833 561.0000243290301 97.12046207793621 
271.9692335016964 411.5917338194015 381.6271364072424 438.40748885248536 533.5763845731334 413.2918191726969 213.59039943365235 447.24224326340527 426.8791090291292 206.16763259300578 536.5368562220741 532.0398671738682 369.2943525898503 492.4425769544079 473.40748040723315 33.48661351328193 360.97650043931674 167.89758659267576 483.20049405938016 55.6668401597678 
572.0325190190487 28.993069657841126 435.4119188618199 376.3281200975919 115.71141601951723 532.1756727939783 512.2471797575824 619.8783878974093 328.66139602872926 263.96412458777934 534.6973944520091 426.7086692930955 429.34873526261146 130.40743298603115 58.574207910618426 102.43533625476564 575.7319987056821 424.5095008985894 536.596845472158 380.65547456489105 
493.28535933612477 280.21375258169223 192.62514983889176 82.80917665701236 594.4648171073371 171.54162491183746 604.1324052041326 208.74266411869013 60.7110639490234 465.47851167471623 339.0116288424497 341.56560111300973 308.08260917562234 587.2011267381364 342.80911107081795 400.39679369292463 207.61317531569185 506.2398787037774 322.4789509613669 524.5917659028557 
181.48686699133216 402.17003068172977 322.7523463622528 423.04594719595224 46.12494851768494 518.4254657704278 241.21538113696224 272.1674046259168 223.27811283119848 362.82872906791516 378.18905476752786 596.1126621168228 490.21770637778354 163.4311623267068 267.50526593952515 512.8795536808716 190.11994009104652 438.25676184504727 384.27266959791604 479.8506215950771 
373.736716494612 487.54372322832705 75.7258464003595 222.3811360469302 93.4467230791128 367.0772276175363 211.25186051924757 79.02507291644355 220.78081090816562 251.20720503074836 597.687783299885 346.993246904034 108.51512531962769 244.1450988010913 355.98292344994485 561.4369769047802 168.42586015495746 248.1329778368936 605.3195692553844 192.15121708795843 
185.79943765910087 247.07913244617032 550.7860147903922 591.290946324791 141.79180219944385 314.2536300912374 420.6955280950547 375.69436944370125 264.7305271282406 402.63766730228264 249.64511822493222 577.406906240291 181.4536151620368 126.5205740952893 453.40771891309697 45.99957983586398 189.77862454727298 92.93802549119523 91.75171280404962 136.27554338324674 
23.195916448968195 491.5454014183029 265.2814095297168 64.95860258289201 228.87981229386122 601.519836183777 442.3922451247553 469.9574148934869 30.111335805503764 24.084983732863677 262.4345082763437 455.799066437857 94.2063329330322 199.25194600435444 311.17931173185514 558.8259175947629 177.0427114663368 115.37034142709501 314.68055624506474 215.74928863727843 
365.28055330621976 70.08317991313169 547.6266366767218 69.15394346357041 387.36890823748683 491.27923976035026 402.2756331597933 393.54686678484876 614.4327941857977 376.6368318672688 214.0677592969509 275.5443241087454 122.13453020095218 60.35255279552325 590.008850533742 531.7908563450819 534.6027528038533 565.6488807902703 235.91848139073466 298.20392568103597 
521.523228528777 351.6543638155403 28.636722685844322 174.13796737067747 169.48485353132756 613.2499989049096 229.28306037490557 355.061675844595 398.67491286057003 442.4758245757754 83.66127703532433 337.34223061075045 146.0171914313965 510.0912317302838 205.9041886597876 328.7301517714822 185.84662037531282 475.8827957441298 491.45179191570674 448.1386113272035 
409.21437714112733 86.31353302727949 255.45666536353835 548.3110018504227 332.91710067199045 268.1071388886743 242.7104345995167 44.97029812798921 159.3439567459833 76.36099823026058 305.18488106538763 286.04419663947607 458.23529080262585 505.78186117852914 493.28159836799324 144.55969810970277 491.4467329826045 523.6377740132331 256.88395913558077 268.8008363713651 
151.81237200368514 233.02000997997143 202.30493415546772 373.3233215937866 437.2007866041892 425.0088988003455 201.22478162979215 504.4199218131643 530.8577344612811 528.3371877076652 397.7121885271168 563.6302480023111 509.1291934381283 115.1446942411128 409.4226449381524 322.88869956004214 247.6585595375334 271.41800432574905 569.0678256383477 514.9044187424904 
247.15160253878065 90.70903398579512 202.2497105917802 332.3668633950025 49.803220623761064 499.72612328195817 87.75326777292692 619.5707883923722 267.47941168483686 174.3913601208285 196.39123781577058 590.0544910152207 592.7484355652813 254.95814674393856 154.49506291388832 53.844963148787755 113.85485761600623 518.7823533869922 428.14548606993435 87.90368483253462 
404.7301661874674 419.3412104976533 574.2366440710948 33.36688533110693 611.1337840805608 550.0934315238983 54.46746192087134 253.17399284401367 304.0182157492326 241.77435556310434 58.3539441160059 433.6780140879499 221.21206534199777 351.7200176262751 131.35634484249033 163.8315961615602 168.5146539640435 53.813618412842494 354.2147007207622 275.54248063413013 
101.29598465815901 587.6484756940324 169.58670370368415 578.7922229674086 357.69592206696603 275.5008979077939 102.08153633820581 575.1117843940378 164.51615199040978 65.70690560108766 167.7834279472371 283.00782912865617 286.89877438993767 611.0365497765703 319.35879087109436 258.9334189717712 242.88532304109475 240.65952479170284 22.840458396584644 47.39696947490544 
453.9498552795882 334.2957935748829 212.18307573807064 443.8030837311914 52.599909512897995 157.14503456533706 217.68317910962503 103.61904302329877 418.1391482860742 564.1887220186875 414.35767897649026 581.4607983806355 61.68523870463563 132.45845685995246 486.3747250894407 433.69213945969676 231.53705175376567 429.8642837299713 153.63050398737332 568.1306836338233 
559.9845311510423 79.17698244592546 356.5657990502276 574.4547595672498 222.6553177422482 25.757770008609285 45.3160291904515 118.90448394288096 431.49169912456495 567.6293969067724 69.28850238779718 436.8712263180798 32.45167993405596 256.48226607616573 613.2607923806432 506.96887253661686 129.0278810625424 328.2093302758491 376.09368414598435 40.180835801904465 
202.67820182157172 471.56368681203355 438.1527797655668 567.6764985309136 151.26166274594314 93.53224539240651 313.5322058399635 260.8907971654361 616.5735016352887 190.01969649525074 233.1744469928412 467.46078058158486 122.07309698836531 480.4361426252587 454.97985838592126 96.61287662593574 291.89852767800323 414.7822756235302 546.9996090956391 337.5944694314393 
572.2614816021676 211.82603907859385 539.8060697178832 344.74384837693486 26.31630874803115 36.964100212393674 594.1339534873308 72.79190335562896 523.596900112077 378.36228933515287 179.88638968065177 195.98964062741643 395.1152549683558 229.96860393430535 312.59939505228937 594.6550861453848 175.21540451686946 39.99243034204148 543.4586404401437 242.7332974738603 
201.27637111992405 333.4439063820901 548.9621526334512 279.9634669307334 592.3581127903714 267.32703770714784 116.32288887332221 202.24656438017294 477.8840561436585 527.0803794688682 470.70459609046407 53.807497838117186 97.45393054914102 122.85909719749797 440.38515600110327 54.7454057195405 542.8808240873158 194.25199054530717 305.9407611104104 47.565920309086266 
263.54607123041336 482.02736082612546 529.5448679345845 96.28910122068169 206.16567380593835 75.50145352662727 110.47573293678133 121.72679349110692 210.06230772508488 394.1232092001821 62.92605280494692 206.5232029504501 29.03619235252029 111.86904050786752 262.2087067917231 353.552349637105 500.92903146165935 83.04146269477721 255.4522613252838 431.2662142519845 
535.9744680548082 478.0652282109957 382.8798188688704 589.5874306445857 145.02896247896268 87.87483299850759 305.7653227430711 179.939968286667 78.7767372823157 105.48703174236782 587.160689782239 563.0119035953322 199.00267589051563 443.35216255217523 521.4877797210817 537.8438268792938 53.02676043320321 195.07809271576215 559.0888011705823 275.8366395532875 
