466.4354075578748 491.49830060283296 310.62256689225643 367.2611561280474 134.32115540607987 370.0167837614021 507.68278943847287 277.7626028405431 396.378134039766 376.70710034539906 426.54607198624717 257.942126844962 417.96602582576975 239.2187719623845 435.468954750271 33.179819774714446 230.18405783699833 225.29647103159138 329.42570772412313 82.27667876970828 
186.8569079055 184.85662978196248 223.02258111906863 367.65682346603705 270.42819615916426 453.17850327157765 387.04616392879285 287.0357038520324 217.4644382916136 117.16289655717553 61.84887308727548 411.00757338064113 59.47282296523142 271.6116562464097 405.7746795060401 196.00528752389744 299.7357678279832 17.480976374059868 361.8283654041785 487.08547491674295 
71.86549360939685 79.06174921999991 350.791132370032 249.9922940128672 250.78164900745534 42.04011159298137 323.9860743600556 96.95294533440129 111.81522955705691 339.3910334931324 333.89626429323295 295.6578951931066 258.6417300595396 237.0585802396805 405.83882316024454 75.87911135005132 165.74688924792457 196.37537832712292 118.89804440601519 173.17935217309437 
306.12793273976143 115.1749570745465 429.320610954005 174.16559741762205 459.9335872705539 74.54964161764259 394.5761378183532 352.73988943256467 424.74593989771245 343.2075016700556 81.2861559033356 311.8004829273344 473.2072400793676 16.381132186448035 65.22452034179487 369.8466875857097 28.69484870315152 291.24169957340587 56.59260111587382 256.9403202887601 
154.7473239358636 505.7711599657276 308.77219088293646 309.4769835947726 78.94493365080257 193.04589322441373 93.75929030962232 478.2203368327229 96.94762528187545 27.884789559063417 152.4820299371739 89.0523343133852 327.3935156185586 167.81505850802523 153.20563928653291 420.8927423009437 413.3612331393333 115.30865934326738 316.2277781056997 290.2409576779737 
391.098977957286 353.2427306667345 488.0672336001094 456.7931754510447 71.72361334904552 130.5369368916071 73.34913836103506 289.5882595806502 406.59288863403424 399.9209938912309 357.5899400754815 258.1351966446525 432.05378327495066 34.78541444371291 379.08502068754814 437.9754309395924 14.270291758587785 77.06865752385526 133.10228177640082 345.13305366131107 
239.83362795203377 393.1337332462935 16.584835964702496 38.90618574742565 422.85805300936 239.58750339086603 46.56573741774033 57.4524264402687 324.26537630435865 365.9956883358875 10.498058885162244 375.6216661746399 303.96137444262837 406.44672719809523 331.7033787307223 199.48937054226795 251.607136850377 436.9177143464889 58.14177306040046 37.043376892301296 
266.68847495982084 200.39540635193032 507.7064844277138 109.47738855082223 183.5866232806768 126.70547411094923 228.24639575419846 292.5443460544427 162.35326879479027 399.0031916460083 55.51935055871892 402.42261078652797 190.89296932532972 443.8785537814482 177.27957106816305 265.5483676538131 469.25631396726783 347.0290775273007 236.7021892261481 136.86708160912173 
271.7466738890322 321.453312897805 133.34809374352196 155.9573513280166 507.54382581153 480.11828446920043 304.8721789878003 155.48018483489534 325.5476354758468 290.05385587601916 397.6780759207444 261.406813143655 234.14472950324605 209.82730933096775 359.72263342044477 349.4782343465003 331.60142118986477 137.3510839388468 113.67312216369685 47.349533435504675 
367.7860086295377 419.9770207689528 93.62030647045404 96.872144213466 482.92352816792135 303.82994297241135 53.550687836980075 15.967236414407717 94.08606295489702 324.3340194917242 180.780748909812 124.54318949930109 25.12185723649029 264.88474437426976 172.5565947594128 123.91049643484169 100.72619086696199 435.6199392588464 59.02192078846201 44.14700304150092 
50.3572758581795 149.2426147722877 180.75758864966528 498.8667703393323 192.70023748034387 395.8490648776272 354.095802837966 311.84559586291317 496.38231134601875 343.7151230430986 382.4120911009431 204.95641804396595 237.64237487089238 417.99390584467545 196.59820426685909 361.86754650078365 100.65798552141224 334.27794679440433 32.91904550188401 306.9570354652593 
191.2329585610453 88.97902738078344 181.45671851892723 163.89626612122527 59.54873493640122 33.4787384986016 463.344905332442 483.3557682375487 452.6825384873581 284.00290416584556 219.99667425750403 454.28651450775277 142.5955246936542 344.1730683431535 222.52871640598337 438.22982601302755 300.2940281755041 442.1879942141985 34.58537587372134 391.10888007653233 
11.867003127283828 209.58852947938254 486.76535638753194 361.955119113335 157.10288683642364 453.55881309825554 45.85438392426404 383.02251076569706 496.3888351802309 399.71694233975205 487.06688315938715 190.74295420276076 436.59560123097526 407.3483028183688 402.4998690262402 341.9758536548603 71.6511660494416 284.03467665008463 204.00201811114948 415.00494171996917 
218.5061283016713 451.63216376808253 403.66125155071524 109.73566781043708 294.19416667006413 340.5511470160749 80.11376062886072 186.5459921336609 504.6905332647873 14.291391938646694 63.87778066291082 308.2440235094213 441.2717616215031 151.18535169893386 499.9150779039065 474.58538239572334 305.0797747340709 135.30293568111512 70.62336935874569 363.80351508432676 
105.5934016195899 133.47065202055262 287.4627929962594 20.606075131091465 303.7105660955349 160.35849065247763 384.4194806067498 455.0905197512284 495.14407058467515 258.58752790257233 471.50953331632303 342.0320111675491 354.83439136443025 45.81136961589348 231.52621733225624 134.99669986128924 188.08230749351512 505.7246187384568 68.23388481169711 34.73367715398351 
59.10466434852895 24.9515178755395 239.21141880348327 376.29849153074395 92.71641810359608 302.76774785005284 131.54854696789857 124.36163906799895 169.8419379854581 385.6086929725265 463.59800556337694 291.15481434262546 362.55882067054256 203.3171652219268 320.9867456680687 216.50838061430622 79.37731659098884 109.08373041078627 60.08935311508633 274.4328940868182 
16.45843997693174 50.032878128317904 237.16667666895756 195.69807771014885 135.47397043544078 120.40793639112229 346.37289180145757 320.86215010966254 13.811347112901375 374.3081255320616 274.8341249795088 223.2046853120857 37.826756373493076 399.930618729297 508.00170563583754 266.01628510885274 34.84938051293811 282.2709403761295 243.4831819109465 283.6979528792297 
64.63998550559529 206.23471497995976 196.55434987631625 201.12346934020812 216.0070201950397 77.11388544946223 505.555115677721 30.717767079004467 379.28329689278416 160.3806108986745 270.3727718594071 311.7046006098681 90.36634011360583 367.7518622442573 382.21530986763423 180.97643057993704 167.02567830310053 441.47798160398384 427.8783462690372 390.03980768997235 
483.18001999960694 413.8081231898723 76.70841506746866 207.4892606363884 351.84757811025133 343.58589013279715 483.4660434672986 271.46294011279696 112.47259922725527 456.92827492179646 365.2915385554738 81.53306415567523 143.331216377935 443.9408639923319 35.976712260508904 444.48427158605443 144.7197827173725 288.422589235366 305.7456322481945 313.43304431583823 
163.6288753377036 132.51318440189507 279.7475031776139 84.74133134768019 455.60587710855157 303.23626782164547 213.4649112635768 42.17751661057672 404.50952316293944 252.89135469689398 208.24039873331867 262.7777777784295 345.8593683719818 290.2479252810846 155.12454524422103 423.8610191919261 264.4833500811424 104.49452810294751 460.2488618518186 75.65051916325044 
462.1666147929067 208.89618983211454 209.92628343936536 68.95536675055313 416.00458562826776 56.11319662861263 58.68269558338834 452.36485435872555 173.16367394516524 202.13438818707002 248.4224047010799 278.40891242927864 252.75236235182535 20.778010691565253 291.9308645193771 383.13777865290257 150.5062450323652 95.71343007943588 478.91760123919204 328.57391718699137 
166.98971164441767 41.956599093075354 487.80260945644864 322.4894287404841 405.01774522214 133.79268755145313 11.449187290421982 54.962022887660765 407.0007252353288 241.0786612869683 430.0465684627116 16.16264073634165 27.915508797618774 200.87919310233926 189.34521919450756 484.8279147961277 264.6057966584877 376.38903764513793 167.44809433554613 501.87060260090504 
387.1150681479151 280.09474318989993 438.3609180327981 268.581013293188 342.7550060267407 263.12908927044936 465.50463806596645 33.87270156026322 28.612684235699284 397.7712982410143 383.3931228831262 160.02538479977605 153.19963693656302 305.0460185532903 150.67932124409845 181.37842123465603 32.94582479333879 304.374429576542 482.7728976255374 295.4277191733451 
294.2417919755948 387.230409868545 97.23259682293494 350.7794188605171 76.73192924902504 141.7549212840732 430.1362726724256 21.413407104056752 458.56218506410113 380.2818972807317 106.63199451507832 481.7096894738103 449.28518843669383 346.72844880742235 73.87304339197914 21.690870247683005 21.125987695772167 505.80290337795054 429.54011846053334 166.93387293401366 
274.311514178384 40.98342738512588 104.15383011590228 492.6038497972863 457.1668669136081 313.2206019715431 180.38060286761743 446.06369261288205 186.68159815619632 157.31700426090998 257.53511288406094 117.51194779161116 340.249084635726 17.936877418756094 394.4823422766627 23.102536923855602 214.28210850262596 52.19910153387163 289.1424905205009 89.99921626922202 
170.40781106799224 450.8065003605363 477.8017319509 157.81806075753866 114.94503528513982 354.66466238527505 462.43202620509925 435.91091720296544 282.3674473125128 368.9433969398771 299.22310838432844 480.94308622001785 418.45510665390276 301.533955395642 306.5297205190406 384.218374983662 83.83816951353045 377.8550748306523 175.43728934373442 483.2044785737652 
423.6353464331677 308.9610822384576 391.1491231399901 36.712007134704066 373.89057160614595 214.905112944678 498.39824697247025 428.1801873709312 400.51083648626474 30.310528563008468 369.0870645605117 86.52236561949566 491.40839549199603 144.10380794926223 255.3578729778018 438.98447885606004 247.55046406206276 150.36186609977213 36.29747430211849 335.46949794083 
43.61942687298097 212.2269962216925 191.47889923175836 508.7812143519046 353.986903717352 165.84261716422893 159.54340855953478 260.2401921732391 464.7045083142704 116.26289105317815 365.02595515903386 185.12526776059966 417.2147034299879 402.28923313032175 321.62712708768845 377.3935417872807 154.48467326187614 432.18714744379605 345.1347432854881 178.13210825722453 
465.26644882576466 17.236116093048583 34.198297562528055 157.1945508689898 447.1863898389222 455.0660166526965 302.15925471615174 142.47545504349878 334.367091200694 239.73291096289577 368.1403981961814 236.27588031733393 160.28495539880416 400.48758677828096 240.59729648892556 383.21311219502843 351.56642071223916 96.18975879301743 351.53515841897286 179.12768659089627 
473.4260381099486 217.32120250060814 124.59393964849568 235.4408606675235 472.4495916072451 372.5508354394165 385.2051605628786 38.415653586627066 387.42523518701165 261.80498575493203 146.02323449245856 367.7745601988889 123.92585967404978 62.795888706775315 425.83462117287166 464.12710216666187 13.345889912386157 82.96151321572653 385.14796574695106 259.6602934691257 
502.09540153361354 53.76997887090123 186.66815450577127 111.54521086082086 441.6549774582121 69.3415276566176 113.85760040868536 102.51268290320253 75.19421204437865 296.3412921926271 105.78781996510976 98.05139617356278 441.45708558592287 207.09589552776836 491.48432767055203 374.6813316881237 41.617247458920694 212.8871205554249 331.9681964269875 258.755833868941 
239.80653865210027 199.37561331033297 403.19716485375903 340.2453554765808 493.01956473794326 91.10793644621495 478.1096138420753 450.95602065072546 131.0977207999939 197.05992597791325 190.97434168805276 221.63609045886605 32.4956619125809 214.16960425756653 392.24950858615284 157.4235662274938 166.53337109399612 390.81266559843715 27.15363138918563 296.0878921213683 
97.83693381333451 477.17375398831945 196.1519062844721 138.51904812462962 173.67116724674767 214.46659028433112 180.56094518330517 165.91703586752476 239.8672394403487 239.9561720563069 341.47500603291417 383.1349776720011 356.0483259926827 409.73594328311486 425.2169630355561 452.6288275346458 105.85658470032105 166.21344391646718 433.5169367964558 108.46696284899753 
222.8843653943348 202.25709437267608 341.62195331979814 164.8527189156465 378.0129614882367 298.95766594512037 72.53957050094556 58.6129301511809 98.86195830088806 338.95728963825866 260.6186808466015 490.1056927812973 417.0522723334131 122.29925266744145 462.670544555092 352.0004837096518 463.9860222452947 236.7516102140012 99.83338462306733 260.3836082038971 
360.8464337421114 359.5579026580658 38.38331871402039 127.64239048725584 373.52076638318783 492.5679201968991 342.69506003776473 341.58083028262615 428.1495353021354 257.70172684011607 358.55543392246034 240.22025488156712 208.0050121232631 504.70008312996237 410.0326766670409 196.73784252206437 177.4022072863205 108.11438644574966 18.10487255472764 253.99618529426309 
503.34550805235847 455.4891974601188 174.25055149483592 373.1171063594862 470.61399186394493 253.6905125844175 327.204493974467 485.55272461308175 110.98854090374559 405.33299625718456 366.0819930299981 163.10699275228706 392.3240122179986 332.25911312090096 508.0746757993171 345.3608024624923 438.16946631431176 248.0234149191924 123.92089967142743 188.95376719909163 
373.63959311631055 506.33514940235176 159.35403793591684 228.17586195998163 18.240528174374095 277.41216667659455 435.7315619154947 161.3218852395732 271.35311233330754 429.19933126310804 238.0482680117063 202.26213490092397 161.07672442625443 115.4045978415324 223.5365678228996 61.682177475180666 152.13693018550222 197.30584345993472 309.0571189840357 247.44496478919646 
433.55981989445417 251.28152105365803 320.4828601737416 498.5283674203193 31.816490312967616 39.018379792006776 312.2795379483909 291.99131554928056 220.14047261981617 442.34927611695866 90.48591178319036 487.421583182567 319.72149112396033 489.67422041002595 97.29681066173545 298.31842494165744 113.47849232412499 225.9178656906807 440.4519779995627 404.86308276405504 
218.11520613378843 302.97641564440437 475.6340235294833 147.53047229633552 385.16124963159695 292.6072291642897 475.0785344182251 365.9949657413035 326.7019569232142 348.7141471330322 40.59945190062108 72.78351760954182 286.5001429150032 470.98168079349654 44.232836481385974 276.12924012725256 202.21266048529645 246.81120291869317 504.7022062218163 391.47848476086807 
429.40526060216547 73.51233700870807 432.9085301832625 306.10474150129807 123.06851429060599 487.7025031861932 304.6479609618681 286.2822149279046 497.33815326114944 353.8678867984784 443.7605113210079 41.47242222268382 309.1228525984279 289.0389038819105 223.91277748236953 384.97680999048833 36.3426595847997 325.53328421015874 122.21777624636847 55.50859722002632 
346.48105852995155 438.71993921435023 282.8951065362617 389.1369120219881 76.1539837150027 191.7566647162588 374.1745062619393 156.05637359968165 67.39866973918834 374.2548643888618 146.6458996137599 501.63523551730134 331.38578176280873 136.8243997648436 226.25921057337538 56.195237995921126 135.25754729645794 248.45168937742483 300.1768030586231 402.9762145218215 
232.79544751421741 228.66418893112765 478.68200602865414 218.73871598123938 84.62020836728028 231.43439371330896 241.3465355376031 26.45767897970002 38.62748183762781 182.77640201181288 500.6600969743239 124.56019666905281 66.36224445557718 298.98831113473597 441.3253631813967 382.16077264294876 276.0350016723077 237.49342891830142 418.42122053545063 214.74682937652938 
47.882963046925234 257.23353134064274 322.637691023553 179.7679374527395 262.5793848725915 390.56721990800816 445.78537396893705 256.5816003809708 218.39401795856966 253.62652374951082 504.78279681436686 500.20901282167426 457.8080173801944 247.08493792267572 107.32458194634586 383.35353389039017 349.28623328716793 24.289845425522362 67.43368858330838 266.1354982458006 
394.910176252255 228.71271930840268 104.10082670080567 57.99596134893219 359.5746023278091 127.66995179849266 81.21409712585802 261.2229233670166 442.451059720978 394.26760624732 71.98209260922727 210.55295220939317 336.4212938262469 414.52319585925767 156.05351773307106 448.30132176057657 146.18387860319913 121.61753541691493 482.5364767810552 299.4739098981304 
260.73690770821656 484.2299077970966 257.120513505419 336.3138643270502 400.94016924735655 400.909505811585 436.5045705445211 46.736224938942854 187.85974559254424 377.4365513539 38.3340157552951 146.1036038599632 202.59814547864218 489.1258400447421 99.84978773014373 96.79607091760062 133.31327862727613 255.02616178604958 443.45282638915245 25.02832706382734 
230.12918267459236 175.96858756024318 32.386956401150236 349.36734701231137 413.64174186831053 313.4167189820117 324.74322168643505 60.40356990191602 507.7225122022129 411.07207347843604 158.98897659043286 216.0287559142556 192.32377696943607 186.18777238532047 329.2246612005925 341.77371059210697 396.9879362268335 42.54352229630547 133.3715775716545 50.65892400593146 
480.7643280747439 82.03515753546702 302.4936353097918 322.0112482842118 169.23672308017478 416.8318197716549 344.45628269792064 503.6997835894366 344.3644891648981 409.0538154025665 460.1257072966794 227.2441221324703 407.840612407112 89.92445396951614 315.31142907111666 50.247945218496675 63.669679111585765 135.34877039515646 76.65550781332568 265.6112533024344 
490.66897106932834 399.87249763504633 244.67129792126394 441.9742650252059 500.5957607352453 135.9741962606118 442.13506543625033 384.8461348235976 402.604006673601 150.64379208039603 441.0334562787336 332.8715586127056 419.73341306516784 276.2006481092719 336.27008960663125 328.6885773211879 128.13419891220295 157.3042022003861 399.33415720241493 328.8303758321247 
14.730529559263562 481.1104046829259 270.1344928030459 242.12458455009377 374.025773626775 402.5270133975109 270.2018618937746 211.04290722429675 389.7528248227176 41.5209022412043 245.46295450636302 75.45435500563113 372.07237233257246 54.43045924039596 471.7889097738372 83.2351227090936 246.0225417921174 406.2363233958121 281.5216945948459 37.18836118237816 
11.922764466182281 95.74338358099959 194.1813253472178 192.7268407738582 23.435225857437228 210.62736696963574 459.557266179662 345.77165176740016 53.98677744535623 314.29901105352883 46.38672832559325 175.32014911874364 247.25471120820367 291.53900144033753 234.82358022234777 30.13616442631616 172.41926945231484 404.85681477919627 95.90036563706278 474.01573344941085 
329.88618901868 438.5264813652108 266.18702409848515 29.081261523755888 78.18228277626382 432.25258185965686 50.84926159610941 181.55750557256698 77.72736119736005 131.4194218963281 13.30961822823711 339.4823062389804 472.1853069346073 405.87656862570685 334.7145421135151 56.8052513975723 153.09782498709427 14.213987265338337 351.41042311528884 463.32744671473233 
78.50364039698675 215.47970466304977 303.63183236339245 464.93543667985574 241.24647607429927 355.2932789195888 453.60501425496915 403.5824704035726 507.6749067915 178.3080952095809 356.26979868784804 491.47015933026955 172.43709039473504 243.97574822092787 190.8230584391658 458.8837695898973 200.07371441722998 447.56546057103105 186.28680866224573 480.13415515812414 
249.1120362070754 273.39180879583375 299.30406968913036 67.05951121989412 199.36439573314735 32.203814303483284 427.36571304636055 244.5400544882902 28.134068005497937 459.68853305286797 65.67124423333497 447.4788359507906 506.0318603510004 178.0422646787634 440.8267980501957 203.7016251567561 308.1062805023894 147.56251109855222 279.5834304097353 292.22924660688113 
260.9906621150297 360.2138537510282 495.8187775293041 191.37522167676855 71.7701966041347 152.12077146882797 203.96526702005195 256.12209291007196 509.27210517986407 136.94064636609758 92.08800019825652 189.22934744329876 133.4819633029583 387.0699462153259 312.8153746520723 495.52620091372023 293.78947476827426 114.63684932140276 175.3256967736146 233.84232625054412 
241.76662940778348 229.23338604850994 46.59271545397041 506.0296061615723 329.1814857410418 274.34008361113183 495.09344213504994 247.5281241006586 386.9506653015953 369.3965496379523 335.18110273419444 508.9294240994155 505.7337291868157 409.4707687783774 355.3266574159682 42.99025797377653 63.87246022969377 399.48048453051535 138.43173745234233 136.54984656357067 
473.378329373504 424.9196827042232 507.41628985937655 251.80386233984598 239.67106906503037 386.04336615882687 254.28399884373226 166.3882457197756 55.77171792894275 247.46361115209152 435.86861455964237 426.7258873352389 276.6530111102413 180.1102476769517 144.46428428670288 54.089456232974335 244.45049172322857 97.50906844090083 286.54311711194816 67.83336527420386 
60.237236420377144 213.33086043577626 27.76293939083623 15.248082931109677 23.065455035555285 372.1642643356769 187.46856520286198 322.4898609791594 81.97815161291038 30.46563273616986 490.88944594416665 406.0390463044669 271.69371562039186 389.63907501174856 212.2371536580243 109.14005005047532 227.66686535250273 308.1996996172144 366.90554361911944 152.6761758507627 
501.22894270642104 244.97323788465556 235.97683098037007 414.9323691963852 20.510515674792998 110.28519052685519 131.23669894440303 479.6989742005593 167.8497981041107 27.092587766543932 433.9016471914021 17.16981685412854 69.38964562159038 129.01150802762095 65.26147823330896 187.08744398958558 317.56641748733574 147.19347218478956 172.44035766880606 378.58893017935304 
472.19384697960334 163.00383968128045 437.479223074481 226.20513021486676 310.84501262956906 28.45528998349577 42.94304828711719 466.4667707657145 424.2354374294132 81.34968332031045 452.25573408722073 324.5701955354384 377.3106877268959 407.08111222967216 287.9659644006639 245.55616868912415 281.74125678637034 24.053620399461842 216.14713802997315 409.45468870512786 
250.52826491688845 494.66647110577037 370.1343760307244 94.84899763393466 330.42264566334825 88.82013253645908 471.8018823826374 80.31192045572531 132.86135368662667 251.8962683598037 433.58366179612153 398.1676189368066 509.1234836207749 254.16455437408897 349.44080897393013 380.03193565467484 240.40943692715877 23.569777236018822 407.9784439491919 58.58440886657844 
338.546417189102 288.8521292360671 385.91539978605687 115.02512271547765 178.0231561736256 284.9538235677953 505.1098900011285 186.66947717355785 305.05718463145536 397.6653054124231 61.344131606758495 474.13400123900124 394.397673096469 249.4640230981943 358.07114740908526 212.5664465230752 449.5670113694337 353.4989936776311 103.32692090227968 196.3730500499538 
467.2442003759811 87.67421286389641 53.01084799510602 171.89639339613603 411.4932511606996 365.78408033942065 308.7377892964209 37.49670601368342 468.53962372909984 507.6539537079499 303.4647901302999 415.48990947898034 177.7980085327521 435.23896112497744 133.0955224129645 285.39548520452905 159.85427096780296 446.63418960300527 17.265727903744246 492.9472649150962 
287.1050293202341 444.9493305978248 297.5125791265073 74.32025250275497 267.75776475916746 124.00102280684315 506.0313008037298 460.0267292990428 238.89461716190374 237.77591790628892 163.22202397898943 247.9345464878111 89.30308947225373 205.61761602606697 87.23004058141225 359.8609945327286 357.77668399069034 430.0905600190311 123.68264294940361 21.19510491424125 
177.5886523196869 329.47419551092725 328.8255633302895 128.00173307175626 362.841968044446 211.84020639100302 264.2622090490721 191.06045293449773 357.3986107401279 242.6662333123748 186.49885364924577 171.29228783654543 392.09137841920074 382.93913445659825 39.49878225849145 146.0276770032431 320.9212164271834 299.7007155690847 283.44868186735744 370.56845281003905 
231.94338048324292 375.9893573235486 217.9402114438084 424.4972838802993 53.54532129107652 72.13049309916119 82.7701133522664 257.18743745425115 501.81964194415474 15.329011326017207 344.56172276892937 71.96618571043949 339.7350416277883 319.51687448400594 202.4112402872818 113.38488456049538 43.80864527086669 262.4089581301789 470.7616877355181 47.048822355892185 
98.9824799128316 71.7202344016417 122.70789377334034 246.46008681961644 267.40759057098876 197.49753061177032 401.93541066340157 426.3264098056869 301.8386420553987 72.51881974871608 36.49662310317835 186.78926427648244 199.34229462548413 487.7133368239345 212.62716285409033 158.0242811342291 216.0224197277214 334.5555859131216 91.80569261326586 59.66702560331948 
488.4652686199099 91.38624498993875 279.26026599702817 114.51743549310333 232.6077532536443 55.61330534110203 277.1242861033076 380.975882806726 115.73191869287085 448.7464265861861 80.4453030496679 193.66409769571874 22.28883722066859 146.21765410091075 199.24972883350577 26.683979555852048 59.25486557639519 408.94164005474573 14.866497569565198 218.96749328576374 
271.72358860759556 118.56851858689105 503.7129915951954 126.17083569135545 164.43640940526532 143.382498100371 486.74617581681537 388.5657236054703 249.9550607780927 86.79936217649525 187.78217510633942 129.38135005900625 469.17905401362566 295.41596071587406 508.88737495676634 23.049722237235827 454.9111646933432 128.5647971265647 56.044164721686876 297.8078046229068 
234.17425835693194 116.32692355069817 73.29454893423548 362.1094083026032 89.98235089177946 257.95618662022594 68.56448898520833 369.3000598481351 428.2692176188559 337.6679500514603 39.37247260206732 160.00791368401795 120.6775539844161 259.7454669542087 331.6251324303576 146.70386312171235 418.9118416412082 29.917046791625925 289.70316156480817 329.8839624004592 
161.3581426207508 134.9569998767806 481.04067143190025 260.3272813877685 117.67378539055849 197.46367943070285 403.4010126284635 386.8823388070096 442.050139420845 407.76761526378124 208.05237920672957 354.2352393704517 330.85168419845513 359.92285421430904 97.04602702059755 440.1125526517826 105.3343793227473 43.73476590165908 177.80054955812062 446.37223416509966 
65.14646339008334 369.77729109214687 183.19512010606508 483.4355184509822 83.31496024783817 229.35281300396338 90.37488662651992 212.51309581250987 38.420770730136326 216.34781883904458 296.4716703352779 235.0784838753846 304.66573648964635 262.93740148309695 134.44306868028954 444.0419689449558 145.5345652135116 66.09179473867864 137.23307273171696 276.07798735611374 
481.7549405078127 306.83799575784644 83.45738536356717 429.5593180635601 129.2587914203172 289.22968666571836 482.8164720073341 237.550982745452 227.8479517536544 250.9785202173345 284.43955643466154 10.317153887413546 206.26724001802555 222.6998436434242 216.3626268770699 286.79409005449196 254.38818645029636 437.72614531958857 289.3436165109833 59.482298235212276 
398.2064565750343 419.44123508457375 123.21787949545548 162.21096109176008 398.35608970091863 498.088200698273 378.9970036562521 135.22784762689878 317.8438141696327 134.0045200688723 204.91427099349073 507.0677711786812 229.70628580447465 49.23715194765115 229.61966182017633 57.65271267072496 160.29373116792334 294.4910331496262 260.72774723644596 252.07681831543343 
488.8828159983643 503.3638087238399 471.9213843733113 159.52928166451179 149.32200064308446 210.8201076474826 486.81453303368176 296.8083154788708 104.41255676031889 237.85853691964846 392.7771789449705 460.87927919162155 188.72819790836274 269.3242931216895 342.92558166823073 239.93020096386786 40.57668083375814 376.82073195803247 29.480873356315655 17.37764462299795 
468.8062667466323 363.67291032842195 436.69922268072014 408.2761940107967 225.16033606526196 433.89627380739057 406.5767056035966 192.58460561391843 277.88322845716664 312.1235823130161 175.53184772015328 434.7418237729427 307.2803893172556 66.44321331315382 165.26917728831256 104.00585346320189 268.936017444914 11.101968878817416 436.0267722972901 135.00877807585786 
495.2912913352619 191.02552965818487 335.4109358010055 492.9808836648054 431.2863725717599 75.10961875096916 501.0212175612729 433.0971957143308 224.76911844907653 210.2350669854052 500.0688081932666 268.39936381607043 17.37395935842028 212.95989845694433 14.191438176529171 85.74618168374714 406.5736830744455 100.8414974457496 102.66799046324547 474.2457412241644 
174.60754794832332 90.34209850666241 202.23588826653253 455.62242986183907 504.9887763451819 113.27053046357338 146.7143363753077 430.9719002209134 32.29434741631559 428.7136311905116 114.63665266713096 83.35698666843871 195.94060620565583 332.41014097680585 38.09473463796952 300.6979697688629 493.6474181910977 90.5204056769549 130.99884174092674 308.4100625709762 
355.29426332559467 349.7449917404936 319.95570482527074 326.24128508385803 482.87127062480806 400.7452351233979 485.9682589518041 188.76407397494842 127.22834522235371 296.818964012056 50.16001460119983 493.973372888982 397.3255565774963 454.78445833954225 61.727113956895835 469.444732960133 322.6877795688506 490.02578544238304 71.32148588523418 370.5052024437226 
14.766909895842108 162.65265306864677 198.06784454592378 349.87035250061115 397.91461944445547 436.7278408544522 423.41794898080275 363.20046020449723 105.6688426538611 279.51545206256463 270.0451256590099 300.0290952224075 263.0571122773512 452.7030057219804 148.9821919297689 154.5169859522773 500.6198647936613 172.55051782991302 283.205957449539 175.48458665655096 
170.85682268623518 140.91975194256273 240.87124409434995 60.17631450795812 362.79965952818765 74.13664998034291 236.3978882714276 381.2094869309142 435.41389490304067 481.6402316073634 482.6135357557677 61.16136401366661 415.5334001876298 71.37093203265037 502.1554135689922 334.247181088313 231.03039889732256 283.8515958123888 431.3344291932385 259.5422819558787 
374.9242122347851 81.91415983059984 474.66438303135385 475.20175566893215 221.1318905874684 248.02535107095935 293.25969283491986 508.13031109460496 337.5637394711826 66.16421256504239 235.3046283529256 78.55589275333423 267.2670185006705 390.2049358666013 441.79717552584265 463.95987273902995 373.32082560983906 225.75772775548646 485.77072591830574 111.81705772037536 
468.1852998162399 77.42131990597588 328.1966175828952 315.59875188560636 73.20834474226007 438.3997337391256 498.77080127932084 393.49170877383295 278.9929503082625 424.4368160616487 34.78755020808499 434.28641029563664 302.3281695238143 179.02151161351247 336.3035430622796 299.887643721747 460.3869879797249 301.816959718379 220.79533168885095 198.90040143530862 
407.8941988463869 177.26661585236562 85.51328101911842 270.744539887828 107.96728628785407 205.3305337540252 210.7353092095568 244.75092080579907 132.33359773521096 61.30486360470227 362.12322880527455 363.69254931919124 11.62685635744314 236.677735429775 475.3851398017775 386.20351028989626 481.4660818318166 237.9746242281347 331.4468207037728 107.53905732383517 
95.02023524758401 445.5464069586052 255.33517730112086 463.1298457346253 297.76139919999866 259.25310730781536 496.9771832737184 404.3835186561885 185.10999889825712 282.9965122911957 77.11701099226258 361.1866710998126 288.67486416848095 425.0548540519976 506.5548127037112 230.56047193356275 361.7914109326507 416.1725807225242 411.9101373157413 455.9228605461367 
260.0610810460191 372.35832403079286 226.1131635722488 386.4106689535754 137.59512163353145 154.34438181475412 226.82675346064428 230.71458983621434 304.66576457668344 400.6605660822543 331.00264447872706 44.88028538493154 217.46812198463343 236.27574595473848 178.77468401905466 318.52863567517414 195.695668311194 283.760118672107 164.8924952791071 348.9483208649823 
88.63270318261596 228.92140016097832 200.89839227348466 217.51383651832904 235.46666187250008 317.8679348161606 116.250937081729 307.8820730200607 190.5236265105555 287.45201658042305 231.59815434839314 430.42062171369133 309.1299533903143 356.04644704940074 262.4034050134677 242.3207785408526 414.8033508360702 26.60738799343481 336.1273626981738 277.8486872104256 
393.47636397234345 78.97683577169722 31.16885258036033 28.187328180544917 185.45544811923784 253.37765209582085 470.7679328545815 135.3228364596926 270.81880694911945 252.05433333206338 130.07428035960615 389.42811900568705 368.9560616439844 311.01271729483625 139.58386186237192 344.19687102388184 197.9528564084291 218.81166443430587 493.1473213848773 489.5811370320219 
264.523611863911 284.3598192386412 193.7528452708953 46.38566127939724 280.1954459975383 380.67069364458007 495.2869540054543 72.17194614503097 424.44649281752714 316.5291000457941 23.476105418548546 192.92532643247705 300.501649564435 413.02206765930396 184.21238319738114 399.9380489664814 54.48897145443914 286.88743747748924 392.4663155260844 476.3615648262425 
253.65970382557478 467.63310937846194 279.98998974380066 242.88117635742822 244.37523399313724 100.38031916157175 165.0135935217473 436.9660414067179 335.56400111393657 111.38375144274997 192.13844786730908 165.14782220734858 278.35147127696433 338.1818997040713 175.62972578571782 492.7809701835631 137.5663465053227 251.33060981740206 304.31195543497483 360.737840970182 
275.826148414587 19.673080500772368 491.2704084723186 143.4917911026796 295.90522972845304 296.09924585147036 276.5615655601508 288.04120853011597 412.08841027619553 225.74787674443087 316.1356814986265 98.12795995714312 346.21331674981946 303.60443427333496 115.17469783217665 353.2028681660192 469.10457441665864 333.4477475273823 289.04848441897474 76.59190721581543 
33.102978494076 365.09870161805446 260.0927136899712 392.3157472962009 466.39275240382653 111.92412373283022 423.4112932071518 35.0160875385409 324.83002433802875 475.5488407886243 439.9066490717733 202.44183697007665 121.97564798075582 429.72912253894305 439.7409161773935 64.94813115379748 383.0355099930642 140.340673697333 44.43108571457864 371.46149429422303 
393.4113942261156 323.4342212930523 240.7814229671364 216.36418278047913 237.56566075420986 468.31186454683245 264.85609777333855 156.75077035243677 348.9026048014183 177.5772595596911 279.1951954056606 494.51030515923026 416.36997344576207 501.1128917843402 251.4773743427575 162.68689400495765 118.48344929527093 265.9373781869916 67.83204438926926 280.57207012791207 
280.4774113818041 28.896122849618003 39.00444710117556 66.981930193307 175.2850022590953 404.1382269422785 82.57653804932451 426.17221430662016 314.050710968066 142.3330401455028 489.4470268018234 145.84448236558146 196.87852693290148 463.5792060235686 307.77342572914176 271.6964301727701 119.51881112099748 270.95956235163374 502.5795193919689 347.9695843085232 
256.6970550142728 496.6948792827192 174.2311391432908 338.44734840560454 367.7874986363105 457.84953931247276 243.9835615724688 167.35669570469085 95.5349905243703 223.542488379708 139.80348620330207 444.6265215103175 453.5279901102199 120.61628266387629 140.66883284275926 64.9557976894391 223.12589795844033 129.7176311979806 162.54944437752215 495.14467321740614 
105.5438713711857 48.742344539767274 394.27183483218874 189.14165918822434 99.79831453334141 425.5979964874466 316.4710498598266 195.25996406280066 202.21594366203055 387.2372873138742 261.8329024133046 145.01618835255834 148.20984357712197 116.91529257086513 299.82947567944854 438.044433336255 42.025367727914144 356.6237088721509 354.1513013107722 62.538954776287724 
345.15924966387587 436.6552471790407 86.03913111385945 115.67856151864369 319.1548338639721 459.2512663708444 201.718468085281 213.48576700819848 143.4767156813587 388.2857789976665 467.1400469003129 104.5739271311331 54.167851054878085 421.93895552524305 338.22933661308247 427.23542829552787 473.99222085317194 150.31327014529992 239.84819979405435 174.32404367790343 
229.7662557891656 124.94539583465397 151.67182929225697 55.38462958018735 77.58207324312693 92.16694330776103 284.18410802403235 70.48326864900338 381.6257356573444 267.2672893816736 252.99448689867714 235.1909164177646 417.2935259612739 151.4114217600491 284.6794853045655 21.173855363852738 394.30954282245466 18.266086733363878 112.35211415708744 201.84381550097862 
420.5475329509496 322.2873418906184 344.1620092823182 417.5211737324252 252.26031168138252 405.6225805475618 212.92974277581516 399.564094710558 301.4196555327155 505.5801486131718 240.1182453967801 417.9169620983701 495.87002169513005 189.61981803980382 472.3445207896303 141.53107846244484 212.99903402350833 469.8169954348774 73.63473733011833 226.11079270329842 
132.62802715694366 473.7540678152532 181.62587466275326 68.63820089054965 479.8255697173257 173.79176780745948 60.91706660601858 293.12959803532965 253.34730663520253 301.673867142664 211.77367220581738 157.07660687525154 160.40512723764166 200.41821113471107 217.38725014125276 193.0254033482222 103.46874210126299 490.4472577037977 237.89462845065682 24.746871698159246 
189.80296215251735 51.911241667526134 184.3590920450741 422.45106791070094 359.44358792974015 450.15710923545754 230.9168017460167 286.49889520248854 352.31522111550584 56.29631735187023 448.291746711469 374.06426967927104 360.1940291883906 239.82461674581523 466.882116744251 208.19986987621624 334.21857041170523 135.2469841136895 202.62137772026722 233.7595210529707 
43.65188509694816 109.66082601870863 303.817141521716 409.6304383420119 106.59792683192741 183.25048954733919 102.17093862414228 51.72838334812684 338.3754390284644 279.6463922968781 476.1819660959574 366.208894967624 388.2524212601438 308.10161674443384 160.13810914911434 237.3477272562104 260.244361525538 204.4394194072378 156.8971264603365 459.5435768830433 
438.67930067627367 182.72451102041126 37.66133092920187 227.8962367251786 464.23279711195096 74.61138305347302 36.94873432357764 326.8133587227657 431.1361448286356 258.32276403442074 475.9639315993504 81.098884318111 501.26058137209765 304.21126866112394 172.57169707023945 258.9762548184465 155.78109582754806 88.85752805982865 121.07648998354125 241.49964999533157 
30.122502616530813 254.65773378535056 350.0110763708812 397.80617727071683 302.8912459464005 16.85382059282247 491.1372002342101 230.66235293485704 234.49581302458986 444.95947017002214 217.86158171663644 481.75780147139227 76.1591203002595 470.5348889139544 336.270387659879 11.199510709493644 195.02575457082375 498.2636797764557 436.98512809767635 390.6595428013608 
386.0673698860104 122.28475753720363 141.04325447209604 274.6294828656131 466.489282274432 74.73261635302873 98.00658821072483 239.2347003835059 373.3414551919054 158.4388728648802 19.500598406653793 403.06155990219145 110.03686928772582 40.74836018372895 156.38768331626918 269.450674758408 12.480599773291292 410.40287112540335 252.77774636295584 354.7093664538491 
430.5124795052847 124.4455987729347 135.07888236030766 291.69638241740216 45.366749298905766 97.09949567098558 219.29161737985297 223.23219497299218 168.8515847592305 307.57261835739075 344.7495664056633 424.7876772031887 494.9517409587084 428.7435928547071 467.50986651917714 220.90463126421406 399.55742404100255 203.68036095905867 371.59624603131687 384.801028172446 
509.02252304576314 321.94528706981947 181.2981655363261 335.61421482592596 383.2552849575086 172.63971461690497 82.72886522737332 72.73523412831744 284.04458489965606 476.14124926959965 287.84564641493216 411.68724203263565 124.32496015855182 421.48672759853207 399.1353743248841 211.00130520793346 319.0834221228033 61.354077594208235 458.1684295345175 404.54266372910104 
383.6113228561808 341.5961824506178 86.2242255085288 278.74044819503393 249.80420470771392 267.279860885066 250.19127744933 59.17421507209752 396.21301771067095 332.1831238315196 311.9451746170574 495.97018908530305 12.549517690045189 463.70377234984676 144.40738545423102 262.46052802535235 44.34928570959062 360.13256736875303 222.48810238413867 106.55860682738393 
88.49523765738797 222.2439131702152 222.11631266292375 319.3034835526735 235.30491186407863 506.1573783654723 285.56001530709864 210.02671176718783 77.88457864139275 449.4231341061159 236.24002007091153 402.59459116772786 234.45329944762594 247.28421232253567 151.2401181101302 392.1789427184634 354.340154656335 381.0691293945496 324.71701187789427 427.0096081820152 
203.35762979916615 225.66756570492805 280.4130360330703 404.56177148375656 49.25433083031166 188.04255334838393 116.47468065244148 96.63117140832988 192.95025297679823 253.73204498596084 90.78023537451773 142.75045580395377 116.25754647939345 443.2932825897815 479.97962164565376 376.399616408354 341.7900820194316 305.64268633118445 370.4494075960042 173.46389230763552 
225.7648150156985 200.24484254469408 164.36629995871243 137.39192840502784 29.398165904999153 245.10337435078827 209.1021410874733 60.50765514191519 239.60041186525982 432.50693486848974 83.1436123536111 225.92875407918166 234.67140767762405 39.483497756228545 196.73961609845668 239.54503029496027 15.700567856460449 84.91604717625994 490.4797274119705 206.50962698733164 
349.37437186438706 210.2726295795374 140.00647557184996 191.69635480928898 292.8944176734872 485.9042605618076 300.0649842498073 28.576238962575708 196.709244511629 269.8633325381509 46.092771297450085 165.9663144338456 405.762968681514 371.1961394213148 296.5529652722587 367.1039102354919 504.9638899614334 394.66219012809466 124.21410086925293 200.4994716610457 
79.57622050877454 268.8337818127886 489.57959023135766 387.0210980875568 86.23803044532212 84.52881385107607 54.669834863674154 192.66387886246943 55.3084912648804 495.5299148672835 360.3604737307304 181.45712657630824 470.247634176841 58.54312832399865 275.47943051340144 267.96278769907497 294.7317231526746 14.349210340546305 250.86631148392684 133.8179324412852 
243.20726979916472 137.10066232470547 36.59695481145991 197.7745851910913 15.587017068071464 403.7176750187613 145.57644061270435 453.69004698287466 341.7907512879787 360.3360208625962 471.70365685800624 115.92072920488216 306.83431050620635 187.760156956588 95.8104659518481 136.57264627599906 52.16979391286407 92.87448984534434 437.57871238443204 284.0618733465877 
73.98007583931425 277.9660457785894 36.63809019626784 97.4377181474208 464.1308563458311 364.91171001177867 371.04806967426055 155.9221402843487 64.48323640672403 276.1829770542443 246.36699515346893 228.11832729021052 130.27007578474257 199.6215579666708 413.5114229578699 490.3414727185997 223.239162581227 388.9387903409942 198.6089193877198 128.5251536040245 
180.26634452040113 176.89208158052566 53.047331907491824 263.1561253303639 128.14180369117423 203.0915062020356 56.923786969593536 261.69092750687 140.2325018702693 483.3895903372142 34.09641645197319 127.907249278778 255.72398187533435 72.80752708982467 62.04201771604472 282.64320552790474 207.14466010527272 198.95086710183458 284.7227423952976 175.37772198474775 
326.8757174853525 367.86787210548863 61.66494814050543 291.1051099269497 228.34964574323573 69.303527385834 111.45328980544888 241.95692790280165 482.64076857503346 333.30257601930447 432.8433370359681 258.02429683632766 136.15058228598087 15.114425526554223 411.695552602391 16.833784579075463 40.091298794773564 310.35324882695437 146.9340786256359 375.9299927375428 
87.47055852073859 127.36631267216573 153.73324326813096 198.01789851142925 78.28055075656059 68.76368780813996 227.13495564307615 83.11819985564172 58.594490419284654 399.06248207638 374.30018836054336 447.18872787711604 104.2738266180565 500.3986650221344 348.5975701776189 11.66496988841497 144.98903879906564 443.25965874797095 443.73229189637465 393.37300917303384 
49.25742198318366 424.1908418114988 331.11838895506446 109.26785410386097 316.20068332914934 447.42895836646073 348.69760013104207 435.4502652293354 344.7257925159883 252.41576933576974 274.40787697666894 184.9154441242326 375.83191935338806 114.14490428809914 242.50460557096602 93.48635361820267 328.7468228826199 268.29504591563347 85.93783500040612 128.3850890783454 
376.59560360782655 338.1027298848456 12.98850337108486 158.89526779933394 232.30517939497452 264.9276200117158 151.3667806770234 53.56864383582404 240.44737060125885 369.46366446783804 117.97576147070976 393.42899356175604 495.7238543894221 295.54910845282757 397.54350372605205 115.62646066483578 333.7961829888683 213.5284151368978 438.32666546630276 26.995484091898327 
165.1637645048759 285.11943166217935 498.0887169206751 251.96939707060133 247.79312397237018 16.738743973229987 398.55604311214535 304.30481699786276 119.20152579478342 253.2383896272457 471.5548513102282 97.06902235390824 33.6980778240779 189.00715920177333 105.03217217418619 330.34337310240704 375.48534979368554 398.38944310889 422.16399940562115 321.0959074056278 
143.32480889966448 12.374813455454705 251.75370399900592 464.67626424734976 227.46903446131066 293.5116293092342 173.12389084368417 142.38606851775103 324.56395112658925 485.99740425038357 43.70477043596232 14.577812669010973 461.22410588355916 442.8995784706605 42.522135223724376 263.73552423274975 221.9842246178658 157.45928901353273 387.78824058490204 476.9901452746238 
402.3300772027648 450.43167983471955 11.79845271952278 482.5229615059739 432.5117788283332 190.41567682716385 101.33705658892521 79.30996614965184 42.8428210519432 49.12633363100942 36.79511970947823 224.6605521592766 266.18761382465584 418.5630049234177 388.2037118021353 369.0033992625939 498.3410890206403 242.0263524259606 251.38549158915828 252.37287864767544 
462.0031355484072 135.93736209332639 332.42784525534523 102.04900195011383 45.05116697650901 304.4115006556564 313.680673546772 295.8040101172417 108.81390840217263 373.5410893954099 159.4819859473499 180.20887095139986 487.0495731103575 397.3391239139146 144.81433557627503 358.452628171381 21.33143007002596 412.29750973508095 15.095391082411748 387.1278968711068 
103.54401104621596 42.51296112788782 310.30557114526806 446.4354221376311 321.1930813092836 282.3337080837641 11.656026682733513 173.26111119152787 426.23234332313234 208.47997943369973 293.9999969580758 471.57840738298137 473.1102246365037 498.59156722869386 292.190701751788 239.62921151567218 96.73970818327797 258.15547389598686 414.5888814724575 78.33658763551531 
26.094366226052202 282.76681690952296 361.9232107021847 170.40214955724875 54.13381319397502 507.67614522399265 134.70644000569231 144.5415627063161 309.76151885697897 21.576234177482547 437.4107857965859 364.3108973615568 302.5183125713884 146.58144978214753 12.605277803585992 205.97737590956783 335.71459081955857 211.3529912518021 63.25852805083681 14.887283723862712 
508.7043017334952 269.3229126960398 46.409873038981914 54.78442609220817 154.00401312304234 138.9701545986819 246.41199913853384 389.532038641006 179.95995515936318 268.1017356046147 160.94829718016078 261.6915076030683 414.6664001136571 49.09220484765535 358.02796312116044 157.41083345468599 171.8382889282877 337.0343898595064 87.16198273932523 372.07604153143495 
384.34138878917037 47.75477498572849 52.923237025596805 16.178633336105356 276.0830442134953 337.64640751304955 384.09364643458645 25.8523231263894 167.96657857892654 492.2725434993606 456.601691247197 367.5319635059084 138.61268800512542 275.6942844132944 353.4533044355194 251.18799028789212 385.55061256754743 117.4750999250621 369.8592991955956 291.5894356414118 
257.5825720406821 139.31551403247627 96.76246537396193 182.0485752938698 54.02433683236195 148.271092007704 240.96741872246807 70.10041153654794 311.52516426127977 348.5067110507463 465.07640798780164 449.57015093917687 424.1701906314672 148.54042722383048 155.4341153414399 508.4816661787798 67.56843102477865 65.9299103768407 151.2846067276844 497.26019402101116 
22.62955549622885 356.3546218022332 93.34363527356325 306.68232218917916 119.73238125168128 119.04694102284974 174.98924944729114 70.02646873039751 148.9884469331222 255.52521901068957 204.27403204365106 228.87682093237964 207.30364956920982 283.5819828665057 509.9619328588589 127.03410503838386 77.94110542536785 133.48042944576815 349.79289819869524 321.9860234286615 
363.2883009927891 178.31220571815163 104.17842026994755 428.39076404353074 216.53185553810184 375.46980333589596 163.53115371959436 433.0264671452005 142.942689506872 21.186501868261423 42.431584536031345 45.65996106121039 466.47508039017777 245.0970875945893 378.8351034677388 275.2877451388686 182.38247112794468 496.7724499512529 101.52242074491673 46.202483124779526 
41.55325561324673 401.18118939275263 173.9965140720025 293.3379889241339 337.26973047151915 485.0313126852075 448.0292590181466 101.34596422856184 490.0931582821139 400.9452425247547 285.06081083897965 76.85748114309348 151.57826180130596 401.4211616197545 228.6549799890048 268.3825177298014 172.52017258527607 439.5338473487974 136.21347291756268 73.30040921350837 
406.43694123063216 398.3281996726347 303.1524974527329 196.39461589939276 443.990785367897 75.8583986199014 237.74448143154035 349.38472642722934 499.0512161531363 177.82610636630085 369.8282734956695 505.908952125776 292.1030964585767 194.77051239137816 101.59092116305261 151.41014657604433 401.702775232676 165.76361810610024 233.62398158731196 92.37853536644724 
179.6855412203015 455.56366746878865 424.4577395121942 14.404260929078363 450.82728346844857 297.18012370791314 466.7762841076876 103.49285665960133 342.663732193315 476.8029086794864 288.5165845016698 170.09678873761462 216.17025311584015 163.04948751679348 212.05478018938928 340.3162059270035 293.00537140113903 507.48260823245346 129.68274790353246 503.72194264088716 
200.02109144119746 268.3519101268065 378.5780232914363 332.2540757381544 276.74332645199974 334.512557114623 223.47031407084472 309.6489052475537 116.52521727710207 151.4739868895468 480.2076643843162 335.84775261858675 437.07686671036964 176.53193576356057 438.4253691879395 95.8404802227845 501.0742873563424 114.93682637559459 366.5208138784646 507.39698786887504 
432.5509217028844 314.05160732605066 507.13735662095763 187.13980239696707 399.77464045799996 317.45232192116913 96.36036525115148 499.4107814219712 260.3135815507617 205.92437214942922 64.82853739047039 377.3852223800266 388.9937544746855 477.3076097875906 203.96361192261264 230.88633461821976 34.45164198833672 342.14352995765995 205.52163399728056 380.3533023514275 
174.98489894014767 437.07751649316594 107.66887053407092 81.41607876579653 469.4042945505521 82.96937345783434 305.7855048645029 329.52992675114467 23.58991223674083 339.6652374613665 411.2002633645511 259.1229173223103 318.45496565469244 234.38395982909276 366.05903193514547 76.70954649805833 270.0200476033948 165.67114640246083 347.53067851293935 92.42346190544109 
17.30125614759025 109.87393285125934 119.55311339177648 39.42254555989932 158.71503323041085 382.08964974692526 115.32277746012659 495.6194819247422 282.70302229649565 328.5414739042855 158.73069071775745 347.1907559517784 263.28011919837377 452.3342165157922 357.9481356929135 358.3174970540897 416.20854979483653 99.5433781132134 329.3650894968186 36.611035481622025 
236.5014577131787 457.59055010032444 35.08460207135249 108.67641941252353 62.95888411280419 242.85831896859304 142.17625299316953 45.2670386276755 140.43937332762744 79.49784607166032 436.891657147401 200.48336093747753 175.5702911157323 196.38212633370998 452.04533417343515 254.46907251465387 106.59995155797752 194.15819189978404 90.76396042468947 274.05757987336784 
433.0948069720756 259.3512827295894 154.80718795970841 330.82212367021924 76.18461434460832 327.4741048565317 310.66304558121203 240.98254029850673 365.0589406809243 322.0944851608745 151.62118467152402 116.62191027546048 370.4179319512542 221.81416712443897 139.02705562152056 42.6660586133099 430.58053294434325 332.1123805159984 330.92002055649795 319.079187152086 
340.9534440600961 264.0067916390432 431.2587377505501 332.72865992437767 302.56361864763437 246.4853963105521 317.9367153994364 248.37209859536108 350.3577471077422 24.662152192253195 332.79140367114167 333.21996178522437 106.97158724545658 220.60970030146242 241.80968917649753 354.5266349321456 332.67255356416456 158.8221772139483 398.73313470203504 114.66325293172073 
367.17833185470647 283.2612852466889 270.2660034360806 313.1253082880311 184.0550100019439 417.9387227158051 106.08908643001018 49.92819623173205 403.3975621428061 247.98816763456915 161.88272642825157 409.8438426726097 233.49601691079292 23.179823814515657 508.5618519179836 191.93156271669608 437.19027728610575 110.8307637127469 85.92639590567086 473.8160907244243 
43.616814752968295 150.06413286781395 283.93005855770355 325.16623883900905 151.0503356684676 184.3703198821046 459.77063547537955 109.82697222463072 291.5435494122195 274.42337658524866 424.00499367607824 441.05824991019006 453.0681324959008 218.1054905879559 53.891853720927244 479.33365417150156 479.86007408130376 129.6930668069898 317.1654116320388 387.15193755556373 
196.67244120660297 255.1570897855318 114.44311177651872 380.31473027190174 227.63881249942446 25.531267510284387 473.4704441728411 440.1232800095917 105.45034044531081 475.30087814401855 253.40613327614767 375.94765689476566 391.54975432010747 277.7654664723345 142.3506550279991 52.62130682307785 153.04528993189575 274.32857597895287 356.32135609487904 222.11418099096574 
267.0476533900318 499.6676074689519 72.87717541091526 23.93763405927989 148.13334404833373 329.7369119231692 257.59617861918184 343.73400212344137 119.63719424552609 504.5572643825395 166.60901356046563 344.5042280123458 274.47746216585546 402.7448526226202 433.39132976579833 109.92650096952465 296.2164583775658 69.73288643888053 273.0184600914424 464.21910315014185 
336.05994923988965 126.63894267655579 462.0853217709543 158.00059017481738 166.49836616501767 311.7312077049971 377.49466738495113 234.60033053579215 457.2930154969294 31.446736195608217 502.31705653042707 16.27274343797457 144.5103589717404 422.9147798698812 431.9252428312794 274.76807733115686 488.30751854325536 54.938435461783 38.606574314600735 275.7131096941357 
40.1721463188987 19.387609681649533 77.85609806910597 11.254740712185122 365.319727708034 289.956554151131 144.55388152857302 60.41969377055339 490.9515591106837 350.2389420193126 12.22934187950491 141.6433214824635 176.0763229623372 218.07377275716505 13.615958100151474 46.92081585596585 223.59860949627802 118.11514017038726 245.6993247681607 272.0338101422521 
180.3774086219564 179.57893778624677 507.4617992094183 282.30555548577956 395.9575971805818 161.11975644660762 503.52677190586206 478.33776050165255 35.67777652729886 329.7910519880427 471.90572605315185 51.182340230545734 268.8573404147976 246.04161804909174 19.051164614755578 41.40096515623036 477.7661542047565 331.701594622465 70.41867134617135 41.465779670567294 
458.07963224970996 222.9111554256717 469.74103139894225 105.95426635270532 206.5227323074793 34.94481040993968 385.2176891540555 58.99143545754308 16.40567245721213 290.8847607788402 305.8225843783825 13.392468717095976 226.7546546858788 391.096134803064 35.93355122149276 40.95888136582625 95.74073216510835 125.45736671411922 221.48633977295023 58.38142462583528 
394.1097802869563 355.29885616249265 65.85647077445755 118.20276648594506 439.3169506223554 117.0030177861418 18.671927327601857 419.29316928527635 416.06846728800565 24.218765242601904 345.7599575215023 476.2921311548355 453.97414861074265 470.6437217898007 113.43097319466243 12.46930295997483 58.013524751012504 260.3270415813815 245.30279267829462 265.4577036765933 
112.51889319630031 417.44629394911027 434.86820155954905 20.31234095297523 304.3782833689757 52.511164453007844 322.0091351912698 309.34743487877796 436.1615865777281 286.9474137959101 466.660512866063 343.2053032842934 224.8728113811833 363.0140234717429 277.8267628856904 362.610095415622 307.0317764722285 191.00676435324857 181.1543701920868 225.25939878127264 
295.78821977808883 210.70117296780282 433.26338520817615 167.30702149982483 360.77150549952205 68.98830205222171 116.04113242252772 303.8898371084272 426.37909777398045 240.65608484887568 469.1011579488657 58.1520276893807 209.206815048042 344.26965365697595 343.6106359680212 333.2197426597402 440.32411207505663 30.10366444290035 185.6892770086304 366.57931909137915 
243.09739989801952 442.07966627490754 82.58286484191184 331.3122038410293 262.264669360069 380.66185423346036 29.814692189532412 373.6396749289681 264.9643502715235 418.6640322209614 202.51772027138293 401.230483819412 59.4217649081139 346.92126960844035 139.15097453614106 61.72464642645025 201.99605954055164 451.7790371648055 370.8029382715079 475.9262996076121 
88.29093169189444 251.35313856813528 154.28530370009383 415.1189739034782 149.03218955975404 442.5135321437153 92.22014400635341 236.95627006594816 496.4152713100016 435.54516168791287 48.32353434970936 19.381055440285557 491.6258612618526 478.43888729730253 391.0889796071984 457.02644714032334 329.23671204453694 497.76569094149056 224.07345710865127 209.55153044388896 
359.1838656247897 408.087206720858 385.9894730859332 16.36503836963831 492.0252742519489 266.85586603166837 128.80613853964334 17.19008614867944 158.1850700992513 276.7575324911181 507.0623614962847 342.92315302456245 416.8865405274675 262.4499950758699 136.59538860201116 166.2402821604369 435.47692736430497 373.65028000832416 105.88767754196414 26.403799120371488 
184.8472375108821 391.5239971072681 448.2353891106609 367.72256068183106 321.6500975870256 140.3297891705745 207.94143199367153 356.11889661056364 353.01890325662777 131.27202187549398 258.73640496540133 163.25536418831283 304.4912177137208 190.51492059995476 157.6303583873466 32.67445204757457 236.8397407510201 448.31110911118765 442.3986265793806 67.40434937852456 
82.5137842651426 191.19786455850968 405.904850388825 303.48389098530225 397.39454209263835 204.21405489245524 505.4641770342522 258.8598277843908 248.56715336097744 355.0910172677333 190.45001359380407 272.1095071452475 83.81276156695348 297.3703845303931 56.347175928651005 70.44216854527696 53.52368405064455 294.4020550167407 358.45480568608644 131.43192776343238 
380.7447413404911 291.17542079780947 43.44200520630014 27.93548744647272 500.0439914227915 485.9370011681516 81.95935808635778 70.64791176777223 310.91596683994976 278.5475033804963 10.509616776267375 187.74935772638923 16.420357922260422 97.53158035962244 215.7803636075012 106.09606727867742 142.75958650956377 232.77331112227995 119.6420793657557 23.408658136468297 
460.4981575882026 425.81056560309145 48.014608347542776 85.91082743430277 153.12694635225904 94.6813503937825 191.80510756039757 110.87162903432034 203.67561731359856 195.27533807386482 193.12068879842275 118.50447964947763 95.07628454092564 346.1435313538009 14.95883007708442 362.6759241685434 44.981471816637026 468.7195068526421 377.5787241807864 174.87737869347762 
120.73956002277335 319.90488053207514 169.75662963126646 60.912907749673494 205.2308811276931 418.9726892033183 368.1283583027288 114.75622065205748 409.2674113914809 495.74133385409243 122.82211772865924 439.029969564558 151.25945040442244 211.97244766127264 292.5847193916564 386.56048580716435 249.85218269720326 32.94579264715113 337.604277908969 62.461070475699145 
500.2353558002617 251.16426099756467 103.23264709836043 151.1970020055574 329.82918383250035 289.14214087917156 152.81060980357307 258.0853134146013 254.04960246336742 33.22969669710001 432.7989445294327 79.6826024393013 477.8559731526411 75.42743597179879 178.41856085450934 342.5137373095074 113.78441094070334 365.1426992690898 93.00279314376452 74.59496351981103 
112.16979271544186 397.8423216165731 459.2649588474206 399.20413650713954 124.259698459663 192.5539534116104 465.68433423842026 165.35150736144848 143.92318221767252 435.16945770320075 156.21365760000148 354.40405842534494 398.65777802180764 289.5034449648427 36.51128663872288 327.3164843586701 85.5976337922884 503.06006049218234 494.90119091498167 101.92199061251921 
173.22604806601103 59.46110416899246 321.26376078003676 474.7361054715648 114.49543295281049 254.48869831812144 232.06070674383687 426.72648761935596 442.0579148448817 197.69555730392347 434.69713879608526 377.50192911074964 341.3096074537564 366.53604107519794 389.4238872632935 477.37365864072734 421.9517873269773 464.9710500404382 51.983203153029336 251.74219342252673 
33.77198034183331 463.4999099368053 505.2010895579174 37.26257261814929 97.34820795474963 322.57245682153 12.729197179630493 274.241447876882 45.37939052782663 26.334273406771793 153.13954672130174 344.718904903088 95.34514533524862 178.65843215296044 317.5751639454968 270.6882122121314 199.19800264808927 38.41655105532648 479.1597150575329 211.90670999710787 
140.79131847842828 495.9426926272914 267.36936604702544 327.75077076963584 376.74576209498474 117.64287103722958 505.56980836112604 192.56823468718457 341.4577574740185 10.703440857242443 494.92182727923586 78.98109849329236 61.95290953460846 384.85158314058333 452.8583069338843 48.5919615659881 53.28741806773911 313.1208083837943 139.33595521529907 414.54695957199635 
90.20079705565585 318.5748150247749 329.064772889518 265.40869294733034 75.7229209173728 38.94261185697111 412.9184123318281 364.7920110870106 352.43857754105323 346.11821693387384 36.72864019518717 366.2158204631 427.11248630921 422.4780164326593 310.66693393141395 407.62419851159416 204.37823292363854 420.96877195090354 247.41625884673945 275.0296797588449 
450.19388179564396 460.91955714559003 212.33643186382477 449.7321189626354 330.76763957737825 336.5307500240837 293.8258988797107 478.5660089144551 497.6566025460417 439.99305259719597 127.08317170432181 231.62959434815892 314.74171927289376 26.189824391494913 329.47109792098803 236.94866332684788 447.7821018716671 70.9358095644067 330.68698986147854 406.5283836301894 
162.25181353303867 99.70527962364928 505.94188661984896 93.24621825091488 300.16220976039705 488.80289873725303 145.35180020895342 43.03894107071636 31.573083948140837 365.9303075586778 417.74439487256575 431.83699916582606 101.49559413490816 362.1015425634749 112.08404378921865 301.69936574708095 417.8901284407149 91.86052896587431 64.71835827812782 335.6019252937896 
451.4624101206576 363.75363382658367 305.64942804124223 35.33249390801012 42.96064584158126 248.01053604663124 82.0328638264982 491.94573624068425 338.6771037960432 253.38640358383074 42.10767615535143 63.230988883978206 199.8572419096497 490.11863831198934 487.760249137728 397.64615844901897 56.71923258900329 320.9511676835662 228.92544674276 369.17076010273047 
302.78743267472106 127.17963674816029 198.0280248667679 112.53134301405498 450.2425072110217 441.6702673459877 107.66740519330841 473.2522977027474 391.99167001466395 325.80588331505 59.74901771436257 311.98528801573923 241.1619247433786 492.312036169215 139.26532378683626 227.57029154838781 343.71956455561036 300.9162867763678 150.92956640596543 388.2815247632201 
184.919018952678 378.7940059022379 281.86545270205687 285.71127760168105 35.2841606088477 242.7535591592534 98.55589357325161 350.74481090691506 306.8252315609431 425.114160994933 411.2538601744202 496.07944948650913 215.19444568363315 230.22952775477833 164.058567856555 274.7410129573558 468.48346780021427 373.610305255082 133.86002119973546 469.0506166187268 
328.3658747838017 380.5986355939018 346.35513445932276 49.49510743029394 14.287668613586204 246.5476635469745 242.33847224432964 67.95419341822145 46.4090845768123 485.4595074643007 252.47080612117117 174.7373043433582 248.0006267453925 319.0344316842399 63.72858039051581 73.88346919736126 252.996719204136 383.0846447980092 485.73735234528215 356.1772595366507 
489.40982692840987 453.2656358700685 450.1924976978863 274.3338569773191 234.30837145827599 317.07830530922234 301.5700490443999 149.80648385070032 461.0614703555655 44.094985035146074 162.33114804352888 225.66931122207606 324.5536356011297 31.362422095941692 280.8227891882666 405.02880387545184 255.07260520505008 325.9349135136879 395.0784513321327 439.41691821539564 
256.5733500547888 351.490707491785 270.7213134743017 256.6189897542903 130.02141909819227 290.9847283758953 196.17356528385542 242.38959575083322 467.5188548761333 502.2908634368636 343.37457219739883 415.5095090649067 387.91556310493314 468.7868651421249 27.211327339177462 60.6368239036849 109.60951360966963 411.8349393459211 21.864162439482573 508.4053881505544 
81.23870473728728 317.11132265928626 217.27078864732323 377.2236639299057 15.968205220679756 251.7377592426357 23.9119858651493 216.22718462698592 300.0751422927264 474.1681542048886 59.12187366586351 113.83772629058046 371.53506550545205 463.7835187429262 273.1259594853271 461.38215674674666 289.3125587785818 122.1481452038962 298.01016909678805 186.22442680336465 
339.05933269227455 22.880510909067553 427.82383526830995 393.86345453218274 145.9229563956598 212.09156207439355 263.01985333492007 483.4502664252833 390.1692413538342 186.34396979874384 177.43519192810146 426.1774928646445 346.3215741406829 300.0850653343182 391.0147179998986 20.994227799146273 91.52010246676417 479.50698328026743 56.48158771419586 67.09949535401572 
353.80410517723374 244.78673108990594 393.1573448816631 17.667396596997946 96.02052864014564 167.65964275202475 26.13472891647688 304.2570562516653 56.06190477610522 16.27919208172012 314.0064122224096 146.36055806615167 89.13674118302927 464.3162248751851 73.35281427271516 285.54189549546675 282.7754235183473 366.25093926645775 233.19203720275965 208.6201077792259 
440.2749999891687 225.81051335308905 77.59507390511699 49.34975845811051 153.2856459688817 109.50569080227496 359.6694414794954 483.0518705315398 309.2422046677413 382.2192942849296 195.1143351478607 53.64836726645183 504.34378441513525 266.79992156988976 268.55048156415467 497.55324834367156 457.7845663372174 354.61390960972807 10.827723299038963 253.87356897821684 
147.93900787856344 319.00854950417147 30.51353950609497 475.37335111718204 16.2044432146352 208.6399990257633 207.7655755281037 479.6535651320655 209.20435168538674 322.6186483510559 483.7913827245454 205.0013073838898 455.05527667034653 294.42532980261774 504.0983630478469 360.3612785503688 294.40069211254 136.55137683959282 398.7372202323546 83.88270671992275 
11.914676177008246 122.81572566170989 107.74183389246471 49.49484621882593 238.9788941422532 10.312038587447216 284.96887702033933 85.96415519809585 323.2355898228821 227.93921020931379 438.5402012130605 497.8862643199567 185.72009134707122 283.46816470643716 91.09108287694117 403.0659401533241 11.275668422864085 266.0981749322588 368.0275372780695 25.73808483762884 
242.9540494765376 446.45583144965406 46.995849566161695 10.082867591006174 476.10465558917826 100.9897244932138 226.7672353428644 443.48830901894314 472.85565472373673 312.71405271268344 398.7410741995163 404.013149303798 142.69000865270175 125.25416579794057 329.26958036673557 471.50339201179906 459.81959745220934 52.147303268280254 286.0071490098778 266.81549243368016 
413.0605827968583 68.35155515284245 266.4875217095017 208.5993475022697 208.91309119575823 335.91616900920826 12.131797319340212 302.09426109415705 73.54841938227236 40.766426447385584 215.8905174225929 399.39097842881887 124.40676476688677 342.55609812221195 456.72293826071314 495.61281808600705 407.1087464956034 64.54064448203988 19.116491112797 250.4692673009723 
318.38370139683605 375.4243388747972 380.84976279187555 49.634886519101244 260.7180091833358 340.13434991412606 277.20194235686415 45.40686279250832 499.42649452206183 341.4749485308222 374.8119055189859 241.09418838532093 317.85006720626427 499.6150367997626 213.39018458993723 308.5916886862001 191.3826219656646 341.3619292742521 198.48670860326126 453.592028531737 
326.0305416882246 96.1747888089448 53.51769184135568 267.88870124714083 32.20771010538908 120.87053211927179 264.2546261800973 133.2232300906947 29.469254779714895 79.97560333323955 173.97857294428536 366.1297316947183 402.88714623889877 133.67659097101486 12.502825169884648 418.2299110020315 56.77078096285797 10.322844464289817 267.26717694446427 71.43152925723638 
136.43562563910382 465.4341587831011 429.7067701389745 192.48368649800662 13.72315097589948 254.16685092016056 275.0988110816126 236.34181481937898 56.9749797515393 369.1910472059203 459.0900865087265 312.79573503210554 31.164682280208847 420.93262813901066 339.1086197722809 255.81358730638664 98.8900135876014 162.1326608811438 53.86242271586727 260.0551784118467 
17.928932344492768 283.6777027711869 19.128538912460073 274.0074406610747 256.06252740228706 233.65388423859423 123.0355162151257 464.1954743870755 368.86776357035075 436.5780687892243 29.0423888298874 189.92207395291925 111.18346677708124 414.75909902657014 119.81735529072584 52.988981881229016 377.95249378214015 438.74228854568804 240.21915431482321 211.85293128927455 
195.14316758038 458.7903213997542 22.58446275377051 274.66964298621684 106.45329991921486 194.35367054776108 202.5242468383314 210.67891564936846 426.4997293330615 383.4835367958012 458.43230525080475 344.38381524853 456.1966104349251 319.1406692348979 432.9090805089005 121.97727722391309 381.025550506818 424.3530128084786 219.30386916175354 464.4691164108382 
197.90069129334645 243.17530186857937 221.57860786482686 146.96658312807415 141.331932622991 349.40388435529326 420.69627270207235 268.5615982587494 204.58932498089894 299.99972036990897 205.73707999797108 502.27786162005503 476.57186118532894 385.1727913474759 52.945596768336145 439.53084351609056 140.0836756651136 52.080979083243655 460.9118857225666 468.55384259420134 
102.2208852155702 504.0966321922593 175.08977433978268 251.24328753722236 352.57217286248385 102.59381592663529 359.85551076727256 487.8762906233332 269.93612146888404 323.209481556224 501.30966137039144 284.153679114712 223.2586334075285 143.53165182004832 449.02569522156864 60.021546034307086 437.49337215329876 364.16763886209816 129.9481513357561 64.72459472068708 
220.08845408500355 490.14564820387164 92.64359924668541 187.54412127990292 268.8024418347933 424.6026920350134 165.10753087513652 378.67415146819167 406.5528935517137 351.71196793404505 134.33021174435981 119.68843828871432 214.00043373592536 310.80290569730965 480.82482693424106 508.0518033085457 155.57156648250418 88.62703466283611 326.3207747407071 145.1286956171708 
419.62332717651014 181.72254265641013 377.8254173549296 142.14225399232078 318.4529674012075 205.83106265145634 276.25739857385383 183.5368765795631 218.85560146305997 254.3194129836977 382.85461061390487 212.19755012386653 98.93322908751183 332.5596372223915 161.55985670945975 425.9788722790393 451.8579695569212 120.22050539807243 440.58753371180904 399.9972090230667 
382.29286596530136 438.4233793790574 461.37431804026124 274.1386934625391 366.1732550487203 423.7158089876082 248.11695940898537 70.23658628529083 269.5518042209823 35.81581752736162 456.1004301768571 328.3708494307642 347.2104683184738 151.08014273008456 482.0194043587423 376.74324834625304 66.74237455153875 118.649358265752 244.49636257425766 174.58089027789254 
228.80684718807302 281.2232573080038 167.99927089541106 292.5215772944864 479.2605692908325 87.41935996904282 28.362081440386426 219.9339299218126 433.8681861664004 47.66792237074162 443.1111405106163 313.6254253922073 261.29531431969747 410.59632779246965 414.8006366344095 327.39149637687626 195.08718979146465 61.856219035958276 460.5601705889849 86.8588975356671 
70.33597555195502 272.34627852474694 486.05768034701794 499.0762957619458 105.73999535587858 47.78395939917356 187.0806800849705 211.30533988608673 276.7578578524822 456.5791896084515 386.93910207866537 358.465296100378 250.5607718834199 437.96319207331334 342.89277140389146 463.6843595825307 478.4859608829429 217.32558820708624 179.80667933292176 181.4107844599485 
166.69454064299805 80.71284218700075 234.23713377350325 197.53699102071926 470.73677953363597 385.44125424179254 217.1519861688137 225.9896470271646 384.7280048584796 308.7775268197856 228.48796477617128 166.2390347748106 420.8382197219752 461.6400932770648 281.7483621717647 111.18069702732457 299.79857115359715 119.2743931374096 121.84401376693349 19.84248348047767 
498.1277450416004 445.85503396914646 244.38098282132884 494.3702255789657 122.78150685258642 214.96819901923564 149.59772855100178 225.74505330572924 208.92847486534825 152.92716986923472 489.15514673971745 297.685563141155 161.55516980661747 156.8744238362927 388.982546298895 163.18788433941117 186.60359525524015 264.6229704928495 356.38257493015175 233.1568415434279 
182.34440387827698 378.1905770180016 304.5983547762366 141.58133166629216 186.6887585792326 367.97955793007776 353.0459045442671 376.7069007190199 101.14205165532773 309.5555591212589 186.4149487995717 92.658925359829 37.10264692337366 229.97824643707642 380.84128404630985 40.96921720681139 255.20859556961628 365.63722068820033 230.35376876555745 186.45939880977417 
293.43570302465525 58.54609541438732 231.79914055464428 196.93405931295283 504.64988644293544 43.04800340864511 11.447671659076166 121.13686361572218 349.3169355923046 499.88559125606037 101.48298152482693 194.42272364584738 414.0730376909382 379.58866731251186 99.57882767252906 336.59914967304485 251.8588474462886 122.13254375126319 369.76638351115173 31.38991635442761 
264.32048145981196 24.820293982010124 67.79476106276188 401.97419496721835 472.18052745122355 135.34201449915298 399.1881344790528 422.05421573978924 144.28204140939266 171.96419697986852 143.20253897091277 326.9046378134422 381.0088578169176 97.80238537042828 100.88540673378454 413.8567317241835 372.78519723136145 101.13014555024273 250.4410523258278 46.670473705810224 
179.35778088619062 358.6776154443349 18.105143004605132 303.24779453930233 500.56350737491243 83.87260729436845 197.73140745749578 331.1398699082914 34.285837751518656 486.97754858538536 177.29351784872043 100.30188497540553 142.30308939705264 399.07516255786277 255.50549920101815 367.5480893587452 169.73164714966654 436.8563647920489 456.76356005666696 292.1605789485799 
388.7672659709533 210.16302719973805 377.61266490827546 267.1045648641661 162.42764873456466 199.23920884502442 222.9408429268752 155.30368147477563 48.99929832125576 53.64367256725771 315.10446034548414 245.4280453560606 192.89192073862438 189.77686586993696 484.1874025968967 366.6484867206844 472.6033225703318 188.97564325947224 372.5975910042563 226.809937140536 
