177.5923448009312 525.3500014160139 428.2958081225424 388.6770001333797 534.8902393698775 392.99156850350664 595.8681148372974 219.57305617675468 
153.27070068118132 215.47879323052945 94.16557115330305 40.470864358484995 323.4594716638218 353.84230181735967 514.8521216086461 464.64699926254116 
72.3220824283364 553.7992560707237 128.87218872059344 530.2191429188073 172.34773448729956 605.6614628273346 319.9763648378528 264.07635690081975 
163.8651967116979 261.31128857809824 279.02579160614613 619.6741676843486 523.584268737673 79.33934905347245 567.6692800878154 134.78814559225225 
63.05680786741419 219.43739146244553 309.98659202189685 405.3196777676027 390.65081706414156 357.1404598650239 520.691850328765 221.2478256068842 
20.631549851826673 440.0117837224348 428.490718392851 360.8208195737667 462.94325041899845 356.3644041090144 203.18519552813294 389.08113993978617 
577.2853908599644 337.61309832939264 245.11963686746088 156.81781236835442 25.07699256035732 465.35048778484065 545.5619478984307 246.03967466345145 
402.9030054190454 204.24092112483262 176.61343224676367 558.063435824403 591.0362290953052 231.82612928639674 119.24135468861527 590.3101809100832 
400.62880808782313 586.3360611730232 188.027711403818 297.90418308708024 353.1667893047726 103.59902621580737 161.22811298928562 586.1676540134243 
575.7817068763088 464.1445480982472 374.73442870677815 230.10527158067237 146.0128035681327 321.5929888321483 188.5350304290291 566.9721742804784 
