145.4004495104797 326.8821319527171 280.5544743350303 478.81560290103084 153.92885272632623 341.3188896847315 205.25604178767242 21.429103341617896 
376.24208288600687 144.44262094008945 430.0737998776338 463.7267204150969 387.4579799381513 381.1381087517483 276.83934866769243 15.392715885512711 
248.49548557638235 315.5942958081837 94.88217445091867 467.6178446763562 352.9036026327568 482.1570022665342 437.70784451494717 384.9829247452765 
172.1583233208804 352.3254022583241 131.3082817574535 447.2752591906062 417.00572458303526 316.7203926151875 314.18217305218053 302.56604132315505 
257.42937850424386 405.85311586453054 154.14385024956178 417.8769051016941 368.8200562554834 298.52149907636294 71.99847046857771 38.763658533327686 
196.9260262658735 291.66324569988024 427.1618457397652 494.1454034153683 459.1619958665679 30.493145696317107 245.30305040452836 207.70715725100803 
24.854732610562916 422.7529958203331 193.0877204717063 402.2040726819826 442.0037162596661 285.90215554393257 130.10039312867488 107.99536654523283 
503.13469745535593 401.07690754060036 193.02390864135532 212.13616193017674 367.82442093251797 272.6468084111399 492.1540403011825 409.3552994642429 
384.4746537883997 17.195926622700576 125.32738582927726 41.247198268698654 378.91361647828666 430.7574550909967 339.3407939292934 435.00605750571316 
302.40280431334025 408.12949479436736 293.9403258715714 478.0303783758501 256.62765848525805 13.100284508131434 508.4579252172317 289.72589259596253 
