167.0199009703499 451.6146953013527 134.2972434763655 415.24661549854306 300.63652739147864 
613.3538085631628 261.9506241684155 372.3969010402138 26.044374606436765 619.4936450340002 
543.3570707175228 102.1929817217545 111.48796319581321 313.1935011303726 262.0677845673988 
523.3937317998899 370.37574265338054 317.87272894060527 128.68679628552127 189.36025596465615 
393.67051044499397 72.4667579396411 156.24836267182593 399.40444068204175 489.1523420573784 
124.14153261781306 303.01390333342755 196.89281721327222 186.1478727359801 374.56034362718094 
116.28209949506186 25.19958539181724 214.31963079508782 525.7964779610088 360.80584263499617 
562.6025511267128 215.1091872034777 121.9857596472924 165.41000887362307 207.21563448829784 
194.42784368052838 532.8125629341046 171.40355447950344 233.05170581530538 75.1886195357127 
574.9229715866632 116.37979666136599 388.3096525685688 258.2733265416369 417.3590462535007 
436.9987460497423 256.97926002669584 250.52846972179304 367.10779752572006 224.344975057134 
254.85767890886876 368.3836426437896 480.8586523031252 215.45500027910117 481.0713178299807 
275.6862668579339 499.06318543480114 454.6078374687527 596.1968397959511 264.34642006785464 
348.39078354852467 407.9724881999602 448.0750335892022 536.385437270149 408.67415161737904 
465.20611062909035 116.41128842597575 495.9820160386958 290.43822635994326 311.59659323744194 
597.2564561465136 210.10980076326473 419.1064204334723 604.3433778414994 498.46181590873704 
346.35979703845146 71.97778386818248 136.57013899447895 467.20195693888843 46.54181005963771 
64.06895752822477 22.663233121504028 220.65922725454266 144.6582984551427 428.9146078654743 
188.52949321944942 200.9635683838023 87.84454683862093 390.42012387440155 600.3672332899577 
225.48148681409378 468.86903577884334 271.8602610438062 615.5442931465232 253.54792407985266 
428.7874073215535 338.1176160316916 189.17654519966075 140.73464658241033 338.34417745178496 
117.25452298174382 220.00106489996844 201.74910927635148 516.7156338644663 97.5122239152562 
69.13733726926802 353.0574098453054 96.18786032532836 45.831015875672335 35.330473211867 
556.3250863357645 291.3635271556145 343.98520490784534 520.2700270831965 33.76957603756945 
281.491277363902 288.42646673117514 567.5783757968218 76.51803046512484 464.5114060730613 
49.92954700673387 409.06213024767595 417.06419246927743 391.4115957104377 539.133869765102 
201.82061532843377 286.91829408447245 439.4864090796302 374.07491983980015 489.8049474314064 
430.54339056847743 233.09448606623366 95.79919586080628 473.4215803099845 96.67220099799775 
170.50689128606467 528.1563001397019 520.7740135948989 578.0980362803632 565.4405628985837 
327.86209164103985 504.13647672479806 21.033540727785255 261.870698814342 320.9265354267036 
95.25323341257966 375.13114544909854 330.71543596283436 171.5401166533201 103.05738646220173 
105.25884794677711 606.9871729396464 79.5124480391501 487.40282358706065 436.12503288985556 
376.0035921859387 552.3568718252902 432.4030812266497 250.84639101503407 267.25283483716817 
48.11484160980484 612.9709502968699 514.55215491793 164.50596039001042 35.013773320912875 
138.15249805269173 244.11897243730596 90.77091633661885 164.0521730595884 604.8492092991362 
395.1297481529484 376.6813600215552 600.6056997852633 445.52214017634185 387.150420542506 
570.9145355187866 511.1480286895176 103.47172964015863 338.4182869499066 301.2314986102522 
451.1802402866726 319.28702328323544 31.03583944031541 44.73374514189722 350.46232837492204 
562.0581200209313 177.76354040997074 515.9298979368962 541.6408514102566 588.945520291096 
311.5056574880511 131.20620802862163 228.36622656950078 466.7001728810034 368.58251954368507 
358.2945209227333 538.9935882267056 538.7279303229241 586.8833535683939 109.33170952010249 
261.9608665814102 571.292223382663 489.99305977672867 86.10403218496697 108.93779805663975 
462.4486869342919 278.38699975877375 336.07037735689795 301.8398227184955 247.30536446112052 
298.78728466738113 227.75801859386135 429.8003255253475 283.2024961673842 412.77451757440093 
604.1246939234604 472.19527053579947 248.40533465640976 35.74866920375193 222.48077197044105 
233.81368041309085 537.9040691556609 367.33269695877533 339.56517121604946 588.2679880033616 
189.91423518919754 284.3129753720212 250.3689066160353 475.73780620276034 26.671721970389875 
317.20991990714464 339.29988075905595 551.1409953693279 43.115884055524276 481.5728677707142 
552.2827714405324 528.8256951940394 27.054596839890827 85.09273624440715 348.3876909482446 
219.8770795875324 544.4050261875441 581.6263389111115 339.58147340506093 608.1326758404922 
373.1037863734364 93.22608145108711 577.1951984098673 260.9999127369034 419.2802789808585 
171.26877880090467 193.701802851741 521.1695645345543 299.28706127647115 517.7773198216644 
258.3975008971437 75.31908182743312 321.1807461332199 138.02895256165192 455.5807880292569 
445.8993644456933 149.2474653077007 145.54397437446036 143.8226910247049 302.09873047936577 
585.1664651974914 590.5485329225128 104.92212468340932 436.0779629169223 49.40559419376925 
33.00527315318101 241.14004848925603 600.570049404071 296.4425770901574 131.30561227335596 
29.306190140004887 153.9384116772699 47.405616616053365 267.71740016140996 290.39203359447157 
208.78745028371023 373.72723990712296 381.68172489066205 183.14397715620933 330.2189910358836 
215.40509538410097 332.0525090445786 280.370077609775 379.8285348084077 167.46332727994104 
459.37282190071 536.4746659084177 251.53502676532568 418.2085327997939 369.2814861083694 
104.8339687973259 595.3377918156982 472.8737816323622 308.1438547632229 113.60699057883508 
575.0945356699858 46.24465362327817 52.000449262506336 458.57513362055465 256.4140359432988 
57.86086820636789 579.927186322542 421.6043513669342 370.75744502975374 413.38744799240453 
152.90104994515863 473.32365667205323 151.84163696903525 405.74902140365054 569.2647534304081 
368.61364957405027 90.43877483925785 519.6210055881176 517.8844483878547 193.49891862141527 
403.6654370199109 372.8715740151829 500.09388726303456 372.0379128163358 564.8553849816669 
278.5479845836008 141.51909186101005 391.80419639984865 590.1094674090274 261.0011234697183 
64.87703720163081 356.55268801433635 127.61659579109184 109.74197018703396 244.84225566693092 
24.664783057075226 545.8394159265257 604.6237452075937 116.07508982234008 341.9660456969929 
366.65850766000074 195.94351267158987 455.50524406228584 27.510051973609187 339.56879541071373 
173.0569056583393 609.9645378054483 320.9225487775915 403.0220331026926 305.0998851258067 
390.26246121641367 549.8991569743791 329.00892535809226 87.41109717383802 502.7983870051547 
326.4508147627464 396.9748066777189 477.24867268304297 339.80415103979493 330.4904801024016 
393.16260587287076 552.3952798536523 499.31074356537505 389.354845738004 181.47669113730728 
476.245027827128 155.9328997600002 311.85493881121664 441.9615957146835 102.9660810886864 
553.5652554251648 85.44920212598633 522.9891256729452 106.33275717709539 241.08393253755537 
395.1329245883165 103.24779162649409 65.82069470865702 222.14721598878089 372.6377743479193 
109.6282044984169 93.55907434811142 140.18910130371023 434.53502053106655 287.0981938793058 
135.73348420371812 369.6994774818801 217.83646978327405 566.6614991813365 232.03317535079046 
434.8846576974272 371.68652916755406 327.4935999191507 366.73653588940164 526.8020622351431 
313.7395244548819 599.3486381342243 495.02851582949154 440.0627529870606 409.8156630008707 
601.3310484680975 278.143719450386 600.1955836540346 385.42963166450016 563.1256566761699 
610.9288840169116 402.7667230912556 327.7855274169305 124.78005431241561 175.41864478339966 
35.34834723459624 586.8317847608176 361.13300590637385 204.01813976487432 103.43009164384105 
33.96991830756544 226.98250413779058 185.88634079567316 131.36727020607168 87.01088321373136 
569.0874483773343 400.11382081698775 159.45933133585217 459.972697480435 201.09640563657248 
309.28867851068236 208.25251698235212 346.3131064652431 487.49759469851796 597.0443972761049 
331.1603790643339 294.19111689466456 232.68333342486335 583.1834893073503 526.4958817146796 
182.35102426453636 21.22325541410262 299.9703486101699 530.0089093582735 255.2227832681744 
505.4395851804889 463.1875615769908 259.0229045345649 325.8324121947969 286.3784874553847 
321.5489156749564 29.26432584852803 205.11630328983608 384.27117764195765 118.06326098813678 
415.47879748283884 366.2329199132714 244.5784558672578 46.942684215888924 576.9275557183638 
202.46593577188523 375.71257070969796 339.6489665842334 618.8580683661327 387.31238199819114 
464.52999010935645 63.671879149542825 511.0425264352039 395.34963830486623 565.6890257722569 
167.63322883688005 234.47790065531188 392.47492786475465 510.96587516500045 256.3103562137771 
577.3414633443817 54.11118343771054 34.622915652195935 329.17271670984655 551.2953207183043 
219.97288627981985 460.92300709804215 266.0254742707825 149.23389636619225 243.98582135219115 
549.8835883106776 193.3538240937617 515.5680227472195 247.9543369538099 247.36416718845672 
214.96159345319018 350.139398147982 237.5698243078797 435.5811374682656 540.4981904213296 
116.85909724891937 189.3544746127228 130.14358004956486 195.4673824375201 578.1641117858073 
567.1336312256599 519.7037895692926 446.3117912462514 326.3853457043058 476.6307721391987 
194.31629596002358 24.16684096765816 133.12106364531283 416.7788919231369 258.59916189965463 
580.8778625364047 487.7094540875764 536.3417684390595 375.791232007695 160.87414044637063 
445.8940690568479 454.4392008955704 538.7991638702641 22.493618448145305 59.775859842558134 
253.56971796178368 114.32798380410236 492.3521171919685 410.1456108644365 603.7245787568596 
256.18876051323156 86.35062400093328 212.29044195622137 126.18691859063362 333.87743906191275 
280.91461058510026 116.3682661455012 255.6096342853548 172.51834338091942 468.05898805517126 
173.44381508230524 408.9658564832346 250.26609021743218 177.8724896434817 88.28003425886561 
619.9656708250485 549.2599904798155 602.0152827159404 29.97858981327091 147.5330292818058 
106.22411315334095 601.8234529611797 521.5633024704795 516.9363034183567 58.80741407354809 
534.6142115143755 79.60013865470195 602.1665594517534 533.7571449664416 381.7855438979237 
224.94763244115092 308.1570024128846 473.01962764748345 412.30401295563354 35.73132814803269 
161.43758433757972 43.86194406470439 165.17450171784822 363.6362647582725 467.81834449511115 
29.108434852915725 84.48566648868297 184.61087292478138 245.69532905879285 543.5856688430541 
90.62475645268887 105.07640856676662 493.5729040957636 372.8696197314456 321.2557533764149 
594.7354592137832 300.3959650638302 180.42893140009483 425.65425077371304 67.07322242193537 
257.28608468022435 379.25786057128767 545.9932004538456 478.64563333107554 179.27521410885893 
214.0926933509941 69.17296817298104 68.24758024152976 495.63056358853834 550.3054970356106 
582.789643023855 407.0554864448732 617.3647557759838 415.56876680806585 418.8352523905551 
480.8376000052963 340.5245158279116 290.38492257514275 118.72362593753135 475.3260059755323 
293.85224630588124 93.57419322030141 503.23580632894846 285.8439128502602 589.4135944659585 
358.8148301128093 380.97850427832384 122.28219644851413 584.7852840209885 248.3292899654753 
478.9495716204897 530.5186680913957 415.39667209504535 599.8101277161195 528.8041375273172 
501.3740368555744 305.61890559684787 552.6794943349289 592.4151714528697 288.19826969733555 
417.1953299566873 449.77567177879826 460.3222565102229 104.18101971432196 543.6070289240067 
460.56091103371585 106.66226981039095 420.47993809843587 308.9670902556477 121.94368807156158 
134.17571323246239 136.2606249836676 80.03751622503981 542.8096928362115 92.88259232106317 
441.74194086500233 549.9623782526968 368.3549745393486 506.021323029694 145.34042932182126 
302.31104965167594 150.3150711129053 186.84472940895034 186.00762189578188 414.0252722505576 
519.1838992560586 379.8665985471281 401.85398926763867 105.86371654401468 104.51617480917247 
410.1527172814218 576.1531710021894 598.9379744178129 499.4070370745978 274.25011179707616 
531.8204759935747 285.93341611054365 515.2426691684659 556.3482313484168 195.45910259583303 
475.60907844669777 522.8156640193071 403.26572122319476 102.06809292268183 319.16991318536975 
25.89897727146409 441.8567452312442 561.5055552380444 477.10548652327844 563.3719440178802 
272.43043578366064 257.8011555102487 435.0886955248564 385.9924822521794 121.77727538130613 
602.4113002927081 327.5282125384838 503.9088839686959 189.3961440410426 112.51106117784407 
277.3686301733197 451.00524080444876 370.515885652331 435.4164820341285 610.7318077894338 
62.174025851124156 189.50496238970874 190.2308677678209 454.99330713907284 309.60964160259783 
127.26307252552326 347.8091473244657 178.88763715883303 594.2168892898524 276.18847511202205 
20.13368168395489 83.23608379186572 238.22767336015156 206.31473147428764 80.19554250899753 
500.8908135474482 75.12021374706318 476.2106114534646 383.47485124787136 214.48904008809106 
182.93403945505423 372.2369950411737 512.1140478891045 450.610982784651 157.07487964305878 
409.7543340602788 312.8777641055821 258.9354825255409 68.70295371850968 279.874741461362 
249.99302246422914 434.98677573274153 404.79859334194913 475.3520449023089 543.9636107823511 
295.0664215108071 35.9987559682409 379.2039571169766 617.4522773108617 561.9640393437629 
408.29838517623796 149.65977573626873 519.3246360586134 570.0405616934447 304.7102087053697 
85.02769801236619 147.94833406074576 348.2778332577612 472.9767729888086 302.07508711351306 
44.84138331631209 289.8882388906904 365.42855097083907 111.51592296160489 479.76343718586486 
267.07815170935515 587.0817118917178 224.1987340468418 498.3435339946506 199.55897726730328 
198.06940323869242 271.58905990741187 553.3383692640418 35.39941991644898 366.50031683074974 
474.14012068807796 490.6145612023273 252.81287687690357 217.8382417142654 241.14529196044688 
410.94889488156554 541.4736800144676 276.8963177225974 435.66643225771185 78.74009466824317 
471.9557376874917 248.53981307620143 588.1315408072378 498.7260522199135 111.88765876109545 
233.1912158722312 492.19560068880276 31.80010878938893 497.41785303592343 223.23117226755969 
166.45835759311484 371.0201984492565 418.583426438874 76.38929813264788 115.63287599737211 
48.90474155093416 527.1766826177136 512.2184640354199 374.75839494471967 97.1087150514273 
125.70289282481944 427.74628975993073 570.051410180989 429.57400806907015 346.02316808370546 
378.39762256257006 379.9887417640376 470.2475652973361 576.2760731718329 20.281829247902987 
530.2162501485202 296.46115394675115 344.671874527888 259.9385466267907 405.87695539106215 
519.0665295352435 418.7530303245904 607.6356623243622 514.9523789408581 470.41975126034527 
28.71480140416976 380.3133090812789 186.21083136822807 421.30825687069137 473.37963155070906 
550.2675953420317 235.35633585605154 497.9146846986916 317.4190550970868 185.6678686847582 
82.97201362462476 519.9109767759008 538.4170262098759 179.00117677178935 557.8516524072996 
330.77669257843627 332.3681462179842 109.53774472715598 369.31321709222397 341.4350628536136 
436.2048576719829 35.91120067549041 182.08801023649636 358.3008248338649 375.94710385164734 
564.9072834119332 177.3793175639783 316.8332654710956 199.06829442088917 92.55483099270741 
533.6841701571542 91.68852740858756 599.6713933423416 263.6127261014401 610.9721165688102 
504.5647160823164 295.0687149409175 245.54662827333374 571.8146410342715 600.8336078589329 
462.3594275128844 163.08911071773667 323.0589377256857 216.0527524121332 393.5982028482822 
589.477206164802 411.64008403079345 203.45176477431846 478.14902447427164 140.46076937041377 
58.1248623517918 43.48634545541339 570.8177852122188 567.1756919975021 261.5815103351955 
506.5540699349036 554.3574320462477 93.97565019918304 259.3687876091008 589.9654278044326 
454.9394364175609 297.3159422945667 375.438196374268 300.26406793039877 619.1852540649461 
371.78349472367205 440.7432580154905 601.9898863760874 211.35174475074825 179.36646403219407 
519.349320981449 403.97868546500996 239.2639880049565 28.057517542905423 23.837958561709765 
204.29230447554028 67.58946969703628 275.8841444685188 453.5994273387191 564.8728117677199 
527.0474197849792 406.46013823732034 339.60707954056323 537.0145291922199 478.146753020441 
372.15169566371515 529.2675532298646 108.74777809567196 238.04675505766053 550.9521530355905 
294.9402714563688 95.2278808438925 229.13403280025256 413.1588271023789 299.7201860673013 
243.22341893592244 157.90944675047433 343.94594080259117 404.077489528027 70.79719669378571 
582.7789062932769 417.9272581768955 246.94793093375205 513.2740054782068 479.3417769721775 
271.8022160805324 484.8675981456009 396.5885882413577 161.77049905731872 171.17934254402954 
322.74589610912284 509.10786807443475 468.87528716215627 517.6706197559066 319.87050729263893 
593.0209344384539 73.44772031551439 192.35060386807422 404.7378989005939 526.3907657994436 
123.4768016728057 281.674062415629 582.303390787091 316.96118682677337 373.8313196248984 
81.94584767443504 567.2443621358195 278.81307910893304 517.0023532389798 28.43677121854034 
126.83036496239266 512.9633480158466 171.49951686143527 545.2391845897743 266.99400413725175 
163.00062442890396 136.49476446535215 361.95614310028395 145.19609717529877 66.85125314162431 
471.3075407976442 393.3177012181623 343.6792372409671 575.7693812492447 108.32497026830626 
227.81831043424134 486.7030535678203 261.64506042836604 457.95084828505105 221.46890829333938 
335.35535085592005 183.72379644533885 614.177201971761 142.75746832235868 443.5325604268516 
535.8315715532302 119.37212685947831 464.911934814649 408.68343883048675 45.198965341033315 
196.87777824707433 551.5589501048183 100.90963890835357 243.97816276649831 510.01200477325284 
131.87251734047368 404.0170577152545 84.5465241100782 56.06773088479323 411.30604661820865 
152.1114924266852 119.69061734007607 153.90351762816172 114.00166373976953 495.3326293331024 
218.7642669270836 433.71918046162824 502.9705826132346 478.3198210526711 140.9145955937179 
487.6103718422921 574.1381210418 165.00366365249405 436.46955492321825 189.49543955091363 
370.3472816244107 193.31690480587568 97.58094366465174 243.00892895483352 511.4145624474513 
593.4186276203982 129.2164498914248 465.9548390062034 586.3317717702377 53.02530831958812 
161.5946577363204 69.91392417988607 403.70755161665807 563.4426164170277 575.1565861521971 
