315.41050302590173 216.80327132754488 431.03666684523256 327.07231851421204 218.2138447664186 
229.61297464375917 105.1425441199955 232.84640499407894 121.59334804257342 366.81605205201447 
109.38926603068887 248.18828593567244 288.37641870856726 339.01818660281134 255.53502112412102 
415.4575724924949 225.8395472510302 363.85228789259645 320.0593975804166 238.57017771019954 
466.89774985861413 348.42067223899886 14.699120618152474 486.6715206709575 441.4124176169489 
283.4376673666486 110.57881892169284 38.61182005023388 345.8207061922303 288.5258470756677 
186.63977084609013 270.17651585132404 44.28957787761333 373.1188722595725 98.07000025007794 
111.02485249506394 159.59761718980812 102.42423687693535 385.4386689872323 23.289986130321008 
136.94777286824473 482.89884681476985 470.23790866311856 278.7934295505544 188.91410648601146 
506.6907414238592 107.53528083237073 36.8272758131442 154.72573405254562 419.5000011479909 
191.43995236416572 349.4570772767158 432.0910519931517 401.31193123518926 134.0857490730064 
346.29858645986906 264.7652960495851 474.45571768981284 163.83410356276116 475.7216340426004 
294.06474427890464 78.44163427773536 13.400131161389652 304.4339443571865 407.5304748590903 
376.02989616063934 93.6050026312039 502.39837603136164 42.9450308568221 479.98445876377116 
373.4575457835808 265.03639185585126 230.9048393359828 414.96460040815293 312.2683899692967 
49.671182209155944 284.15177048989295 254.00764319095592 314.4996563539158 128.16324983693983 
166.86685181390243 494.0558853383202 303.0534595206289 82.69189894536964 202.12921380225472 
359.98081266697056 131.70211527655627 496.63549973569206 400.7434647250718 351.55774806059253 
182.3634803923934 217.50379625075266 319.6386641016322 472.8440550260905 117.92422601915547 
193.87534845287163 483.0417757761164 208.4141175656272 386.31448168777194 13.29317151281261 
24.629176268634414 435.9040075386015 196.5366926134785 393.0718308673237 333.8587826580328 
89.3191474311386 312.3520638808233 500.96900014563215 114.68644644981323 12.558084598217935 
134.32750501175155 107.6746175877929 389.8693378731429 67.60539059807752 165.94636281090635 
198.07086039681758 109.0597472681597 186.84687991511737 84.48596402403035 293.2159124600032 
143.89217329387498 183.96032187842414 262.365110417284 360.0048305630637 78.26705383736187 
262.83464263175193 209.66476015491062 310.4604510048693 327.0340577833048 288.9708766437597 
33.52481084035895 217.60760075820573 241.27825254640467 12.817898141953101 135.12031868112783 
499.88367801893673 483.41209905332954 59.49609882687261 489.9201175712194 451.0386837497578 
80.27652574676863 124.36215773397568 481.93110922153164 117.4779963036322 187.4541562328602 
438.8679690169168 387.6312142091061 150.00075094097082 222.99780430881 196.16686234380177 
230.29419919620847 381.88720945790294 153.77738922306617 250.92034931818475 350.4094409706738 
10.288082322538463 342.6483737289982 32.75831827483549 162.89984628378429 382.86898364560216 
489.64488150973494 237.8460188954655 196.8409397083362 16.663163921564355 325.4006002603987 
488.0107999726334 138.38431241613375 101.08554812974768 340.0005115213934 271.88184118417945 
222.5885297792421 362.0613992201772 455.4667807916905 107.49586828344309 444.8606795183666 
289.2224594850096 175.0817558835131 490.8221186446443 187.71160242333633 353.12396807140664 
367.7511649034934 319.6596471515207 483.5279389402846 464.435485367782 470.61084552660435 
107.35997487299069 259.06423854147147 52.058739980063876 18.07996656277965 425.8283977566431 
32.35805283079351 262.12562647028926 30.56385369039576 142.25693170678966 157.77135988376455 
404.829394485526 421.00968210504516 139.04208089272197 339.8612519508823 401.04228783459956 
202.51800267145092 331.34057329197327 261.7830961874249 105.67263316242864 405.2133755028241 
421.7161199290642 298.92939483652503 509.7145585483496 235.57709618196586 456.3303902433075 
413.507193175407 447.9435018657154 136.44522521847927 372.1312786726039 450.75751124608485 
64.21055884399046 30.87505124271527 349.4916511615122 182.51959925163152 411.288864198239 
158.08305324449665 409.751635504654 68.84339950706135 187.22503714077652 34.65754078601717 
322.1175436509011 333.3531601122572 235.14897777213983 199.24908592573408 509.3707171221115 
73.06542304850078 58.494952533887805 23.941825199813685 266.8392383855411 248.36445480061764 
228.5872216927754 500.50883853020474 234.08573600376297 23.838338481006573 186.5432997757157 
34.75464242770664 183.76431953347753 55.67871732646661 66.44793428700828 407.1480229855584 
317.09995022814195 446.34738246705956 291.75098675950727 182.948227405464 380.4431158777391 
212.21291463005042 321.84233499881935 480.0277134745483 42.35317171996904 234.86032308371202 
50.75685018704439 127.59453906509331 95.66331633902085 291.77696226455265 484.9626608374076 
374.01754264677623 173.98037449640245 387.11776997559093 452.1858131456487 426.9574751143544 
297.07261285501727 228.25302191755947 218.22436464087428 234.00705883187533 184.59844389129066 
318.8015682095659 13.705188319802044 37.043339087322764 402.6295382544666 263.85295155205915 
97.73644593600626 358.49520327593865 32.421033229815976 508.08124230346846 110.40901880396447 
202.72937712677896 175.882376191328 352.453904441687 91.0998883171275 380.75792602764346 
237.2015689317214 220.23870277041095 164.53065395697473 491.47042547661715 45.07623627134887 
268.01196161621584 21.534296476275518 217.5938920452985 505.00437796608867 62.37096558425386 
446.48337030822887 219.5836798601441 96.08819378818339 168.05403986116102 268.3325950489616 
35.6483334041685 151.80388177831372 118.17105220428542 237.22916790079677 21.111664975363702 
489.1906542565459 362.24777352298634 453.6438153525479 485.31506623052695 75.91203922850313 
412.7869695762759 101.97564148863896 309.2632513703471 49.64272295027155 36.04958246145806 
365.58410785298094 452.21654197727685 29.23378894684291 457.7588781433247 25.20102717076144 
380.43279047920106 282.10981413857246 179.43092987443686 367.67584997472255 76.26210067920368 
437.3506736451626 126.03434728366207 157.00734623121264 410.7974460497339 58.91131003068472 
470.68258000530255 44.61478592394196 288.2843256050214 18.43258305476141 107.06171680185733 
420.8016797125349 95.49258412707528 232.09633275884087 365.297075525139 334.36540341593644 
114.25351048208259 450.9776490181073 191.96162035278817 232.3055625467994 180.36533707725133 
419.34773743298695 139.92930420451998 396.58442437219986 497.0702728213663 340.3802070527337 
138.77661491901605 79.89251587067685 136.30623361729454 213.7141362774384 141.4351884025066 
467.3723462572047 385.93627236454927 234.3269100690099 367.79894241860023 216.25368399693 
226.15901778646995 67.17005443231321 490.98851599931 450.3531569894768 343.30306818077383 
437.0210128682363 236.9764197180597 211.39162447110314 214.20856372635888 98.0042882002584 
493.27587179442395 494.082204800512 419.3990808854995 372.2347044864858 147.39644587461285 
116.94220278463368 468.2468825445104 72.03629810040485 500.76973270016447 305.78211500811534 
44.33473076195392 245.1895964176085 228.84810053066172 491.82461782141866 204.21734419624093 
307.6607671147132 483.07964104893773 451.4069362433881 187.7856363011845 253.26537789127244 
355.4624638456825 39.219524510223025 123.43690204303375 254.7203055002573 51.381534245333974 
392.0342888886536 36.25396629296695 95.53653017261975 241.43096797571593 104.87536916692885 
192.39656223140898 497.2062388375111 187.92519723543353 506.58575041961177 437.90793429170145 
31.13718556521643 366.8018806832962 286.7427177344986 315.13989300129697 429.78752029283237 
430.6198266174555 350.87528766191633 364.9993870285212 236.45415719432754 483.3549918583347 
405.936819064521 148.21971175965626 358.1678304250781 262.69772502019885 402.9858514461737 
143.8595426489684 211.14802408651812 450.55434276247377 89.02827285517927 308.2328418859176 
273.2707341511905 457.45612947456755 44.97410013375224 202.4728303474637 483.0023944801603 
151.57909112917068 211.6617612674493 221.93305475325315 49.252950750109314 128.07716260230876 
30.903225936367786 85.62886492618226 361.6012542345889 239.43256054828277 453.50295970352533 
368.9221261851551 315.34585983958976 232.5258730943503 191.20391010647973 487.65259725652874 
490.8344785690014 463.12936610173796 214.51358576928163 166.91893656680833 251.52500863263643 
283.52648096273805 123.36342562494717 52.71246555456793 450.2314438011677 323.96064232732044 
142.55453054141452 249.60684930454602 58.007773210456904 13.616645026947584 118.9428464077531 
192.70680451544146 155.12278006414303 311.8374666428301 22.317113117458256 387.05902863196985 
348.57922969128845 245.2799500749565 76.92236675708656 172.72829996522358 305.63020912162915 
471.7123105925521 275.5825292291912 298.74207301705684 217.74601550297055 216.1564833139168 
153.37478693613724 214.10659706363444 134.4845678648216 50.07875360932561 322.80932628136753 
109.09762516883441 231.71846015603592 109.33148148397564 397.46708663650617 365.0290210794179 
203.67191690790648 471.54918734601915 56.04909480558067 195.70216353458997 93.22065396648293 
38.702186470985765 123.79014221758682 388.739451716577 499.9077827109783 395.5107080167991 
173.19019379003385 180.0049417600032 230.1288980377752 239.4228088352676 271.0165467397242 
419.31527276037076 78.93952205451026 102.85912596767604 123.52971477618345 310.6440053316846 
57.93799533497506 213.42756572880975 496.8865961210859 135.02248272474964 508.6768423929879 
462.8111111027786 414.67343512780604 489.3403710837978 166.0559155675239 80.03187888258577 
259.5223631871491 199.24894787477686 361.1503551531277 229.79444063874476 30.76402496809948 
189.37032113999095 177.92640547228456 381.61172148811517 135.06993039332008 219.0156970411996 
503.29838176880673 420.4163827148408 212.037287992691 16.61577776302552 34.97981644303743 
94.36103574217351 121.66968808842775 471.06645566755384 436.58182991348065 20.510212133519325 
345.7065739942934 163.19291929958408 454.4120638247543 94.12734398923055 179.7548063525099 
145.53525890232154 435.4271138530555 272.25983960496444 218.1752923184933 503.6587801752279 
310.7916396415528 327.3253858235532 258.6778692330222 357.1920804062039 234.49733126076327 
291.4025656714939 378.5775970311867 83.79604728105032 191.49480169291172 436.9289934925209 
59.66551864256669 174.2668233265095 14.791499053652116 264.5099853888522 363.6470985113421 
251.97601177383282 375.9688905893729 93.54100816076682 285.1013351608486 414.85116307388563 
438.57190413004884 476.3469506321356 33.913828711796704 183.09958315744672 488.82379335418216 
281.54136742030573 124.13678810279737 460.87876716732524 483.1196174367651 417.3087800161549 
271.2292179442184 45.11645132717711 76.75140830454606 290.3132858155522 224.6303181827884 
339.68344138732357 323.3181005855335 220.93642958288316 287.61927317803816 58.12237795051705 
359.27342786218145 160.54759171316428 401.414549049673 323.1355114362789 13.064923645123397 
181.50994835624405 295.46582746819143 196.03462836030417 403.31706303883686 335.6251646373579 
330.8916463190703 294.3563097209767 215.51170214255626 101.71993936746841 289.0159610945085 
280.845502982005 471.61902624646075 268.07749914772455 481.95673097066214 132.01076353186824 
232.13200367897056 220.41721614082437 187.21953108281667 219.45399437217998 294.9575600904708 
231.1254213365838 33.249522199135676 362.178125597335 80.61754826039113 470.4405689580442 
87.89477558014335 133.0755735934192 18.2126425312834 85.29590951709741 26.734019728968043 
327.8008209359083 371.6023856937289 316.5226446267381 383.22213837034036 129.23011710161967 
70.25427528184656 250.11699302511212 507.60633362647206 125.7114435340561 234.21529964246 
423.273913675763 486.5661682438086 466.307955519153 207.65888151820843 130.8909042233758 
400.5306653343935 61.237854420763455 40.46030050624404 403.24486281328706 420.62548949603257 
360.71402566747133 482.2539432882812 250.5452043113546 372.2033915002852 370.3863774136162 
178.4252257509321 395.066237558906 16.91101119298798 186.59014448560384 382.4906066726097 
336.56213253510055 430.24525432394915 459.6031782180643 124.31850356832001 221.66739092916632 
476.55217776303704 318.11544581273625 398.644526643335 112.98607076375127 508.42173665504237 
413.1137635499308 63.33397928280759 378.5728462099128 42.431354047568476 364.3849465072613 
261.8447839832911 47.50907500388839 288.19148400510585 17.840536951230384 309.3439795936094 
102.27689127623734 32.64636343683374 46.86614131946203 106.93093759516907 303.6345967863335 
506.5829187603378 55.898564036199744 273.4203650580653 268.696342295768 485.3011530139481 
469.4338463099551 309.13823082719944 147.91930129312473 500.3989460122736 114.6693869800579 
231.1838129599219 371.70145073826876 164.62454472886233 30.9831157252503 244.61085868309695 
62.293023202868106 236.74978453398435 164.45305588855902 138.98114802335897 331.7248829110319 
178.4171433828207 230.62024350629784 224.74341885084613 311.4568043751069 79.91391172592476 
153.698179607952 248.89088861082476 384.448887504064 456.82636044511355 115.43196491402091 
354.3504757698129 215.35913630829168 44.52721566368555 371.8101785145717 272.55681841487524 
299.57049840816205 342.44954997683175 120.83272788667564 63.66423401089104 376.75024718386567 
285.1001121037829 329.53763870122395 343.84974383149955 179.64500004858917 41.76531999155996 
53.490104909551405 64.16032469497517 113.81454152988623 71.86298035006249 406.936771285654 
30.357381135577835 89.00735348583432 187.89289631842826 466.8283714740454 478.21177573027404 
347.8812260317933 502.9395268252365 18.91403272045327 143.7023101285357 262.77188503197164 
264.67966190210154 179.1101058397898 392.571013131564 196.2129315005206 202.84846005245515 
48.34685767563073 98.68812464335602 145.91002504107092 142.11680075919196 184.09603734253793 
85.68011321350832 19.872602944141775 257.3331454960756 296.782485867397 71.27367187353005 
12.406182555337589 473.0830652175449 204.28291600510389 178.80903371185184 176.66838579685822 
134.51945260317504 202.714953613677 205.37541405355924 414.49178933459365 201.41669251543127 
136.71960834231993 461.02210322926334 229.1767504491995 342.4017456170351 77.44022403931949 
118.49791621629923 211.95737543335918 431.3154446836138 141.40118466672328 137.9725343125353 
357.8436427378885 72.6569473820806 108.48934044700297 456.19247120301617 431.5429035682424 
408.06470092977173 122.24129964348789 254.52512779920693 229.16384293459612 80.78673947020853 
380.63987480003163 245.34385075028547 206.40607542828548 360.09377761392767 350.6225345437622 
41.20710510367319 68.93838794726409 52.58791725495892 164.50530996386058 296.2851416755377 
45.668889325038144 452.3603230779746 481.5249582414457 434.486945508201 190.61014241567224 
206.9508515047528 222.70273941125228 403.7407975464147 184.04228154429612 101.06282830749652 
212.23282127172644 20.881552559108943 228.6775075253804 384.9860676710691 383.59850813674353 
96.59770094296748 261.5288178718913 399.681286953495 333.6193047202826 154.89137331378893 
327.18624891359156 375.4789763991729 132.63210397951806 186.50441885192126 83.20367743740319 
406.34596373582843 424.0094468777298 500.76369768127967 33.299417589906554 226.6726695797173 
471.2181466177819 365.29860276423386 209.07358242379414 42.53428985481588 435.6212215822799 
248.08414158168134 145.94544210306452 294.3789346781232 293.226470509352 101.26244779427046 
124.01393813857891 353.0959189386178 423.5846304148719 251.19613883576724 269.54430627199366 
276.417297351929 29.040350207231825 84.20631140343265 237.7841499189166 377.6058056906524 
167.53906579180477 342.44865412634016 322.81190561342856 483.3822599941763 307.1928717754634 
469.38048055237107 465.12095668314174 383.04557918324014 435.80866555809985 69.27201644849495 
252.6424371797738 95.7386281694113 383.5814093270638 170.2150239518465 135.90992641505593 
207.81284944431715 142.15591612662377 105.08178736711015 203.06903514875938 157.24497337107601 
88.26016570585165 449.88777039043265 485.43515455917424 467.0587863386338 145.11323221677952 
84.01086152195558 389.30241747160056 54.705213473838434 39.811019456033875 61.720483919576345 
474.706952985378 369.35374350073187 439.89286709534485 109.4696317423508 426.84771866830494 
234.04835185905435 377.29226457232915 188.40300865330704 190.8677791174252 394.6810651554399 
492.8746802075893 186.53429700247264 365.6994603413542 402.7362746305232 259.76565653785116 
430.04575198633484 77.67623013667374 83.75893799014693 468.6723098163438 328.1632945908584 
179.61461097898473 468.49975865743926 383.4014703518184 91.06008527273356 246.06916559095313 
188.69047061807763 99.77726263599489 85.24186021939666 460.4637387733597 464.4024855535734 
266.1617605368951 15.867015867787428 114.80198448561617 434.94177338986253 448.78123711107696 
250.45469744535274 67.66041019053324 210.23334844003654 50.06170764216527 223.43389583971205 
131.16700097741622 144.6483179501744 313.1764903496592 485.98678993404314 482.6685772471762 
460.22671994078974 71.0090847693507 90.63932753873287 321.7899596494041 471.24925243917494 
22.734453602492202 125.05233048512497 118.58816583561176 287.11093845593064 446.2218627487264 
334.46610583603837 423.5046493886506 495.44998898844784 379.4623466934654 397.2517854489538 
334.8187794154823 452.484882327596 429.2239502394414 43.02240192357381 344.30568664730964 
432.51282136754827 490.1379590394378 327.75705355481466 406.80152179733943 13.522702678996126 
282.4190277760533 505.3909390802264 204.3793749547668 200.87571061690983 241.4226009847332 
60.32479738212475 200.83891294112354 416.0066441460658 417.2425316406294 90.30642490001256 
207.2127636154506 102.09916788659345 167.55212486746066 354.137854342348 303.99301325353383 
323.6880242822465 51.89176148338364 423.66096058549465 90.78070815192207 362.14132761313584 
460.6060940487581 504.4748128533 359.0615812956432 433.9762710535627 136.63411541713882 
114.83778120900628 408.811174637112 283.9610135941111 373.35506637734454 437.2076680241662 
354.63238783533865 29.95620841379736 296.6934265085826 281.8728538298175 392.12862027764197 
261.4490922583399 264.6860181664147 227.12764253290933 120.21569742045861 18.7333403653157 
42.714434193929605 125.44488108491424 140.07551357816445 404.6878262843928 37.60586770468171 
290.0991093661321 276.4548019886262 206.10733839650553 498.80541669602144 301.6931924380406 
392.0119084050449 26.538440908934138 219.82315418092224 499.0416648501682 390.41476670126315 
57.57360191067139 398.1588913106083 343.863929143646 128.8932842909336 240.55669803394153 
