511.2964992368505 494.5556262996104 610.3686545846123 597.3077342983233 508.4182685783627 414.21322290860013 289.3269524556314 485.0892813685719 129.25443139110075 185.76560410769417 
410.1545152772699 492.7388465923605 269.33744024470275 259.2978727118998 459.1204399626491 357.14167696238644 355.25661447852946 286.53590782185046 436.23074774354154 325.82681212891805 
157.65926281874624 377.655417033208 266.9294685603074 174.48771147204957 242.86255665319285 430.10026234292326 103.58225243017104 66.43419857407895 502.9200759676831 606.753774443588 
431.5866678435297 406.3191840909702 553.9865409104946 190.80692432412877 444.95257163254 390.4841130546618 542.8248163915773 594.6669729907603 506.1964644925116 506.26677194877027 
451.29862668732284 450.2503385863474 255.39357869857253 582.6152540679537 338.69493781731603 258.00365487961403 283.23145573594206 144.35187496567733 511.71961006680374 21.99643406691543 
432.9086843903543 172.43067109775637 162.01022030677336 448.4293391504531 545.7226330128906 122.53232264025003 361.0096251929351 434.9017336455047 615.1899314423808 404.3402989919717 
52.0442230100314 527.7822769520842 464.5433172525645 273.8417594861521 229.4504807724186 575.0262197325607 412.4488297949376 440.9972626313772 444.5935547072418 351.7832883300559 
341.78682812367487 45.122776173201686 128.6218255410041 86.13987068367926 136.34087438808524 600.3278669529742 571.8008950839051 362.339137965561 400.23793642724576 263.3538355465263 
549.2710309356382 428.82304238351094 124.98390197844078 326.15541090870573 333.0716728622496 88.43979408182501 118.93802363694235 385.5699443499935 180.27675073928125 298.16058324047947 
164.07009475377595 192.41769571944397 537.0846377171764 155.64939617439566 214.8440514049326 532.3770214800835 548.7063678047654 100.0295976556999 504.07184979250246 440.9782855387744 
614.8960622262126 304.1909539170748 370.5812292745712 205.0600745289134 480.9670730478386 185.98110383525363 573.5412953209747 553.0316144038925 104.13778395985041 315.62484429871796 
208.28943871443602 586.2850907390981 485.05073317158536 346.7153758394482 488.50361917149803 154.10164890097025 604.3088776058961 548.1209773507999 209.56344476615476 524.3947094256723 
553.8725605332706 264.1509922208033 257.94414238582 352.6345312280857 103.16123875977665 580.324822690724 481.48682825079726 301.2976177505451 89.70343763211008 22.08771195016957 
585.3890977309647 412.1847779726221 374.17879774885665 463.8170778338079 68.75961618209017 283.95166537913985 249.69605268016022 375.4630569315734 166.58023382682134 257.19535199787003 
145.15048419017307 84.16715261753052 111.91981155213209 159.44088130350028 612.5047881417988 78.20263239822671 583.2430705418964 112.37144203594254 137.83700933681047 530.5804116235101 
351.65851403557065 253.64596814877038 65.9993220086614 169.6642790670175 492.94900682290836 575.6479276352628 478.7313812763 574.1390986012951 79.22885960000903 433.50885957868206 
416.0720356873475 519.6758380044112 415.071097673942 424.75077533178285 380.91312168860316 554.637072534066 232.94872090811273 492.89077306580924 416.5390988597974 332.1668098357098 
412.83365674735256 257.3519592422331 396.99627804099543 176.0082882910255 340.797164041068 522.0241469468964 320.13536095643786 507.39362666572146 571.4555191435337 264.8183039404071 
343.1711373425343 110.34896375194808 209.10458554747083 360.5583053010673 450.60294642408854 362.7588362241817 372.3871298224362 239.55396798453395 394.33978897960776 510.53362562886684 
57.3366594577474 234.19884618056713 95.87371025081775 412.22382719701113 263.64135480882646 315.9367782021121 250.34532652619112 331.42476129364917 598.9720629716687 474.94081130856614 
22.345227412321414 104.31554724859551 326.218019661632 344.84823144792165 273.29485393169927 159.67628671783405 368.4738958823407 24.895570188799137 510.2508035077924 418.72675328920525 
536.6222512032973 601.7972308904398 95.97622903121173 452.13083499507843 194.35480714771293 23.711485682267003 610.1230193173122 221.5101203229865 525.47651075044 528.637686466763 
401.3685935519001 282.8106106363572 118.33601189389188 179.58832975856026 120.35109091270998 478.8661149992069 332.2264127231238 608.8797783403587 373.24657785695086 498.50223432101 
460.59994404039884 223.88542707006474 385.8320676736308 429.52456681153114 55.94031522170231 476.59494147617625 117.87830112638729 182.93506401357484 131.13667418747764 149.32352187869975 
617.7156312803509 415.71999505985525 502.2025797532217 158.91468309182463 556.8171714451406 529.5535601806481 287.184124057889 131.78051585668464 234.24273261180215 272.76073180783396 
326.1006476288788 552.1231122854128 490.7873382768735 222.88314525492507 436.76198361587694 435.6808130107815 322.67803525636793 177.19173801809032 171.3058749180046 431.34320419179403 
134.66293590435544 28.48996414812 488.2993979185316 402.9784550142952 322.3359197662893 53.55122462381479 305.2480857254394 493.8168389003475 23.541104425344386 91.53434464709014 
46.35644605129204 425.73410506136116 428.70046439808135 239.72093101525948 450.3838482626468 335.77858384186277 389.9087301894471 443.91803368908626 53.43922886330355 602.2856164929664 
418.6390044779527 110.87031575098321 311.5585765305788 62.92319729278107 111.90296379048577 220.02511563881285 477.90890077875974 577.0124857080442 596.7095073206939 361.9943152770239 
499.46232797419157 234.46695581480824 332.6653949149653 81.05676008879561 347.98430146740293 263.6939971346636 362.5617492909877 249.04495228594487 550.179355223137 440.80263128631236 
450.79015673789223 347.9597142464358 431.83843324334384 552.4611362572347 99.43212960425345 288.6567177198331 340.8314253296788 414.7483008097893 581.8655977677272 542.9484817932236 
463.78860984861495 100.34219470380857 83.73232203270015 516.4656235992372 401.3148752113918 376.3898866773832 591.109802772417 39.62126421203283 216.5803704987718 505.4022774998447 
315.73163487648725 604.0220384367536 222.13141670969162 311.5174040427206 197.0998331464062 121.66977634120511 519.765262008556 364.4763235681377 371.3331462552179 334.297318646307 
258.31272255663157 283.65499229498096 446.5947627145477 550.1825829979038 324.17216266218827 114.49612674287555 174.94357448662922 135.78412418941474 129.43870831334877 279.6847167241566 
260.45235251072097 539.5424528794053 312.4725188672068 557.4109147333413 193.43688802282819 175.19050339505546 515.7496220388691 489.0641002443691 350.6396193410149 241.91718883017694 
155.83931130756687 168.70181237268847 151.21169517720887 108.72773354209559 50.351794167773605 516.6373807048918 408.3370433216176 40.34446644619412 516.6996746000799 489.4899254012371 
166.34236446821788 391.9919663781066 107.51728452519001 229.04055190340867 63.13660661639347 350.41021162992246 497.5813805605661 102.23832641623696 407.82389793171114 48.439486349592855 
387.0771359064672 134.70012124628312 313.3334711491679 430.520852372088 436.0530107361329 290.04763453406116 173.91052610946224 196.45586317557746 594.9084264465105 397.42568687384943 
327.3115501005755 100.76932406083306 145.75786737741208 479.5454525153833 291.54812753183603 435.01877971747564 119.51515207121642 583.5961867292309 116.02270943892005 470.39467185606304 
103.54172566876801 567.3695406539329 136.90031623243328 387.9546022004819 204.7026752804548 442.9399045073035 376.55979171002355 373.8356837527758 482.6741724066196 230.244696136389 
376.9683626975972 106.78874196030202 518.346129182905 222.90829953903048 406.82335032735784 215.37794189564877 132.1638842833977 318.65340492864084 332.3047202630141 232.18975060070198 
617.2524683287082 216.6434952082784 391.28215247698506 322.394904582608 602.1675105010098 34.10025277736588 460.82051011493013 414.00715303222205 608.1161976323768 444.53958236330783 
557.8274104041736 107.18255851149918 515.4923519387919 389.9700819158835 62.686575975675154 489.90304074379713 104.56905207720848 169.3976349049252 505.72082601830743 137.38794078320018 
385.19285922768967 455.97989794463183 106.32838116474531 522.5774118962394 580.3232025181119 545.1744956658262 204.63627447250235 215.03128479201516 178.26073068359884 486.2245224159192 
75.51461839534018 595.5872537672336 618.4083943845451 499.32531022938696 564.7953725870908 364.122053753904 125.40893643529508 230.81599559329746 537.5395814801883 67.75942566237568 
556.5026929481346 548.7397863361633 278.19664154432945 226.86861600338688 276.9493066487369 531.116698093122 332.49933917979456 186.19719477075557 28.357107846228075 449.272263814715 
30.938599130458094 168.48175428410363 304.7640548866544 98.56632998909244 83.66151002743455 157.88060824937094 101.3138420515211 578.8654206931701 586.636446248983 190.57180786735148 
450.3709370900843 377.10250151062036 328.9289912884158 179.86058083696258 109.91840221622267 154.26789712347576 440.93255781155614 553.1397201898516 319.0821579405607 189.17516332278436 
573.3972441926013 328.0467561118028 285.6253960471731 381.3455107829056 547.1007914174971 205.16171037879704 20.25707377679256 265.3547467477747 163.0054707163239 404.5890564568158 
282.5980480043535 238.98628279989214 212.74443053767396 523.767743007769 353.6486607733901 557.5340809830503 79.2814807480136 443.8530334907413 499.6015897849771 196.59926079314081 
67.58793654632902 262.01377373177843 541.8436366229308 235.72404708307408 555.1802898706736 376.9890234356874 497.9902529019164 365.20700044322507 402.36248724910865 605.2476769241193 
408.7964547684352 68.44298211567046 212.01652375712828 355.09489731470126 215.7881002849251 582.1318978216426 578.7851722671935 236.0689938958302 104.45696107987801 286.6998111412653 
617.4904995379391 230.9726965520013 77.86362984943199 329.2761623709601 410.6320285618127 507.8823631169672 75.49183367414261 231.57098301092793 364.80814954487823 299.478997513677 
302.1979935707137 584.9956317017218 215.90476857764563 27.044788901879805 382.0997567045852 85.37109822450826 572.8946220270716 596.4689558150247 302.2471583988758 109.56729856602061 
440.09130382312435 543.606565274207 260.9203862347374 186.41735848897042 507.70161695433814 256.3341779160171 285.3976379757295 264.2505634187757 550.5199521289267 450.6459935923928 
34.037023259529605 27.387663633336782 424.6085865478296 228.1343082461937 547.5161036075997 63.94232432542615 501.80749398754995 192.19790734676658 264.07301622577575 237.27253916452602 
531.9175457281133 50.32237209211179 563.5926643876925 363.42565834688133 272.4008231641085 79.7757850811181 255.38199586993204 46.92080058676878 575.4417115277674 384.0638429549161 
574.4779371674271 77.21245649994381 172.2125804986628 417.48783141837816 401.3317859109378 138.17895001425256 344.1878775911741 205.1495282553443 569.713866143597 332.9796144322025 
421.3502657507145 35.74659256661395 277.68209241614915 376.6243274287386 197.13256399464407 354.50214374606566 566.4582875910128 58.59915879100482 299.93934157593037 133.5725041663429 
582.0559405479288 527.892021052498 111.09183062816655 547.2766258051844 84.50319950749024 102.76189354411191 169.0399138926954 529.4910630251285 219.50483633914905 57.59550554412918 
549.6849642451534 340.5542486661336 117.38687475198348 589.1950803420978 62.657270270444904 21.023788142347158 234.16775631562004 314.84108401317866 53.39180225171832 159.630488469431 
99.59965227297438 204.47359412894647 550.846093055489 552.7729754944744 487.02379956255527 399.33601315415933 50.70389440116477 282.89656708107066 369.88348242303897 119.42501444673036 
173.90849475582894 493.1001348221821 179.7385871716916 212.09036961449496 390.3693369907943 485.31483213974394 230.62524871133394 244.12839762451054 547.6857371041638 119.3982201779543 
124.60452976847093 189.71280511788726 294.73143602322784 40.487825811393456 303.34382576086745 116.50677902529388 239.9437455577976 411.95757823830155 460.5746993687287 422.2998550669772 
234.16104287004717 181.32114506911216 480.2709137036893 524.5135081690566 517.8523432395243 256.42569037649355 115.39052461196103 54.91914484212637 222.58270995925207 319.2800085617689 
372.02556407738217 161.91221556616017 466.5582624340191 154.8606146184967 113.80325125663904 272.6862747492465 234.0945457871287 322.23964183006984 151.3824821594723 217.65063030822736 
378.8519023472992 145.37823924082406 231.8891187637414 369.4354774939942 40.68181842835961 150.929297585772 293.1341459728947 398.8281008949846 515.9277750147223 30.39319154810552 
97.45825743885102 399.98402583058913 571.024392480995 153.97019268599652 510.0465855003216 487.25684164881056 339.2388315825051 413.45361193675205 236.55744471361598 515.9903859149058 
490.39778933991283 521.5070086451212 584.908889162577 529.6170522384878 313.4443783901178 44.66959207903574 366.06649257880923 285.40611189149257 301.6680719644428 197.43329096037832 
398.67659402333317 561.2055929174232 580.4519181296798 574.7354068676905 32.38840474978438 95.52153088834824 467.3804870849295 350.2105103226956 54.708740673015946 163.27855075246669 
404.55252716205194 417.54543730301936 96.23339744164448 139.60510666074816 452.94183355579634 102.28093323427619 399.0986151436644 553.9875582625244 488.65025625759426 221.40395866609492 
563.4965289442671 287.13659364282864 190.89657920685156 418.074190274208 37.09837007972044 512.9097795303521 61.58495126456256 448.82855704959064 462.22912128146777 537.6340037586713 
66.29671278179185 250.60761800802538 545.6373239990756 239.17168448693164 436.54918660913773 364.947366471221 65.70397842465161 558.0742027086039 323.1654427226118 246.68037007087364 
381.9340146402947 243.16661583878076 340.5985919010037 534.4899879889924 361.5743340057251 403.90729219291325 192.05445222727656 510.66124825044585 588.2020019256695 371.86604582018197 
115.25622878568107 127.37230986533497 67.12647935543973 323.6648540688871 38.69513526375144 526.8702669807358 392.44944289184303 467.72458982555776 88.21052183495053 132.87485774119892 
90.62625515144643 547.1617569278502 233.74339779799115 340.5540451239229 405.3724072955675 561.1788082144293 616.1070251073105 182.41509950321327 138.75920551038786 157.2918961311052 
43.6183326899252 297.45489540028825 513.3419204835487 296.7397560558244 498.43392156045894 80.91335168638332 370.1645420455221 145.41752308795557 442.43451344758375 241.97358911441634 
567.4847648188179 292.67919587551495 62.50127766753915 346.752542222185 595.0627971904732 150.35244540775759 345.0282152933998 273.92603310615004 568.8580798967636 334.30967457176115 
219.51400406331905 260.33165518846977 320.97727854781726 580.9389146417177 361.07721932586435 363.8935951757421 49.717649792117015 100.85834380015542 191.73865186040564 321.2129335571023 
544.5492393258857 222.21829549175197 570.3144724677846 327.1671718605202 550.8799354514182 325.93436736537495 210.76391499539238 413.86287123176885 389.44683191900936 425.1954494311811 
418.8354288575599 456.2850209148072 95.17794610827848 491.5903313622389 486.85479837180435 581.9869273207318 290.3677865166782 580.1968908517908 436.49919338287873 112.16439872623243 
357.01074855576366 555.97719662019 349.4007244910909 511.457958174181 23.135863915444336 173.82271126690824 75.42340924231108 573.8268551469362 427.98682438227047 414.5930840238445 
258.4571985920554 421.83851470767945 280.89097971555907 529.4922402780561 369.5728403609625 446.717386905346 278.66105612382677 395.1258345950797 387.38134075275934 66.4967144390575 
296.3732278901096 531.5833941313533 315.44176935959547 129.617194788667 416.3656150240656 85.88927728143655 276.5611374334032 341.3160145741881 210.30049527261846 433.1658951479442 
473.83012614060016 40.15032622803257 439.1344866513194 597.8532357432732 458.23842587123204 601.9986492131786 85.8399396543548 247.32813404068906 292.71336050185886 98.88402894273014 
385.7217908350272 360.2673322541997 352.4256605012948 389.96286925777935 69.17314820707634 222.09783157931165 251.20604536745975 172.02282905454734 381.7138109848363 349.8784948374783 
533.9163854071375 466.83392690547913 196.1550701085164 98.95646831156087 124.61925086839419 572.6963381425857 81.73486243250063 453.7422972784907 70.38949773804703 457.52873767506327 
145.06677254444833 454.94742422586205 270.6117026842837 520.8409009972519 607.7468165122924 465.627877203417 31.607243978319648 601.9343764258259 435.4617384553805 428.37784176649996 
236.43462182812397 261.67489184844715 283.4423921386376 616.0168300851291 269.7069803609896 115.18031349312244 573.1062022365504 528.1143507821338 387.2703486920575 542.7678512929334 
64.7322551141086 135.6956723745996 570.5866303707946 256.5043507071245 441.01298247906533 26.472445301272156 255.6647468838277 349.703289577291 366.3258312904599 152.94211962698387 
476.384004739267 406.71235117209574 436.5692006724977 35.69959707132491 512.0532661545083 400.33527693587286 384.4058112309647 424.305157270635 479.04970230000356 54.231704691657725 
54.75773834743907 568.0522355013359 456.3808834645762 97.63882545410503 215.3965385990312 398.9788012010387 85.01396274302749 389.7585422510917 617.4724013655738 279.4663213171459 
330.81570314126174 241.1539328170286 70.82599170045638 116.76959737350079 250.9470823479372 409.4987040270249 448.9268047683181 396.82181344232623 353.5562742417004 397.0234622866722 
488.2816666333529 39.65795427190131 290.6136743277856 427.0024653948496 197.15718829039713 528.8008011171162 373.7328173468695 226.62471138675602 238.46008041380327 116.95309814714442 
352.82076037264756 93.59298964143537 601.6187289145689 460.33941301407407 447.40199868809054 273.7947721127421 28.310131005704235 184.0419415979458 170.45934917605 227.3885565569687 
206.87576620989316 430.67344523591214 234.63563158570764 110.64959773061074 300.27011308912455 194.7315570399214 380.6401054412942 350.9185177320856 522.3857482285649 194.97780207283225 
517.7030056866038 141.9968611009823 27.598546029369935 587.1854472879575 115.9224611671577 37.333009852737405 328.37692031305517 169.59961987925837 540.3470004627454 168.34254641405553 
405.7987469915283 83.45363560360211 166.6377280065207 165.20645728522751 427.8197434025135 160.8852126507663 468.1539785004082 407.49129668710447 540.137126848755 222.596382982501 
614.30576813343 181.93473431131707 544.4921088936578 177.60069177971408 270.01741834694843 474.74048573209524 429.2552580581287 127.40170702546175 436.14550525054597 75.72617923837817 
67.13822041604827 26.946335985495633 120.69528244477158 221.66807270795135 144.87567427094388 404.69675156697895 580.6791818596586 156.18627710031333 539.7213168653334 394.164850000216 
224.46111568215 333.51420796502913 307.6014508512708 279.2527343699714 614.4303762063155 143.49615847073576 597.7701338764534 305.7431767336624 359.84895055681125 585.1565410079713 
558.8094903068611 261.2837276965857 39.71573866542961 266.18476686691497 450.8190188001837 276.20818925299994 45.4918982528922 255.67933339495073 528.6375975690191 447.5392404626301 
383.53046991960497 467.4949137915575 610.9419450521781 38.51606141151774 227.054573152754 401.53631845877635 600.0652959476047 155.99046339483758 557.5275632819253 420.3428861362964 
567.3801173804745 158.0354914700087 185.25913173658876 488.3072229132415 369.08837929082097 394.1102710682746 189.0908513963392 50.87196804510455 107.26347650549992 30.1245507230195 
165.0052343238543 481.0482409173586 500.9872137608317 460.74707470121126 423.5017187348423 270.5997028940484 582.4258572634155 361.30131359216165 425.58362120250104 293.23595544811593 
482.6888205176464 381.5922887789891 97.19960059086407 617.1587746879744 422.31391201150984 234.00834518240592 611.9834953709693 494.30533730087393 371.2226722560474 478.2416126725631 
182.13624621711514 103.63177262468288 192.9898037659901 454.9707914915045 347.2936448377329 375.781209279677 238.27024382869638 170.85012278136998 601.2236879933681 376.47964660160784 
102.2276735425176 287.14829131960886 146.1972910673423 276.0037075489355 610.8083393071583 514.3809561534521 514.87602838288 82.06391177953432 450.7037522593871 465.28066070525375 
549.5607663909817 63.447261819202446 607.8461552477116 568.4479208589647 578.644906096658 541.7626781992724 529.2803988352953 195.02725601038938 380.11586391934554 78.63350116874673 
73.25608463229008 500.7517514851203 271.94876216497295 235.68025958213008 462.38367556139224 435.7001631759588 419.2359180723644 34.63785751315578 604.6982659549059 324.11010362988424 
197.89584780159296 594.9507412937949 297.47486754931464 566.5911013893119 204.80573642518544 376.18985331192334 378.6389087459926 567.0813812717385 54.20090700551186 602.6351274920136 
240.61563780116734 136.89201881171385 250.18519064542738 397.3672210335174 471.4623463608356 378.1822316126234 375.1957797693312 303.21234909001663 538.1269475415514 599.2095815316225 
384.2665961618142 617.8837873237036 176.67686520592216 563.6988549155543 544.9335727367763 320.6639760734956 104.3417731040812 126.67329199318509 512.6258671531403 117.9709654149306 
218.21422546659204 459.09201757820233 581.3866610598996 85.15266546357034 195.45151655437493 413.6373575993569 499.7673082767699 531.8531821122094 359.8230029760917 333.9958086755765 
391.7384991042283 468.2943851588835 229.44619498614026 559.9764033669583 72.46234265000854 199.81695772353737 110.55566728941264 30.81021596772791 398.7690298954857 327.024382364381 
452.14839507930753 538.9748453493878 244.1817871640427 378.8737149307918 426.3493378473852 136.8873827916779 238.33399282122338 456.05691895852357 349.34093480568396 148.81002764500374 
560.6220461693578 412.016392597013 107.70039257461475 590.311612892794 27.93791948099438 248.93868886230734 304.9883172187456 347.6291900463981 266.3249508413868 156.06977957345964 
393.43273668627916 619.2731902508411 306.4008489775031 567.6961006943784 205.5519003316474 72.22004728349563 92.39139174788495 368.1346266209638 50.55992392876892 315.0358842606042 
344.6188565260494 521.0761887837776 90.39883225728065 240.27524361102903 165.28867756280505 150.62544256827067 460.24089332570514 538.4982520257907 527.4182836235577 451.3813715873847 
148.30477396212174 236.25047263401876 336.7516959225951 154.90214011025287 599.82958517989 260.3486260075068 106.50375471380814 29.897883168476707 360.05027999376875 380.8164188334492 
234.777719962726 443.49534796171514 221.0182351655131 34.813925608102686 224.49989541225386 160.91800737650212 87.11099364435853 483.90439115203947 535.7151242850032 510.92550112549986 
124.07443144723044 507.0021988130737 510.08687298982755 594.3560387321496 306.4416520795164 181.34571569533398 357.4456661388369 563.1156869231512 428.17192141507593 453.8388447171856 
344.2295847721526 146.95801919154246 391.35366450437493 155.10490989985408 73.66064921120648 155.39825125848495 137.8151725055481 58.596727041195564 297.5007313826212 432.1051926750305 
538.4866433462722 337.10658899447964 249.2308403852149 489.11513382162804 105.35767369783076 119.01987018513229 438.497502138091 198.21118183092756 540.8735174152167 196.65609134401478 
596.6699830050414 466.8119188224802 89.61407156246138 489.0410462721734 613.3520827035703 375.7130345556911 607.0994997333675 211.45391655225427 453.6922776862063 606.025757715792 
410.56585028980516 454.0930162546552 596.3359537134561 332.65586757929276 326.55478933412456 22.203864565839897 481.86346857293046 111.66688228591187 100.16098932212365 140.01358154440874 
411.5578238971317 38.87137980703129 280.7809757383919 170.81495177483075 486.345673623389 606.9939986638451 249.20724543172005 255.5443701714996 525.755407815295 38.75005213350338 
600.9112489260226 522.1970281140646 256.73607068156764 23.183352170253563 250.35920676665486 468.4233261789326 412.1809185669178 132.60710078395977 371.20431198443754 469.65021586471534 
128.99923817004606 347.49156580240617 437.19913227507806 315.07106765621126 585.5803425220593 66.64223335687683 578.6720724303365 23.848076278732492 368.493297925204 130.01227471682358 
619.4114558087718 543.8708049577151 608.2663843218262 131.4930600462489 108.80110773415541 285.4144816744191 274.08974841614065 249.02640024542399 214.05114713088415 392.04220802620125 
567.2852654297614 169.38236120927684 87.36779328855967 601.094277939769 303.3871358688042 434.94630931432954 272.9057733656582 96.10891436739526 322.67718400968124 289.8590369358673 
68.34730292734713 503.51769721042564 319.0183889517442 52.853613396174055 505.9512564198126 535.9597804936815 426.8305925921568 594.1327967344712 167.91624506629685 134.55848048913032 
256.0519734856808 443.63075451740747 600.9014917784591 312.50396177351286 214.93018177092523 208.00268321157654 444.54911775024743 52.285875609546075 510.4867464774833 123.68638279094596 
138.85164539127612 158.91964634295476 566.4986280437653 123.37922857918038 225.2084976697851 121.51015738693883 548.840567593089 543.274440537548 406.015186763467 585.4965906008566 
238.032092386788 548.4004540966117 77.62896761789051 187.92213040159635 238.8327172431924 503.4069753476594 601.5547253067274 258.07241605451884 466.72947403249213 266.1415917473005 
128.69479579758922 435.82624337607064 601.1599737602094 531.3607401982542 141.5065560729075 210.0626183420202 145.31538815914718 101.91854156153697 428.9113982730441 529.4675163119205 
82.36648824731614 114.77756721362913 158.79899980698696 388.0844091306144 467.9569613688167 599.1850690555708 62.970490686774475 237.95217756794187 448.807452629214 94.35844801492242 
299.364416619957 231.17413608133634 147.27426166974234 204.02381878297075 106.40906782380104 43.762042172325096 401.7064044424272 315.1513251287096 114.34506762519628 583.5986429780379 
102.44462671363912 258.2309696546607 528.3620009163435 234.86273418674887 613.306423174991 36.432741976168046 548.3926233726635 41.260288388904144 518.4005728931702 300.994760015396 
340.40860584659123 580.4055430160421 84.11496334567272 200.18317709922803 424.0615113058871 431.69569885637435 176.12162057572755 179.1676813110061 91.51270392027367 290.0230611849056 
321.2424539628292 58.156129678932295 222.29597260164883 127.66831472999472 154.01973596017743 266.1324163423246 409.0566356569088 356.7186616962247 237.83474035882148 457.540925053568 
259.0108596847998 94.35467052767495 200.4186354257328 89.26161598312174 485.96891914269645 183.34954227972204 73.59912253082763 285.2193609359759 157.76619676995185 170.12444111778726 
77.1267243851837 465.9713131963651 413.9456736454589 192.70377015474122 236.4242984420914 170.61602892714697 518.5355168410877 280.91415984479187 174.10386286746711 448.3681576330884 
462.7658219026761 521.1707774543138 165.09397535514148 547.1423962627271 482.5678722510788 288.1948276454591 495.22192653713626 176.49040375864587 605.7000219087824 296.0059108075368 
513.0941894301188 372.23464332207783 493.34369328469666 570.5331315237406 115.11895304435767 340.14257651042766 591.0133684348605 196.18848522741487 553.5144900504034 405.98529713303395 
353.62432928222773 38.74650931275388 407.14719110016875 349.3240156527146 259.56179722550587 196.873749105865 105.04279665056083 548.3685133508559 78.59535726031172 284.6519132023833 
342.41486899271314 313.250981433937 408.4822857501814 597.4384786839394 279.05400404253186 535.0592078770579 245.10364461895742 563.4083390877233 359.9216601927131 527.9727551701292 
300.97680133522346 33.12045680712135 347.7923675325024 91.84591741870425 336.98817040508465 109.45311726801606 107.78793992549248 572.5812385459127 522.1899653840676 370.251563274446 
33.64761865462274 47.63730405155414 186.50455595876056 286.0319063815534 555.5777656543271 114.01450313818998 81.18047391882497 185.0847315913003 319.52487857680086 506.0626211817902 
611.8434256415356 268.3225470387373 577.7156932338298 520.4539370050309 58.98636832052635 526.2145351974411 80.30820377568054 575.6656715197524 550.7423875405073 360.1524935213513 
307.99717392351505 383.3152878530911 302.7838656953908 460.5916669207831 235.41802773135825 558.6927800964347 590.1919515428425 44.31018564625995 165.19286753766812 247.83331221091782 
266.140075202548 103.13103002501146 122.46226171337469 298.47427717338036 592.2349958604564 66.4500076360165 49.74665268445244 52.240276477304896 95.35947964381029 29.913704601570217 
191.98113959460053 585.3999157290708 115.86011728096744 452.5910977469313 211.56730280181256 375.53817126389595 461.9240884381765 374.9825434368694 523.2858916296351 121.487924008466 
134.9886997420475 160.20990583658948 488.9140828000328 593.8646703244756 241.02734691768913 510.73160746108096 261.3910996762214 343.5478495978916 352.55569675881105 462.9263871121076 
618.3759220941257 245.45284748199327 136.20186899986805 211.88932007912044 75.04078303351116 404.9371726735284 210.68423946295795 368.78414051316787 115.94440095451424 304.1846649643644 
550.0408457152259 203.09536273555392 135.8283177151899 615.9116034868867 296.9538869693844 572.1241028095213 429.18058146844595 461.73814821243064 601.0132413485741 590.0713161837799 
518.4100505766648 242.56923843085247 246.76271129524233 39.05211580769341 60.475446183676446 518.3283857408784 386.37270119819715 474.3851055740148 121.81265747014632 164.38834669853563 
41.783122954131095 526.500210204701 361.4041456000977 182.0422512341024 191.1602916523011 251.8091018385856 411.83425883866846 490.3590155226915 204.51145063646754 134.88161055912647 
98.17400533548 576.7668344659709 543.3008892984533 294.2720984215992 484.5393329821843 33.70840812655183 588.911181098718 194.3395194940808 88.16629743567508 558.7116928021993 
414.79339340959916 515.4048638396496 550.8472884149357 345.2199428401034 467.15006936786517 584.589685602401 207.57169089266213 141.52478470453536 468.9946232258581 519.6796500531715 
342.2148964797751 205.1460849277784 212.43095385822173 588.3566254139814 470.11953783262976 530.002250639644 253.99704755359278 35.14326772813554 537.4123651723684 73.71497017462461 
77.91628981163382 178.4036737688245 476.9008746746865 462.39179552353085 442.10020810095307 529.7440368421193 310.3932016967756 600.2306948280673 571.7465038790883 238.15681342197811 
537.285124849157 561.2899543334552 215.37591254581807 511.2524293504727 299.2578950448483 290.7674730609381 528.151968678047 215.92210059607828 560.9306416562611 393.13304866234677 
297.327094518122 410.77547990850115 496.3112263744627 434.4574429087025 374.6589236609379 112.69704857971308 20.888970565771572 536.2819370337454 530.6406400099054 549.8648886537414 
559.2134619964462 188.37225032098627 95.38897125589033 503.5755804513013 487.80277284312047 357.7004025150643 101.03369294511997 291.219017214009 443.22513839755396 120.99839791635839 
590.4523583860857 292.7468772639155 235.197638489722 198.22744137973658 107.19391823646122 472.9784694871782 454.5457656349254 114.30636291071646 331.4351193636475 302.08782217770965 
415.8675694504407 466.44319800838264 376.8133959937998 426.6155298839474 424.7461495886805 324.4134082233543 212.97983428890907 393.34937581607875 309.3542180248251 341.1287114318926 
428.71633016849273 78.41729363069689 106.2945431790288 100.84017169732904 100.46019518004006 23.93651180663548 540.5199028338474 582.3193349356213 81.08047775625988 234.56259195045448 
489.17649690778893 564.3610468451742 573.7493038371091 136.2820835459189 169.21432634622843 550.9519762461935 605.7523209103676 149.79264506674167 338.6085026016343 343.4482254798552 
567.0817774365038 80.81428691170751 551.035096782359 537.106082304996 128.65604902034485 479.67546538204306 253.84534542044562 369.3095586931603 205.00950539351678 72.51795585140002 
69.18196945919951 96.83833733591958 376.29616747194785 516.463988479157 148.08126694878297 29.520169126302246 134.4512407773804 481.0896237912385 437.40487463138254 497.6111233811816 
468.3539878982321 208.54801688204617 49.44477396758754 580.2477653588971 52.835914520039644 54.686274870451214 274.04556642563034 172.3147388348805 256.3778255781434 63.499837995388745 
323.08732983457713 517.0717433529408 332.33968582971016 577.267860996238 247.17327284809602 281.883406266723 308.5668816308877 434.7136548036302 414.36566472278145 604.3960436593437 
440.2167332795692 259.53361601203676 290.81381489317533 286.5049130737281 40.64897540896817 491.63872651152224 613.1179505863762 263.4557062724949 455.22386256750065 163.45205522036102 
592.2726551996689 25.424139769767322 292.8519438056072 173.60626829998188 539.033648628839 618.9172527729593 580.1387834253997 560.3847630782218 50.55164826652956 205.3402658065666 
452.9688728794423 27.25014148970842 48.117132091436474 104.07273929611334 150.37214061465463 122.80393777269512 305.85955034272234 397.39770210000233 25.516987452910605 427.52118659106316 
460.245070950999 324.62762784821706 38.67342864790986 49.60365244350025 40.21622193597281 242.77086202040064 146.990355146513 482.29545405006735 407.81753829384854 281.08239103330226 
355.9304013168008 225.00488222641874 249.15067046189867 566.8425875625568 547.206328853038 520.5760599992698 405.50290542110275 249.70780101704543 348.0625348192071 311.05431052860257 
384.49277657133285 501.97637821697094 56.7457142406981 64.28885923846222 241.07644074873912 22.11406813051489 189.00798569247934 73.71682065845265 68.2587801517598 518.8823644277713 
360.4867293404057 583.6718594493213 287.35269743903535 203.41365477020585 169.80444141364143 442.5617935094757 77.6306019987868 266.5769854041901 97.23268022126535 136.2583453515382 
435.21164953025334 268.97789423446534 583.7636714415919 204.0431621242862 501.02871058500796 520.9365277477833 605.4333840467211 589.4537798556614 547.7185184500363 279.78732061899296 
207.7398368158302 28.373147142831684 565.2790033128371 541.8443058483267 215.00036186310166 126.70654032718107 335.33744637471153 556.3757142417636 279.49156278205834 329.989784893551 
433.87322392403644 138.93158686639944 185.21576982812314 137.27219938921257 152.23885103161152 211.36805482235414 471.13772527082443 461.6182704792062 476.32322451997754 145.912372061363 
388.73513593457653 389.57176600617464 613.7005379403329 240.61199349536426 358.7070451065249 141.92592363240908 108.6089872560147 403.5118422397588 41.683674241432115 188.14357839442812 
134.60260138537336 72.90325940033114 87.7813692473587 416.7709695658226 104.72034759544395 350.9885612014371 179.84661917684969 414.18890687440125 289.01599342074087 478.3047460382796 
535.2327418742462 254.04511246529404 279.2925219410579 126.25044165376751 380.9530390009421 149.71142312639563 90.88497101290696 535.0593533908315 267.054207214185 472.10976304512167 
41.33529212280243 74.56449594567228 233.05361569626356 185.25033468439685 495.8031396901587 355.09653662804067 392.28441115326507 301.8261302718277 319.0561015513901 165.86025986277323 
448.9919934250192 511.2072606638106 223.88342003377863 268.132717867148 213.02582729576184 82.17894926867073 555.7767098803513 220.62701912375465 326.9700487105156 492.7669157783507 
603.7215659721395 364.3653240537914 170.556924864036 189.49398398169745 76.94374145264882 44.404825166897815 257.206738126029 228.41149982806738 537.453623798021 95.76065213134898 
387.5378626968461 100.24941636604206 528.2329174254842 370.8691348238971 574.6908587672183 392.02885971373837 486.907005573717 35.9354765617947 506.31017873264994 287.4807599942566 
84.74706545060991 113.50932869081419 58.02745775752901 258.6144016258853 180.8453870303091 98.63232320214605 523.2899608878336 50.779704888373075 131.30786667701406 425.9009159711917 
374.3780025452977 213.56673999736608 543.3073182023936 514.788655405662 519.4550491827167 579.88661194375 113.84133560562728 270.5714749651569 570.4943343442987 45.57706980850148 
543.0385780907043 468.1996638937558 186.9257103217893 351.8768312882903 61.8570730291882 596.4604499039225 509.8463466032045 523.1123650627458 64.01835828924641 89.77482580151091 
251.6392988182406 561.9407059962306 282.0212965276159 24.972486734950476 355.84341979639703 154.49227379280094 97.0790833519653 110.38833571481264 92.11854256456319 487.75732821172784 
322.8235278194831 344.6247861850527 601.1496170064808 31.559758771004745 552.6200243611404 72.32310918575602 254.33356460794178 487.46212367816554 510.33717389805315 514.287977892762 
543.0926000653599 256.94550627573545 194.4147280492469 199.30867612106223 562.6577439484388 331.2080992702892 355.0736756164514 475.0208866488858 305.16634224980305 254.92608950278847 
194.5120871306993 25.15275393713177 126.91724995708675 366.32084740648816 129.9305947608837 70.49896275747756 104.62753471348302 265.87585532928483 209.23122618706276 80.96659435904922 
145.5343442912038 416.047392277841 519.2333132764724 576.0365329794175 66.185780532807 124.312592544642 476.25017181329355 340.98409045249514 204.76447265867412 311.8986409654628 
38.870527929992505 136.20274241850035 281.78757189618847 420.536923434077 32.78812374072604 526.9745678926424 374.027052553877 559.5857389594935 127.52353593915976 211.0312722866493 
216.49388503387283 345.8655036512614 354.8816979757199 171.2494526950167 397.33002402049095 438.5500395070844 208.98918192836766 530.8238469593015 160.45171922374507 321.4578381551487 
317.7546993894801 538.2625248356777 480.7881947336103 435.08689689575556 425.59669419864076 259.54738279946804 226.959199893511 110.7370216650101 177.2818305607507 304.80411091824163 
376.23527658316306 309.0632344982921 342.71804821358575 266.825015678933 196.62456321398346 515.4041130610366 472.54596583246763 298.7888180267411 60.92968975455149 294.2287668797736 
524.3723356286162 208.5207702681275 507.6188120771027 555.0462554892151 349.489370561982 196.63721556602226 513.3541477175602 332.1210771324138 79.92369629896231 315.9180722603546 
492.02218203948814 30.338644988492597 405.6585302887267 79.25114769494701 85.10894712761055 39.56434827253182 81.8730948984134 393.4919291867807 158.26431441351096 569.840110711762 
156.0427641629117 546.5827702297147 568.8990207538902 309.76194986533477 554.7438214493857 525.2749184029906 419.658149916931 60.38258837262065 20.006600283507673 490.79748636088965 
462.6147936674907 246.9826608304389 335.0606934125756 189.81687048839902 269.027708283989 561.0542589301322 329.3159531786513 28.03047273009858 329.5066862273638 534.8407474752004 
102.42312473908646 283.7384045207089 199.4294096211285 600.7763927447272 57.25789332210117 488.7370506762526 154.45346502977023 338.1696866494833 481.67182495656624 553.8780693562597 
170.96736219044337 359.4740735488301 368.85437972465667 566.6367551297997 396.3242764183333 38.4897888317197 316.14931157363884 538.033363607513 223.70222770054292 232.84060106653516 
92.16954879884014 326.2512129137158 436.4344832541014 503.0693322259561 212.0541240439196 114.29540632991029 436.65394573678054 280.6955946340728 210.7109037136652 169.03569187043502 
123.0952110683051 387.5797756041269 253.88891363320198 558.9774506430823 532.8981429872616 258.9369364018671 276.9241226075458 458.10445045482294 512.2566527716408 172.34433910816665 
591.0021007357775 413.1370748835204 30.75635690473129 535.0863976559905 246.781731528504 301.5498743821455 504.2451274497312 32.18070850083272 395.22339021253333 257.692145166026 
441.0799173421505 587.429095780511 235.46546775809173 594.355261750237 476.5939334779 239.8372057240305 289.5930419328142 497.13054488358847 210.62768732763644 187.74658963575544 
294.14236481146554 218.90143992014734 612.9678305523692 203.02285938843133 148.1848920497014 251.81365773464827 111.53743499100071 567.6438234588575 507.8346976944113 104.06712027795578 
228.18143226982738 35.03117402870766 367.02302219069554 58.87351934112504 176.89110039243874 468.46973600231127 514.3835336074648 442.92296852600634 189.31120974202884 158.9576741203067 
306.09234031435716 281.703874385674 482.37365774003035 574.8317271355078 544.5061518476799 369.0194396773995 332.90132529249087 445.511128980448 202.44276477886808 328.0448129327409 
74.02585462799752 431.7037807435793 82.94714068306598 391.2684001054803 578.263184476584 384.4186865411104 254.3872753730659 176.66129438745207 342.0905913672573 145.12832886016963 
450.72327401770474 87.41845171170453 36.86877348023732 589.4245538957915 176.7936212035804 312.615348985966 540.9531594553388 566.5119956149299 208.46216337720128 356.1240163264122 
417.83767013855123 536.8825598961674 127.46983295956613 371.13199705042325 155.17514696068483 460.51490360100655 480.8345913371511 327.6081848128555 229.51789397720748 37.94244333645851 
304.6434993218971 390.059051411382 611.6221583428345 556.5338958200408 102.08065603472663 32.91931746343731 477.16044775517906 544.3298801365484 115.53469575811356 170.92052136579443 
37.68518330559652 383.7794452169149 82.62963288606764 131.781400158508 556.6876622674506 587.7202718755952 216.02279369088822 48.56382827689594 565.5958605523748 189.9462562745927 
296.8136205647013 199.0380534697083 244.55517900485896 52.70623756161029 521.4069667557284 369.40082834565834 282.8353637523938 443.47767936845923 91.67487736367477 69.69050316189534 
283.70787018439387 383.35892039570876 488.26036285547565 578.2424682102221 128.63708406141222 419.4239155284198 116.86699546289894 342.5290516477704 65.62929828895616 423.3830424758108 
167.3781789400672 613.7272745389835 236.5831047265751 368.8938730279571 275.6497119360241 542.3585108410898 508.4850772147888 189.86561356247446 527.8193926423967 112.3435837400201 
423.2943560166956 372.1008501437341 96.9775666032227 40.81723431024163 431.3599517422989 280.61853977602334 352.0422088848058 521.0454983758116 323.2145622366759 375.0018965642458 
28.682303911865596 235.7899856606511 524.5885372157426 215.11485059301907 202.13338685909517 218.4625836942981 69.48789588944848 509.5310099097131 351.74891602708055 489.4145224466097 
216.17995636023437 209.01872742636377 557.1311925701958 344.7033802722021 20.930486506932372 197.42603772311577 415.68560876413864 124.68194478635876 334.3361005448327 82.30932931868298 
421.4421155243048 39.75256736771978 435.09552934014937 537.6493162248034 294.98733720514883 180.63078632868707 466.0637077166793 400.9982682274935 304.3514613201891 590.4619781482625 
187.43225765905325 77.4020592417294 366.6932641575808 426.13483415999605 311.8801988916661 152.44092612713564 270.627502748928 186.13528350896237 236.53864008127124 466.73256436653344 
309.0378151191863 332.28476258845296 536.6131703836147 254.2414574652774 562.2195246782193 582.706474122047 135.50775375592852 96.73806200288583 221.19556667778082 103.36343328373425 
416.29376975973656 596.7515976733956 291.0495973183597 175.5120647211585 489.368070331016 21.360390581377892 564.119910231359 266.4150182345536 381.1437185939109 519.1631659725261 
502.89799293328167 180.65707873514822 258.61728366538944 262.77542195003406 22.475361388438735 119.40783376526446 154.65617424275808 619.1943474109011 512.382518687896 224.9747730382095 
608.8501039684935 600.3761877656162 587.6637430364029 137.99088114118908 588.7702026567446 196.36974072242842 409.0314661183996 444.58003576112526 606.479593684716 143.34979182233724 
361.9440051493738 240.84430386904674 495.1391796210505 228.89412283218155 434.4503605098327 192.01671197348526 60.552416161287375 186.8480502034554 183.64589144199368 213.6233638314781 
172.49277620937843 184.11997918273167 530.5825057105353 251.99847725726278 210.6577244084745 451.7519352516733 373.4772964069197 191.49632517597095 530.0928279640416 362.60876858888344 
359.0631679213118 465.74360338857593 160.92991793983515 408.0297026589328 501.92537979125734 300.2760984366939 507.28287769595966 475.78603437952324 91.66761750637232 263.9034060212577 
160.14499500128395 581.6887776715312 77.75144298228136 356.1454616049537 289.1314500190909 157.190017609757 471.85284554176866 608.0844861309471 27.910808643006217 545.3214585250844 
457.57957177279235 523.9762917720673 418.1691783187052 507.3143668996684 47.393102622820706 440.9646445202933 226.95093606157556 492.24427170645026 476.5789605694911 234.24231113598077 
102.21954722503682 372.0443145805797 74.10910346834012 545.0026794916462 481.4824339035269 94.23114444549958 500.24010132865135 458.52568264776363 418.32350540217135 254.68673489121105 
590.6910448431479 109.74175029250111 441.6872068391333 342.84032738151046 197.24461817202373 43.61742400553606 112.7577385457954 361.5938830580651 564.6153786843566 107.70669525400274 
294.2772531569403 274.33501823035357 533.428868382375 204.21142094876475 497.14677693339445 281.38101642570916 609.1552644354958 578.8949335835965 419.15356833198905 278.19780715187414 
86.8413768338884 74.19230360347561 540.6687363612227 597.7375623608316 171.4848212878855 523.8612145623795 392.15880044504246 289.238760533188 383.89390269174913 416.51703835689096 
458.35494727790183 135.8322486724672 291.8771937403031 105.3960576849587 33.923760270827714 363.29740693844474 156.60635742798473 191.69027549462464 295.48321730479137 542.3117986873891 
233.99619354848141 58.79798655982833 404.8075580475275 336.5383346524147 420.94538192858 84.83342130799743 408.06493724950417 498.89351731609713 286.28188016265403 410.73950739643504 
245.93152338971453 68.34063774636306 276.2567302133634 91.34747490460695 539.4258294468915 269.55155800302936 234.429798021201 606.7268007864925 166.30694857786244 567.7810184412311 
525.7914642390128 461.169652073895 192.88057535595848 81.29692867552549 404.9639109335323 147.15318489407272 476.0564719401518 303.7107290524078 418.3256960346271 301.6237202117899 
600.5010765435528 438.5512858653749 179.90343471788182 31.94636346552094 165.7292667294602 198.42623281668583 410.8743286750488 138.86405771546814 187.9785502205017 471.1144767698128 
282.52328646206854 513.8093916039675 331.7100220844904 204.9335880717504 452.49837140884244 337.9135227848554 35.57930286800355 615.7258158409207 134.20834263220215 260.0553458973925 
347.7215864349362 367.8065870806394 89.20605692869597 481.29506457564054 435.1943205350755 331.2190735516885 182.40143897410877 223.03581065895088 282.42139405008913 67.63871655640028 
89.94777419528981 606.2570007078809 243.4825640483467 147.27133380093113 499.6451256185215 519.1631668685147 263.0917239047199 549.0887476619644 493.704597767564 400.59218911796535 
531.1080540708151 546.7454383251131 153.71715503829392 216.52643794627082 85.42351817098427 232.52017453230798 177.67075785620702 257.05078579989765 228.07064319155842 381.62630868972417 
48.85970732798533 331.1010902193801 569.3941760787496 509.2343806194944 46.52968006145302 286.346932652725 265.1305957458019 522.5509893980136 538.1024556238295 131.55247962765964 
361.238934224037 120.29750156815913 542.8239211306169 588.7590043951966 311.32691725081577 441.9324165874323 106.67922579492739 252.63304748630026 481.51605237264573 618.9611232022364 
378.4187459255108 84.32375876447665 407.5893932245077 30.676898902734912 226.53859462248727 317.173332360847 119.26578240722151 416.67664922003894 387.0595467654193 201.62417095184222 
596.4443686791465 348.4954759486355 481.94803754680595 366.66664159224644 172.2629997183602 512.7034950598813 198.02293080204618 525.1710014491975 47.81438898962567 607.808908452853 
466.1919791395098 400.44752999345985 433.36369820542416 607.3109514740578 30.861596125838034 501.3781733023269 180.91143838571153 91.2464387203477 349.3635808981677 123.46402760311182 
322.94515666209185 298.5738385105771 111.24295637055144 303.131820190088 82.22403087813288 502.7383526711878 417.25011884177997 402.6436209665229 467.43982572047315 262.7619811950941 
407.8815361678033 552.9531707324327 119.59803291910691 52.2022406440307 481.31237559023606 131.85292088890156 23.963082875284417 118.32326104387863 390.56507933707724 604.7551215057624 
252.41116862346937 573.8230419018424 59.757514956288006 205.45117312288733 251.0346365410159 473.4605965653418 309.27440110362386 484.1925658208406 537.8414176567812 377.92680578462557 
229.70591737731303 500.4374644689493 225.39369984149602 457.3025711181727 94.39705139947999 187.60650955570352 533.2289973363758 136.44823656438365 250.45164091073863 367.191673462473 
604.9079564835939 34.66781988479495 378.0346596075055 239.5618891069476 294.5322105772923 501.9919638877921 57.81665531462597 528.8092058806687 137.57622483774617 204.42321619327836 
536.4040456850555 208.97920321810517 270.87698533951084 160.48756115831904 529.5988894465468 89.02945695477527 216.6249051619251 181.4357543696929 53.33213790042369 283.8598022229142 
395.20022627589304 617.4383699723219 22.113908696471324 348.75804052069213 381.6981339731271 262.1182229982212 504.84456754195406 204.60501798776517 470.9868131779406 617.7639652062334 
77.83046832282655 131.1827001714226 66.14176626578688 473.56856577101695 64.84801659574401 55.92898703182969 355.10049208852985 299.2364708612085 204.09975940744243 315.4831125177001 
290.3810380556217 106.30311321209167 31.906403328556014 217.3652607021859 236.70835956828452 379.51061490652336 22.978369781127977 479.134274102761 201.3919941855237 230.5834036432842 
277.11071355096016 172.36711746732178 112.29918598474383 276.74744712580355 92.14508061928227 548.8037893659983 158.2666948045469 496.3368929056514 113.04260720080879 76.00168014702926 
556.7955465318893 263.8319032503661 496.91131542325843 559.8427690828507 263.87211558336827 116.67132484851544 83.83184942087574 581.2377442013728 290.7595230515666 156.18408573957106 
513.3254157310661 24.370585150089568 42.60288024702359 334.9829190483592 176.3073828463773 23.827393074655383 443.69236557710997 233.16430144131903 242.37063179870378 207.95334313570203 
164.22766896272415 275.65825505816406 152.24219756456733 65.78130671706491 213.4277336195575 493.0718158995585 315.25691318873896 614.876086004418 513.8293785786778 278.3699113017195 
501.69201215745215 297.4378661020159 421.6187720063158 341.73738242333263 569.8062981004618 182.0087513706199 307.839146472622 415.965898846039 117.42758254334147 98.12601350604784 
265.3189542170469 214.70955932841 397.93228142122024 481.2659135710764 556.1639027339428 495.9528229966569 590.4608487236093 255.4218104367547 164.65661722085605 33.03470359278968 
464.2127546972382 430.660225620879 170.4079290066538 45.572732482672045 26.66482555734891 442.9987960267555 206.60325487000574 192.63073480339835 95.55674601168248 213.94964598920262 
418.1879903694446 380.4738305751223 84.48721521217942 57.07209671987557 484.83561902398765 587.2547275085051 241.964937418235 308.87840102105577 23.542259299867666 56.974846973015744 
133.75773682085696 311.43624701640243 35.69147194176048 365.0641308101806 308.38391969703804 124.01173217885442 413.43300937092283 207.9232179785128 435.5893387465786 91.09677045124847 
70.2192358113126 518.7718342438679 557.654171021965 144.16432528580577 410.34310103178 262.1469810839455 243.37298500294241 264.49556103815536 402.32122202181694 609.3949056014814 
184.55182659444296 84.4225067077217 470.9660672476617 547.5003973817164 124.86632428260086 554.329926599142 172.99071286962726 123.5971929230096 360.92414536651177 552.7602914098802 
570.9901432157087 77.50340461509285 405.3760493696281 66.96547726347765 170.64278393940748 564.6254911432867 551.9187856118281 121.24901913838211 435.9759227620949 21.57472652630657 
232.03403187221932 580.4426669112012 447.538889512135 176.83970701771935 403.30679546729914 105.86087823934199 618.3277442384043 558.8588575490322 559.1671920425878 291.0771887268627 
132.30509924126994 203.83652611830257 299.89934973778486 554.8660712467556 520.3589534387654 415.6465786284184 554.7610902730138 518.6540326385085 338.5442319662499 180.1669976423226 
295.05826425630613 345.8238234047175 263.45079766858385 586.3895093180363 328.0173609674515 470.21533428201053 269.5416318534528 556.6478090459801 111.300247566625 491.1670866024951 
103.30509848636878 538.3081731229888 78.00476974162441 162.44195737621334 619.0647433268219 359.26629073606773 511.99487651715145 152.38098789629004 91.29073441109095 399.5939113653073 
163.4041398207683 402.6288586827287 168.25639091083607 381.6792268156261 344.1563449400077 62.77507179151878 281.8837681921846 431.2045695757108 593.3469375286501 128.25417743585118 
278.62188468523186 211.30536012486806 352.3290077669934 458.84926028969085 586.2014466299581 482.25387147511407 239.3476912114467 405.1420358315477 181.10979488928456 189.01169439538336 
263.5665641202579 420.25356199232294 571.6298091958613 328.99459230458825 268.3300245494173 384.2191980970181 161.2865253157509 202.39350858100542 243.5050894840531 118.34155261363063 
107.54519602525134 597.3954555078557 96.74665741388557 516.8653333309701 340.6046363206403 412.6481057170823 423.529805198858 273.3175687874692 557.1294094134993 369.31176617736213 
565.7929227643508 128.85719950934177 153.76487721568145 615.0424348889495 599.035509281952 319.9776911644454 215.2786137520545 172.24986620054577 237.71418850603348 452.9063954989511 
22.172039802191385 332.97425997417673 398.78090550290153 382.044458684672 492.60607672248074 452.7252546441105 113.20695632009001 219.79101635520064 123.48445870276173 545.6272461974997 
225.33654014131415 155.09535425929977 345.53855952348204 33.214467253618835 269.91375816590073 308.0809570939791 157.25737753783224 149.21976333276353 266.62657441463 398.08497692420815 
252.50653047450785 252.70079106432627 122.01176551881463 352.45703928134725 406.67997978147423 51.84734743734676 278.5642986986314 133.4610479873512 436.2281170593152 90.81361295758224 
200.89517839857368 210.6238039788148 196.40619605509428 201.91904016613717 438.78133936684117 55.87410364826198 232.08670253217468 575.5616212098652 356.9513360738905 588.8161632691883 
46.47931915149564 50.187377677292226 571.4506878889109 449.48098584842484 102.60249342214945 174.65966780947426 82.43054497282904 125.89968237522318 22.350207742228093 345.37221241406735 
443.2034404292909 513.8420553565934 597.9976064302629 70.44945694376565 55.4098249646656 36.064720358846564 580.9894587478373 563.3781844784289 230.1393060607093 598.4121047373129 
362.8550189363795 418.41392107613507 404.8501403894391 410.11425505736446 213.09313262861502 70.10606164352194 255.93082547793347 445.62517236832184 88.87128923848212 489.28538743075836 
196.7476031031615 475.3454414304863 381.3823936940693 317.85772001722546 301.0214209112177 342.57291329001106 113.70298840981795 594.7474946519553 241.37834802534812 114.02503295826779 
54.996730154984924 575.3349665224731 582.9170671330652 81.27688004445866 365.90683036286805 96.73083728643432 521.6371214220045 540.45837551733 539.9811160162938 91.23201096935779 
507.57187413094766 227.55447657557949 555.9736834044221 200.30233361806998 342.4696758013827 236.65231795217704 505.8667080090531 391.4218246474848 291.86726405124887 598.4786433049165 
313.45619953120723 430.1484554360127 301.3988775451948 246.5717845317581 108.34550224462645 209.7360769845358 357.1850240463782 448.4313762010877 170.1902715724412 490.65208280766757 
380.1445943305059 528.9901299906765 108.03860637424224 152.33899448786778 594.0740338593797 63.75089655860347 89.61023324269348 609.5631582001274 457.3373310498701 268.933183277732 
485.35830159751833 595.6948424558067 398.0107173198665 465.9726100668571 42.15775293122104 65.26309077622956 542.3255650558767 47.71715435538393 51.46382746472483 318.129257446402 
376.25340997626165 323.6639132838134 526.7845598085778 197.62295109837015 430.07688354811927 171.58018500306136 355.3110012314959 364.98417569378637 25.79020029985673 572.8525390603612 
338.54887261039664 202.45529977788485 277.1728918101486 258.90769114581985 386.7954884817065 247.3667106296595 82.38080325423445 246.04885665772582 282.30557133147676 409.55992276124454 
598.8977805377009 386.05146541590494 375.98985465861756 574.4916799965577 240.69201472486887 609.8618181039059 532.4901163005286 144.3631737397266 187.42072660178735 491.74253547687397 
588.4744198560305 419.61777808255914 345.52694797458213 511.20864466644815 338.99629957219025 73.15118743311498 51.07204231002561 140.0977289364442 216.76176040725935 519.5777372942501 
554.1480297731129 32.11833837818153 379.1475917078571 331.89669999687595 474.71298822959534 142.22001190329303 267.8150584375958 607.9020454441605 169.69377855254115 153.12888003510923 
255.7624102807514 138.67979394754224 501.1994417967961 336.3926056581581 546.6601965622556 181.53644674043395 245.6892796519487 525.2782075437756 441.31299271050017 389.70225915227 
133.93925631031973 426.866814384013 36.09144126761315 601.1532756525672 61.65044258793438 450.68887180009483 568.1781192963803 538.8957174040638 160.54339524485437 581.2436041884521 
372.47117542160646 425.0564761317201 369.7820001178494 371.7465891467119 364.9895210463423 261.1235865785909 497.5707837704929 286.4489915328143 117.62306747558492 476.6803285373396 
512.7692178033144 568.8724355990385 539.0720930012177 198.9767010883043 356.3669445331703 563.3030667244609 526.8192093290577 345.68207649507667 512.6634705362092 366.88875883588594 
304.97782811749147 293.16273615536835 529.9963685222986 239.68289834136343 312.8608875812128 422.62810052847584 30.861413335887992 549.9789554761921 259.1134672382913 196.4893152039816 
301.26864337734054 382.2790816605433 106.25318933488582 167.27400056265452 499.17801910886743 285.2409303575585 100.46198585199957 271.44096577498726 71.85833466297387 386.94610543394543 
111.47324138729942 110.4384129563861 522.013326908796 254.83427804973266 497.39772541350777 471.3497675005779 412.5185709390152 427.64643419373596 259.332355498826 89.47045030387773 
449.61292304844665 296.7212804803527 400.59537039379046 405.15972343153237 234.38844438381045 363.98833737946103 155.4317623450377 617.3110456381893 222.422213178262 254.00162679563655 
302.0326324769995 285.78493965360474 381.3941599158685 207.35752340159632 324.71223366538635 485.14795516713446 386.53438251343727 132.84083310427638 340.08663743472925 62.06153719714321 
343.7438478771179 45.64243111999096 252.0973646207442 498.66457600385536 580.2321827903437 468.99254538881854 150.72418902103976 34.29330071028612 392.5162414434638 326.5533441400955 
119.23060129642698 447.88240454848597 591.62340737149 202.91442607119052 164.78563719698832 253.39103260329807 435.34301759696746 399.5352429903543 537.3061072280129 410.59739033075994 
87.37013943564354 163.47790586432166 451.3626054945242 203.60579594832757 93.18493129975288 416.2743817697188 575.9933214284624 89.40990368161594 312.5117866641533 460.27164444766345 
407.2693763540721 268.85575556194374 298.20169369580634 289.79862949841487 388.45523026828107 82.34857204365882 261.38176384267854 484.49873125905015 192.60815348287332 482.64686313961175 
112.71556304823226 212.1715627609209 332.46043814534295 587.087765873404 219.6180424253905 618.4677023988199 612.4279285428344 461.5872210392171 469.268786992763 30.78032305220087 
487.58899671124107 238.75887271610745 377.2673927180624 553.6772082433082 544.47720697774 222.49529011652865 131.77464129766736 183.2171896533608 268.5319524210281 181.35539074561692 
212.98334103178868 517.4944971706022 613.0504007548512 383.1017583283173 377.76237358409355 290.75494403265003 234.484679461574 472.73163166287384 149.3179803881334 308.4276215212416 
208.9280713051702 246.34520868392983 101.7157703749009 510.4159050724025 394.63390418122333 523.195278822224 379.1074157286376 39.99143284908958 155.410830437394 68.26152843078881 
239.50557545974542 545.6348631096839 109.73851489807068 267.6936977675258 162.95105373505885 493.16725470366714 520.4470288656582 609.4670281813803 413.9156031142286 215.51558645521453 
489.804179438592 571.5939231821333 297.7845450353634 377.4564072875341 474.8541652958464 270.2354095625285 101.26255958415187 82.68120884460464 587.8515781816565 170.05642507076635 
56.54661572393398 400.5273649416501 496.6341635919595 309.16834445849423 419.1097471784656 39.71831453761923 289.7785342398627 241.00272122849458 298.93947080125963 46.45676550578282 
21.38219168711671 445.45994747984383 235.07438722035695 354.2147523579116 600.3157859683441 111.6765364834923 453.2831137499317 562.5641061510754 438.7894111594942 144.75487790753522 
96.72877196285111 72.39129043193392 425.07653144114477 598.7989691594482 469.4633095556955 54.84021956208814 535.2394205447389 488.6002812185946 482.5950711253392 281.3268746985622 
348.699794069 282.3171238454776 242.97336551714352 191.96947235378613 282.4984147365985 327.4914405532804 74.23404786088938 529.7777996434718 509.0874260742357 612.7467692670799 
410.0495555004655 217.94575277869794 72.49911859029726 217.5111336533868 349.4273667596077 107.59048280422735 67.73495992916219 352.10853399017435 613.9004692712 173.28218960971645 
498.21850813970264 40.56285173387917 596.4537665792991 283.70811573733783 376.156133414375 48.45797523433653 342.0299516268626 424.8146066688912 580.6491808474826 208.19767018148875 
449.458860774964 602.7709634595074 138.40125369985196 44.009337510956925 234.65382355542775 204.09874429464907 141.86461181671774 149.03490072036877 44.918847459079956 340.3104598845818 
269.6691814017779 116.85310390433008 564.2104524748927 254.40120751431024 24.178059035504344 379.77651163376663 499.19780245723393 616.5371037265355 151.01321624704266 456.2672639997554 
185.96494356615415 286.2842347992127 455.39522047256196 59.8152489864878 207.1988639131469 268.721953702826 580.1406116541629 71.62233869178255 459.7071712462697 541.7840862367708 
260.16073690115917 529.4365974289493 462.1090715146235 182.17205831423917 518.3058925742137 134.88013952086135 42.54349431990927 567.1833595735042 217.39830352289565 131.61437047645063 
296.238007861925 179.7995028064956 533.2979363586343 556.6863653564069 52.782311271191624 294.3768452087293 63.844663082591026 417.4001761328219 42.95013916055289 170.28426553859478 
38.520758539380736 296.05680843851536 104.91321876744016 130.8313269406151 243.67725248651254 34.906520929985746 119.69099381924158 454.83079882127925 28.168088458041712 503.6574156474877 
515.680090769594 358.13903789195825 304.23566832683207 601.8837535491095 132.10696884678768 292.5183744587542 208.49166768869483 598.6780753610622 181.24779661732597 139.16482973020857 
237.83682167220977 261.8906736797617 399.25901885757315 424.2451984640102 425.16333830972707 179.3001433103972 25.462696669667565 33.78718482184489 269.6839117646068 424.0589804606583 
199.92999075731743 255.26621895182785 86.73081820660778 466.7576850830661 319.2068931493984 523.232923799607 591.8690711008311 186.4513950991103 240.0257248084663 196.3247300274756 
84.16725728292954 182.99256491316336 570.8462138394598 443.00565771641493 143.46982942031195 343.013596249971 41.06998913044149 463.37771355657276 306.51459693145887 561.9031706521513 
487.7720135680085 424.4080071377177 136.73928484039487 474.1198563953746 149.79305540977208 235.9149411678594 252.6205941843972 594.1870029082122 509.03659231643815 244.6576015833164 
29.39004025368535 220.71243733979395 468.81409016369355 473.87180519643425 38.96964912365253 205.77689142564512 409.0824847602214 585.5967565006492 42.97190945778902 242.0347492907671 
408.4172855612925 493.1359277412932 303.6073148517138 269.8710577513735 472.56549160247283 500.99595740964173 327.34332596222407 156.9582779956398 559.4216985097588 599.6474360784587 
106.15869118880669 352.5568856077673 140.27136776361212 492.45106628250176 71.23655729051752 368.9032039384024 187.1449008237566 282.0931860616473 323.9404294050789 492.0284749677011 
426.12634177071493 93.87430827298982 458.91655937459575 274.3528342960266 446.46036448199277 63.19444624250368 244.16653127209878 111.39787701383486 205.30139929132486 464.57896279924125 
372.93380631759686 354.96173589559373 417.948568559938 109.58862832603671 252.2479916074991 365.10015750361447 473.4102101123216 290.9578528574561 142.97059931643707 53.2576630495292 
65.14183230904764 100.30453198980238 116.18599374012223 618.8921678405857 76.80095337370092 296.7555476298386 440.78130624931435 131.9371863916278 212.86302190397979 53.8314840464442 
367.0590557566708 163.44506408515701 613.9417415439282 461.93435438270694 221.22627711829423 216.75512553188275 446.6578671072558 613.7821618432188 475.6038011944339 61.53057837515925 
407.89994265020266 450.1339700146727 609.3995649870793 223.00768271210578 33.321080076344096 93.14921265721397 124.88954640506876 28.80110981142852 49.91511913168905 544.7250381240476 
33.85031383316333 565.609317695473 362.5162718428178 577.1555394461602 279.08659283072643 248.16341576134135 614.0657934220865 393.45632102283685 105.89797871725975 252.76350247079648 
209.48952788278805 584.6984809425968 148.32826442566108 617.7462030936431 243.02996426561464 61.69561633741854 345.04124862990176 363.2270115546977 318.8767903001077 388.3875418745746 
549.66679304133 132.46138241610666 204.93934247397831 94.26457465810408 50.46074801113594 607.1681368119897 209.60504215199822 493.1760890552885 164.12277908373952 299.15908813403274 
321.32732847605047 285.86710978354154 418.6154230659943 70.61856304371533 100.88705698863588 173.58662442133448 589.8285806005526 285.3765135034251 266.1708076561985 460.1115759035487 
606.9327961600277 43.51907868642684 459.3101651118821 569.5299166515372 91.26535810671206 301.68034163176975 436.0255891376659 557.1268413604774 43.59284242573918 231.35889363494167 
67.01852246309599 40.71779914136904 344.5938511444982 317.60312558393946 291.2556981173825 329.7719058315896 83.40571656768657 50.40888158330639 110.98926211964076 79.66980867654621 
79.07896257394596 411.173255495006 468.3563831714048 148.43941408996474 509.7831734040587 506.5484026671467 193.40238981928303 483.3135262250033 514.6081014197873 52.03877644051347 
563.3707982978501 214.45288305965684 182.80374025925565 357.6860238021361 363.1043743386552 283.17860643619997 95.30314569412135 218.18485589853677 86.40057874439596 282.0575929912683 
333.3716635592146 59.77389084942293 468.16555342518495 534.1846970134384 419.22638729302736 246.24513773198746 487.2100379290917 189.0054333305833 603.4696162184357 596.4158822481202 
129.5312345830872 262.02298420863514 264.17998063984913 515.4067368220083 151.924195560859 295.7332338936859 132.50508088208986 492.0695396445072 235.766584590733 269.1315566645295 
209.59930187684847 464.9090129332549 70.8204983788789 333.13510437931666 389.75059230749025 308.84168164063 258.89519599068785 99.26446690492142 154.53999955815993 45.136092518626626 
77.21432738818295 558.9282860098034 452.87762877855545 526.8778303024008 91.33156748088089 460.65462905373755 231.75883072136162 102.3032055186703 357.43828712109917 122.61294892435546 
32.584335837546945 308.34536549057907 103.90711822729602 607.7703247951614 617.8881795196504 196.73660916789382 131.91511152166353 139.0256358113815 343.3169348125843 445.0104472477694 
324.9901428998837 581.6656528509516 539.7043791140268 154.7474877282931 407.3245217291248 370.4864814199331 120.08490107755776 589.4086123641193 240.69937215556902 208.9245062325527 
376.4897965923536 254.09938558560782 299.86362895884054 617.5401587764431 281.36992545548276 69.6092641687885 116.2113754968161 559.1985377138794 558.4886317414587 343.0695626286111 
429.6012535194795 518.2906102212858 138.1285917100715 187.5737381524543 538.1617036877395 361.3386173161061 561.4564430833236 593.1039187539142 485.9258693938864 456.32954091341884 
448.8888014179595 501.10726081558823 478.13972155392855 278.12030483521863 97.30353975616033 585.0659300607729 264.08739343067845 277.2585809257906 420.93998645472266 189.4046095175232 
177.27726080608764 339.5628233222695 400.8319307863376 29.079011120260837 272.8326626843821 313.80530815649183 357.61699733597584 602.1894599152666 151.93095430669425 434.8419939622148 
512.5662474935541 217.9629157565356 413.13466695933374 219.53291300858288 51.67782387574578 292.44761321703965 220.45843506395602 562.7967702531178 257.67821434616565 514.263706953618 
28.01559467187436 111.14370600427254 424.7750364034088 232.75385738138047 51.08810938042408 541.0296262955744 21.005030364882863 370.8775417568467 223.46354450934248 119.37631187125551 
313.0209609502389 315.1926187240078 330.8828841358738 73.60058908598835 618.1613526208013 585.268213054478 360.44300570387605 448.49666185991777 98.64658393521715 34.87239052139593 
55.79742352135795 77.31513386076512 562.7452081631965 487.2784616504757 417.9991560948571 444.3826635920042 487.7542891681164 57.03384473374835 441.82940461101026 166.60575920714268 
29.637427575382084 360.53491110699696 527.4558483398952 571.2027317250308 334.1642707076659 167.75181907234787 157.26426662223506 397.00730899588336 414.39511424869147 397.4469606326981 
377.7072976853959 396.6879156818893 409.3546975707209 508.23087095724713 176.0139232508602 367.2260903096599 388.73851905546616 87.79921133376968 591.6036724623903 85.99799548455583 
218.49569734766024 392.6947336414264 552.049075983037 179.80270243051595 152.1320222657419 140.93783262939883 373.4302699128906 304.18104948323884 162.5770022618212 409.8695001578325 
214.92537425304576 560.3686439416272 379.4585834478176 41.55051567413942 127.48055003802448 227.227043833812 346.629378372376 308.06045015268023 86.40329280690575 35.49662194744008 
364.7880840358014 539.0403311819241 347.72288888714587 561.7149832776519 534.0398513316953 163.82276547417547 218.16170392004688 269.1446751708981 461.2394150426373 570.4931831976811 
78.56102893618308 473.05389591513057 346.9606348198844 334.22593335098486 250.60530987193272 57.69400810974282 116.93626074478186 317.2391225671074 46.688400898808524 122.31755809544715 
612.8117482454443 492.7118416307993 492.7657434526553 483.5805854257213 207.0566453937544 495.0074172865896 564.0360621605749 111.67293707105719 156.87755169982765 448.5467583039715 
323.2964303788178 527.5204284521726 361.97627424700084 577.6752411524689 501.81444406099536 538.4024363533177 340.99688077115263 49.866958383763965 212.56120914835589 239.32880604497043 
591.5055750407547 454.61026234160136 35.64890355322197 557.5198409513364 248.3469555606626 270.3180830798268 465.81673068603993 367.3329755600011 305.220524841515 421.6069307575328 
261.8089227791272 552.9800474306442 214.32112201646058 379.28836090500766 587.4885707244327 546.3788181739981 428.8871773395206 405.416486494034 584.5311219626798 617.4825296178569 
203.500269122324 495.73548954981646 166.5410951534384 544.4312031458455 516.9800291650222 521.8707296491293 174.43600962569147 440.8685444216786 532.717971115434 225.60726346116647 
382.94107386809253 67.76803184451734 161.29402406167452 267.59955595996684 198.03847459628437 307.11210906268025 440.2195111952099 282.8560231213102 435.21507440703454 424.7681001244526 
195.6503960827243 245.3422716695768 518.3520511025155 499.9047005380255 200.9144782692138 194.0467606240843 589.1005683264345 548.2927119931403 396.69622216989404 122.85256692611146 
166.58688095523837 616.8337711984575 487.72322730876704 186.55906483274362 147.29085312738817 276.66097751568924 580.7977243480934 325.3973131174552 84.94151140099986 292.1549150346574 
479.0171362590541 360.38275859789013 240.2735796304067 393.2189603592717 597.0273528284004 561.849143908071 40.48835430138616 428.1578143130775 412.1524315159476 443.50730403141813 
338.2632021917347 324.5024648710682 116.24454720129643 284.37264563449634 210.15293627892044 435.1260514978675 483.09791724568095 430.90495348473377 184.22710589233705 396.99366385538946 
316.2703768858346 181.70444763213237 536.7868995963775 179.8904690641606 592.1564699665695 607.1076596422947 248.00540622920605 552.4714016470869 563.1557702620962 206.0269934462558 
556.3348029433464 342.9764750637235 35.780132989891555 52.37773131942443 401.52465823745104 21.955355765532452 588.5436409409717 433.43605998248046 596.0945388457591 284.3449323447524 
444.47909235187495 532.4722126126586 115.10517552983275 58.24378445792122 63.12462953932161 258.0020290670153 444.071595686151 317.72694882054947 266.8243688339009 472.00108822063777 
474.86216936011203 427.04520434871637 66.1867425924616 419.4249248277654 589.4271330422155 293.5522603330429 299.54426630405914 311.379140591958 521.200622773597 156.70369868190002 
151.25859803133025 364.28322136662246 334.0196244744914 190.47153244658006 163.71450038413366 347.371642184264 208.4039132559326 446.51798579613023 307.8465230934981 240.87630896423815 
275.04042986140263 615.4722905993509 427.0421817856037 357.2337084909975 85.31617046908616 433.6542970066368 319.2653482058262 27.66083786434799 458.7430067090037 512.5885993118477 
472.24352467455856 106.44349512008516 397.1184361297574 518.6529431944501 416.5629638939985 295.2807205905768 505.26592583832394 180.20461115176582 211.51518618821044 440.02910928446124 
508.1985142715006 349.52868186167234 528.5386630706716 102.19087773234467 204.5496065136882 296.9517127640962 547.099563438435 457.48922229338234 146.11457000508992 164.46478183477757 
227.85515694353077 123.8748478992797 283.34683806724183 256.1995138355701 477.94366802272964 71.3074948032417 366.65254383235236 393.10088843395516 273.24441206474967 515.6559891528857 
43.326994142363034 309.14056723474476 152.4518239117497 449.06075671335475 339.9772518733659 416.4145773497849 47.80721464453799 409.1025267253238 570.2740513146725 616.4688605608687 
567.3320769547123 239.12086571079456 457.87725694364156 385.1967626301355 193.40645765842763 542.0263710293842 614.3783182133241 508.6519673428141 212.53643670207467 479.95038304507455 
62.10353283303208 397.12073078951846 541.1542267442208 322.0756210230296 441.62199584198214 54.7970948165411 362.2947762019003 492.99199053675864 293.8017653241732 332.40498432518103 
237.9925910112839 423.9208199837356 156.25831428963022 40.110728767755326 112.24250152862234 59.15162646825496 364.0385537010122 48.069881228892626 369.3681836988064 420.03502180715753 
594.3846615736068 51.9521391903083 62.642049158732995 378.87541635271674 145.42117747129518 230.78793191362575 378.0004966871009 145.0675381900204 488.6091994655051 374.4806171202412 
547.6979832056317 515.8202510595534 384.8113529861094 608.3279100173246 578.7439290950832 293.8115142187279 403.81148038999703 191.89635770885283 110.9660099083664 424.11830286919616 
