63.23175008954362 188.6813171634683 155.46948961052252 370.5346567981669 177.99257403743712 340.45121409531953 166.56107465179903 391.092871275259 227.02324258281251 78.9194634643488 
393.9924523422162 137.4886009165146 88.8859842648389 436.23104016171254 189.79222377635762 380.22443710757034 58.15205130358014 174.3208944901486 215.38508846720916 168.44030381377638 
226.36071284796049 59.92351600026157 226.00849503294555 53.54680323040289 420.3819420019992 170.1306452080987 304.13449130765355 250.6331211290555 262.6355941821183 324.20028697770465 
168.84974744876152 395.8527695498896 42.62060637787007 362.31995769757106 313.14698079633143 182.99022283444276 214.2069515389533 117.02745787041063 346.0809087938858 287.411586812933 
458.14384413325274 47.99223263033019 41.74181343960242 110.60242792135921 374.2369422746405 135.8604739710934 221.9998249510998 503.495920688702 492.64798658592036 255.86700112251475 
224.97313104722465 251.7943099844006 418.7699080430063 376.9172255955769 336.17318600245153 231.48700665388887 51.130349502106476 56.84206969525112 184.27995823924414 267.7683017564922 
436.77704666322774 329.52923815386936 228.50062216482308 355.55783549424547 453.59788278661 204.63376011280175 89.46437166453168 24.82704073922342 134.0289921348915 125.57101111548296 
100.60696584921097 258.9345296098782 69.60385684277414 356.49533723050735 81.9977552492908 499.17372868565366 460.7966567029899 393.9674276379018 463.5625271068167 393.7357722885641 
501.61282774620986 124.01346466503831 509.65520480547207 74.29073217829834 413.3801896865334 70.27935034219739 21.931572451752416 368.39050228863283 67.19352732968463 203.98288572734256 
22.478070823222055 480.8962119607469 259.46597483968236 411.36733245527677 44.148928829266346 302.63354218057896 330.0400618840778 339.3591545296454 280.064583568014 129.4788816057521 
437.31186368578506 465.1334033405691 469.2246792018738 200.0795218005632 429.8210879245655 360.28951784933884 20.18864616413456 85.41101100378921 378.7604473839344 245.341028999989 
499.7770130833306 88.37482486961106 460.8572518693883 55.22194402447083 238.74669508169183 436.63937292357093 506.08050496378644 361.5132065689842 431.39316869051214 176.92766681192688 
149.62659933326833 122.09222810031872 231.03280311578527 303.954471645935 152.63656459870361 353.90862202415025 468.318530043135 282.21639690458204 81.09827813573139 449.58928126046504 
244.34174546106823 243.8378040766555 157.3865518401925 483.5759865874131 275.47384548370627 270.67578261470624 223.89423327581997 478.4985039595378 491.9003157290535 293.8872762727564 
383.20763284705293 227.48650339800463 16.800571342993056 269.16150336689145 504.27908386300254 393.123283735809 278.1267242701002 410.8207567558766 409.0501222240796 228.74442347403834 
129.9342997728171 392.99276805913127 178.97808887202177 392.7846288795216 485.2181123276941 51.057725634492726 145.91953370141147 451.8757170407171 87.20637877959436 241.57304515142403 
256.82333955742206 293.39894913281637 171.06620810205274 143.87907541435544 126.68681463272229 293.1949310056887 392.9736089746196 411.588879250009 219.22792148272688 209.13393499248417 
28.501098646025337 207.16502996952428 219.7265668718673 396.2501245481307 67.2760878216121 277.78690222065296 289.4883330116178 64.1425244396736 455.8631213185746 355.71117049813233 
16.38354087533771 422.34594615149933 365.82316040332904 291.32895314931125 500.91496282073007 184.3750874817136 488.90292322461767 452.1225945399117 142.2671608866547 26.14480365116838 
486.30754003718164 45.72522891906621 313.79068231341887 219.4696906703104 344.0095433549021 150.28624903367327 242.3742115878631 286.3462129786362 11.047446002951258 360.34575225069705 
31.157668418496144 144.72039316734507 322.76677447094914 81.42128467783849 390.0396675916727 341.4442324700413 335.95703032879874 131.509721347915 263.4321624760031 93.12389845852708 
327.83746573364505 432.70765138615087 169.7155875431518 480.5630386183432 335.8447918870511 201.15321425913268 191.84754891492088 267.50405135013375 240.17613487922313 168.4927150464399 
183.57819576555212 439.3706246427155 16.040145437829935 493.0748717014469 380.72543707314225 182.7146682618641 407.56956584237736 144.07610047340285 231.96305086742757 151.0706181498607 
400.34819404929567 166.75974088605977 388.57490634718863 487.92042141903454 494.5055892668952 362.07254076327797 417.6283497398201 202.47221416195876 405.33248510237866 38.781291521008995 
428.01988114405907 118.95582537289144 443.3700198267773 121.35299009543893 423.8463557676425 245.1382719400202 450.9260590790942 21.781473606047033 324.5546244593397 30.76236682723226 
296.9716125221029 308.56372803471896 216.3229847828705 111.6114973715495 57.37046703418285 331.02897720715157 24.127353806865916 259.903796397788 132.39526519234818 82.22367512659255 
418.94544817670544 386.7187668018728 178.48302124568954 208.55556382550716 399.55197577464395 67.1594817215283 356.183292158516 199.3998192023759 113.35806120412767 183.9535513309362 
21.252111406416354 414.8705699437963 105.74796528406743 410.19590759756596 110.84478762052545 234.96074121857635 312.366212755549 376.936534707833 101.76069438966888 238.25348961754176 
233.80835602481318 496.3163641378551 42.693186843282376 443.4082667074215 357.16837366098497 35.954294437897985 287.4378346547155 271.62468454027504 13.895868142450409 165.28864783903728 
181.01189474626878 13.287283816762908 488.416296263649 319.57605727824154 75.63845547944253 206.99429236304556 316.967124749988 352.250958114662 178.54806757832907 464.17363480709537 
341.1033270318722 71.34877126559135 358.551178085626 397.4891432784662 205.32504294503815 380.69595576016746 163.3344992488788 436.2401964896919 113.280828484059 371.57005096689693 
424.43425983269003 436.95790466142233 281.9993285520792 335.53279336081727 451.83967564547044 122.40096706662983 158.6027514048708 294.13944671282326 445.17967990872626 507.1542786778009 
88.95507086452879 266.22748644633214 373.44590380546003 93.03345367064097 252.69827167096182 118.48775841736052 200.2053687934841 242.49839069697924 304.12951561772223 470.0212342367359 
456.2555792717085 263.27900670220845 283.3726518737494 246.58446476406607 286.6755479657189 362.4162232217541 487.2969156099593 105.2269395738643 224.2255953576087 252.92139526184252 
114.6361451999947 75.02330873713214 66.0491686790271 321.25724807261076 124.76152230155373 384.6038349062815 355.62986079382523 388.84348584179565 374.5610272518695 72.18596126618198 
96.95653548784504 225.79015624349645 222.8786997654341 98.81027020695636 452.8499741855209 100.06199074960331 416.966834037607 310.4839008205368 304.40396923729077 270.2766966049669 
200.40420941806997 219.93457714202324 173.49396959839297 455.34043900035283 206.93360869234948 203.6783115125668 135.30666970433035 439.12363463057847 329.6715127938213 335.1040355676587 
472.8432264057768 93.38014243497256 380.14336927074027 199.27815989760967 450.34969965917304 227.1129242787826 476.59731960541905 160.17212489429892 207.62748751746244 295.5894439118938 
226.04966722609993 176.0164094922622 402.1770419181219 127.20984343587266 389.5151687490298 383.4836542615556 351.12801206725567 451.430953274152 344.87522540031495 296.40435438459554 
49.90880761897525 135.94941702023925 286.8371800896462 89.71819993221362 69.60886628457446 166.34695363115253 228.4377859096004 64.3640160569373 459.9865994442698 26.400863252322708 
493.5439584003508 13.811637563764958 410.0762966707266 262.2629965815512 14.804037540975248 337.9387412569632 43.34694411068845 138.7102083765846 376.50254142203505 374.9557432804455 
349.366271161544 420.6695112886067 166.77164873648286 47.08193013658201 378.92291705921247 438.22099160440155 328.6125224287343 40.67595667803275 454.5601249464404 218.28163229897135 
324.1794694950916 366.52379407577547 273.47380660911637 91.17315341013948 51.78031377096525 270.98727968437277 404.7283295703424 305.2770859174357 80.04581651059894 93.7163629835212 
307.7429852138678 307.97999169640843 388.7215178694539 292.62827029744176 124.002396494366 476.1122506216288 430.53492722721535 481.8565222836713 118.94386488435437 204.08325660901403 
453.59137958222175 453.3731796297179 275.97490393936647 382.91632073615637 148.75150458173252 277.98720252036526 169.57398520820882 428.38638772689546 311.44348013251243 206.42221363241057 
369.42765818823375 141.4635845420485 332.36337850930715 216.17672530826857 252.5572004376227 309.26588245117955 456.51639320078766 174.8699232248373 225.38791111583606 79.72385034912998 
375.05236244395724 215.77623484712177 482.71407367906454 268.1607397139966 339.34859747872497 46.25168930133721 55.51286118932041 378.9909721025386 111.79311482396547 34.75527833053309 
24.560258392777193 250.7400944910556 192.72147804715405 47.16839574797687 401.80206168445017 357.589522952166 387.96027009780056 128.11549427082346 306.4331540494053 425.6489350845635 
406.43043520438374 247.98913773214642 187.63816452636306 147.15962051031056 302.26355238320383 461.38244226753557 470.94660125046585 400.8319292535166 200.8841119207898 447.63217015601373 
130.15565330275285 11.519765961802532 373.5111064727303 29.175525790832925 311.77369454375656 207.43545232362453 349.5317808978571 388.42383922880435 263.93772563695705 58.10794662104989 
381.2009605040664 328.85610111204727 446.75775391189694 301.28764963880235 200.11884280290275 51.035776554680545 326.0413584485632 92.00078214387841 129.94053461344816 39.25364199621278 
477.35145120870993 331.95667118997125 244.77041705302764 279.5001433946724 252.35044061753484 362.5108000758426 387.69434085850145 154.47007564058717 384.3839388065439 429.38702999239547 
488.9030884782328 486.3029958831767 35.25702148063114 452.3618817152006 247.85978872882728 322.7622265292242 410.15628220304694 258.11410283800484 368.9648284901506 187.55581962779615 
192.67076084179607 59.44275535597264 165.17111487078373 140.50239428063003 176.86485758597874 89.05668029044766 469.00291566774825 118.2451480108449 98.35641285845519 421.1387418020513 
415.4314333011738 151.21702451030953 291.35295649992696 138.887748462097 286.06009790387174 177.5603051707103 423.5994741888793 131.2414280521053 229.07293218687224 299.70356584046056 
186.19050448267294 426.98329023146397 294.3988284745678 454.2993295424281 440.20000012590594 99.43669756366268 348.5451613110356 91.22539012223623 447.08187504475325 399.94929589082324 
58.55361700937594 82.35296247347017 434.79445833185747 403.3707035891498 259.53148845699326 205.78487645341335 376.60189957505696 73.72688264121274 145.21154379136647 176.26677269526118 
484.50578781272054 283.29405007949725 345.99360177523744 317.47460311211177 44.25990553439328 443.2754670554529 83.92086660640607 96.88142037571438 343.92149549352206 29.28407212189431 
219.04424812332078 368.9066585824369 72.89192822335337 409.83416559782927 126.62776111984668 297.05104212633483 193.4000176376109 11.04527179104591 469.648032290013 50.720112650237226 
411.3810998497543 475.7612555623759 56.04120595650751 497.4397681397611 498.705029460169 100.28786098515862 95.15028827959209 236.16657678846263 343.706070609346 456.9517746608546 
292.8259715057564 442.39636028187465 231.96802703620932 235.68437771904343 349.63422754723297 120.7738873597347 484.31756981319705 462.83324063398 51.6237012758211 485.9069525120253 
203.97895426035066 380.4045435123972 268.1060251840784 317.0879228120009 509.8432001940198 393.9395318640817 295.90221618248904 257.62591225782376 257.80497544120897 122.22812717997616 
114.50821285573097 154.4925958454661 377.120178544079 207.06283585694845 241.6328219800702 158.98493077792148 73.73739725569382 166.2360273652062 503.5610245915876 434.1078603633171 
277.55638403784553 197.98378107685164 159.79586197848977 439.38006311600293 335.5666543815355 470.0793763768462 446.43203442643494 388.7659678995313 77.81936033681396 51.77961429900817 
227.71428780380515 102.4370640979908 508.18549664378094 271.8269074725722 70.23377669520875 98.06573883047841 496.8536253790654 410.7106060187066 179.21542329078966 392.3546962722058 
476.5202547406809 260.3902987421303 261.3495613224668 108.50505326128317 269.2259125992531 209.6845162790339 503.62082092474475 110.32631899157774 295.79021062599975 138.52777298683054 
482.5874654801216 508.6913790477238 44.79870493217086 29.299184247137447 443.56428906363845 11.039464339972373 303.09515077884316 328.42571145151214 14.162266920145374 209.6304896905684 
274.73176730197065 216.46324526431232 41.63794465424674 29.25360479360272 340.3310241299095 69.8584788493659 368.50577719295393 180.09330132183393 333.8118899385756 22.59500144694653 
485.86654103674886 86.45607163932921 338.43369346829184 160.92632184387327 128.90498988089217 387.060795255355 129.1107419384519 509.39941231071117 504.0097467375204 227.59602356701257 
12.950836208186535 91.37142666953811 461.9686510691396 191.24709688217783 444.9707791903835 472.2231718903828 56.69271425154115 337.89657346933666 420.94197588905644 318.472050209735 
53.92172678810519 447.70066993258615 274.31937430431384 130.98793568523342 79.36466686822601 189.7451293284568 129.2066406839582 435.5148400156731 220.7281064287269 61.4836298300505 
386.31101580635226 338.7017011552779 23.085611574097655 69.66166234211984 243.84061538842127 482.8452501342175 442.04141174551677 248.4292096647112 380.2976548310416 57.548248636121556 
444.1412711645583 235.34527854357646 51.12038002213597 151.49605646985992 68.98394497496324 250.97733780820423 476.127143431532 352.5547805081495 392.4860381243752 452.79888157373875 
19.715559954806828 129.394049911933 455.7537127393571 259.08827874105486 290.7698501893381 152.83762078431556 349.0140806620393 363.53185582506734 414.2296669529428 340.1448066442318 
265.05961886829664 286.23453453302443 351.2733450902609 30.426060798208578 461.65861952444993 431.84100465047663 270.06881449791024 324.3956064175574 197.38478515968026 250.4707201290587 
94.04525424931231 246.66439942116975 330.3192601079249 222.1695610980339 479.6386346179557 13.776480158731054 394.07795910199235 10.581676936447673 100.4642211547077 316.1919431151721 
90.61754750360068 256.54426744616177 239.86929565136077 147.41938319078884 264.27307933839865 107.30866452571473 318.81898560679656 338.50132717462066 46.48049488277144 202.09070607856842 
111.06864701776207 81.05544563558325 485.6369727956189 459.6536490716864 22.57559897838312 347.07482660623805 101.55240932242437 138.62662465387587 437.1035394264083 238.69044528511222 
428.9451126970603 266.26181146932254 254.9727571699863 426.09883173567755 239.43471332245525 156.33349026323356 376.9091454327124 456.85828314944973 256.4856125488577 361.8820553321793 
509.94526988648886 344.7564550132532 302.75393710321015 33.50609003669446 297.32654483870834 471.4527112757259 444.29122140552914 278.9057272150522 399.37565505930604 459.09825784291365 
321.057877958062 244.38028623177075 277.2683625958668 297.13709304603094 478.1995774602798 263.98344847796096 56.673824886460935 131.49111606091373 137.53978882528065 47.038951881202266 
473.21252254020374 249.33229653707988 473.7414107608581 499.7200625167661 26.684949172242447 417.6451830859883 84.59078606900277 401.3959044607122 96.02415793787627 358.78278427157306 
469.8570787558649 281.4477010857088 391.92538793302896 271.21899171922337 458.18033118297876 467.2581169735236 249.1056676653937 428.70072427260936 146.44106586777676 399.0769361842592 
385.1468236544361 16.002698318912756 41.06483484587142 432.46590470312105 377.8747876392843 484.4883198615365 215.71463708248788 474.02618514633923 238.2284255617269 335.6794134710487 
424.8244243062993 421.1113595804506 80.57096434257043 366.0382203634992 237.42674613820952 501.2291044363064 17.397213541546765 31.164689935959156 380.7278033171088 231.8348272745906 
30.389661644311996 212.61205369887642 107.88285186172801 346.22015469092474 194.77652113214577 295.5241268929003 29.42522324532725 156.1995871943772 258.9449548147976 90.29706968473876 
472.8020263569236 447.298333282032 206.2625538567971 256.4690942078941 59.46963613831179 127.14454541117803 51.06014724077156 12.040964826840131 314.00216505574303 472.768944014742 
245.72914348325114 36.430587900681424 244.66592916325675 447.51516029494314 200.88653277527618 100.26478056872617 459.9132054993707 183.26362375331183 45.560552922902225 80.21121308550104 
10.24824414534913 348.67246302779085 379.3503297991425 142.05393832789352 269.9186714992714 249.1383018744151 393.51245470424857 500.21527575924273 297.88555729321666 129.1801469180973 
362.9276938618712 286.9274373960329 242.52512172030276 272.94950605504647 135.90101224012932 189.25699461284518 479.5152397148964 123.56987080141084 373.74785733067813 137.18509276877555 
297.35990129195807 267.0086306901565 417.12006761402995 450.94689619587393 70.00478871412767 251.18461634070897 281.02436997067116 480.8330028947488 480.9969245015487 336.01436538040116 
405.4865439188731 397.65627049969993 488.6417484934228 395.10019980883504 413.8145931930628 417.0870201012314 346.6105891521633 314.76330956704 255.41384235616854 366.0597502892128 
119.4516675270119 361.1249122760833 235.107146222902 124.45451054376393 257.45785611301733 110.93863547824084 55.913438986488586 100.25608496358561 420.34420808766134 166.877269576481 
127.23756123135726 21.394064678293624 364.1884307322564 502.9769372225318 15.424647603655242 452.46694875860743 331.08743400439874 410.9419204815403 38.63209155319607 69.55343765262973 
505.98304983750637 143.01316544656376 132.9723736439962 351.3139583792281 230.11011646366035 472.1036273998046 241.87958730778408 469.5856264849495 285.51991530235983 14.903666183633803 
105.65315342860309 287.67373987483256 190.13228509656986 288.65939783328446 453.1315241052802 499.54296109477536 67.76928535467334 97.32743192638797 222.44920679239888 68.11118259298493 
282.6238194613827 467.80878521723474 62.83015131041602 245.84943642913242 152.61607834035195 481.96540473622207 494.370640935758 85.89074982648341 181.09117405335172 475.1222138569521 
227.76477849030957 476.8511627493054 371.3107832405542 196.7578947193137 270.9257943228054 359.5660435941102 313.19229272137034 154.08752540197784 74.45615906812202 408.94484094593804 
356.74827833625744 484.24017719922205 92.91972435168744 89.1473143559826 311.6795672050705 325.73461647254567 263.86901216074875 115.28445287228006 237.57498642856606 284.95619780553903 
31.5807531151353 479.8472099614386 14.170955276375398 218.33817116356556 167.45271612815893 327.066066112744 506.1239829098626 175.95036685214015 264.01518673532286 83.40468559836106 
261.7492473096352 477.1985592066581 404.50998384457694 377.39072710973886 310.1783435331552 14.33751378555175 134.99019709714554 406.9869145564569 246.38940304925072 504.50086626262765 
490.89388849524687 37.705513429297554 418.5625493403956 35.950983076981686 455.04472814418085 39.66939724487777 157.21406660820202 379.25196321211655 349.03279658923356 496.8226967367232 
110.56208658550969 159.06879332691852 284.9286092765543 46.49425728831107 375.5772038181297 107.29585658830975 429.2835471896767 232.51704255928672 239.17103676117418 243.21798251687835 
456.3697603667122 380.106497458833 468.97578369987014 451.4069811502721 192.61273207517814 25.701183506041104 218.16799573075556 53.057046276041845 79.16954427245508 59.96855444494125 
233.78970149483246 91.46178849949814 204.60608800819173 367.1792261322343 183.01991590877026 177.33650269039413 284.62618861613566 369.1528283575106 36.849760717991614 364.6883150899976 
90.80599738512629 506.97837165619376 75.61421794186262 152.93762463256172 455.2864370175049 318.71251107292824 205.8337775624329 335.99396432520564 103.37720530157972 396.2586958150043 
402.81892974643165 43.98920922718435 191.02518763633563 129.63032225792682 218.49081883131882 448.3714319612034 49.10051833941603 271.8010990348497 418.8710205409701 226.06254463930614 
261.453390971016 482.345596385661 440.69362182605215 503.38265188166696 328.694749571296 133.07332633318046 481.5928218396976 125.44450340526946 294.6539796704054 283.85928488406273 
163.31901365141047 221.72094478377102 337.4667197928567 361.87415753554535 332.4365838362603 163.4886915255964 452.2459532935308 202.41727202253705 187.9565646309414 133.85132134627304 
477.289430466539 234.55562252076578 50.357148551047274 156.0448358590819 340.77662174241607 219.77167298616155 211.44533799687676 50.728802044035895 29.9083077942242 76.82352834180489 
429.5127583685742 417.96616767422955 409.44189933462343 451.02030412719535 259.23876193159845 364.5949808516987 141.57563340268075 311.11591451743186 30.79401859138591 322.6950221501579 
84.13479480183044 482.0243440203484 417.59760533420416 429.8526130443669 169.01304615781993 146.55973824319477 157.18089107589816 66.92653834297718 387.8220040821844 474.404010233168 
114.6110982903663 274.01841708512745 136.70220078943868 161.50567403770293 502.9279238411447 390.35046334292747 297.248579829401 288.1124194496044 200.04617861903267 388.7539155107455 
55.50353489767522 28.64104645067033 226.5775564629474 500.47113140279384 85.97081547435114 371.5875750674032 74.02486077067864 350.97449735476596 352.60319276995114 132.68081760162374 
197.8015124293798 452.50546530069613 403.71721345397145 169.48246364287084 114.529745703562 24.036489766474315 162.7880203267235 330.63680463792014 168.07038649094272 234.35928678460627 
342.0774891787284 297.9732937106273 153.7375860563041 89.0024511672625 231.04870942714288 104.66495202342796 115.15132642261455 306.6815151407893 236.51989758598694 237.64584345073303 
253.18111150776355 155.98456300982116 176.5111176116499 357.4907070866479 11.43381292306527 347.9966897451342 454.73649857438284 293.95990602731865 27.738820026268478 205.56613131602813 
367.6956105446072 100.41265156517392 266.0836233327127 454.9155222994383 421.31661091365027 75.29195553329825 268.45300695439965 110.30118681766265 159.104654399676 283.8840724968205 
91.02486368662026 47.42360168722858 128.74845835519272 238.5558137490376 114.17589409358341 486.2922991839451 239.1383713405839 20.67278910708996 40.75016223449428 229.2481881191816 
384.7488179535943 252.40155985884755 22.043825260881157 124.84644514841852 339.33841199986153 451.59909785724017 475.958946196685 353.3031822498212 45.92089039119733 427.99244098143276 
286.7797034066202 254.20895661220428 54.95979105297104 503.8517648724363 201.02393959193182 42.21219103439649 487.740269371167 467.36001820758463 358.8234196984152 381.37576851576017 
26.87093548227575 291.8822110363083 25.28563999298277 413.9097387547142 60.86901380433378 279.33741030937756 211.29051671545074 463.9835455213362 234.78183004685104 410.8768040702376 
498.17503125512087 262.32054498282974 283.79784141626425 313.07060159325556 505.7588957632179 162.2782053214803 151.80028603517025 372.807268773243 68.16442418417589 443.11702221949804 
21.81652200565736 159.10793683158917 306.88372104560915 421.1612909559196 10.316351927114988 435.05924895007996 415.54632456118617 214.5548181187417 402.31227291367975 168.0677473933489 
95.84038285862967 132.31471740274964 429.2148324376992 71.6389204447138 209.04054086525537 283.3865028813728 216.39636904578785 336.88403779337773 332.5956352897231 126.40344913438628 
152.41593456895697 336.9578303678114 36.229334254219694 305.853442795663 56.85889666551968 212.63036304542536 317.0068227410377 245.35644018911577 148.74405184586558 372.19580978134957 
257.82072628712433 93.75566993535638 442.4515354762593 63.92181113726585 98.74927350772616 244.7256020649557 323.12463830753023 304.24197101620985 35.73994576205774 275.6000050600547 
178.49854407961556 69.89508690260854 186.07173747670123 276.1229745244696 89.10927283646768 287.2139125573413 285.04898114173045 162.826266079913 203.83583332641774 276.7667606197376 
303.3800951885546 199.73595402421412 52.728775990248494 436.55500111132886 299.69423484150946 71.11153600761298 174.07821324200378 71.96959565520416 447.6490141623832 476.9206803516569 
57.67449481949687 405.7097867357236 302.0823799627451 346.7526431345155 31.21466823948037 425.8670557354064 493.66186913319814 392.87357029369406 341.8077146940546 355.37753240368164 
166.484236932166 348.12673794699447 309.53188786366206 151.04586891148153 98.07870640978871 359.38092010567084 54.99714970853569 65.34387663036495 66.26685258656705 132.22997050824148 
427.86581837240163 429.1868009544087 152.33237528762206 47.64669971548595 388.28464205243154 438.8906552381349 294.9537034716939 96.29431673431459 218.1813655404714 355.51346309168025 
34.35277808800307 101.1983933764569 64.37888780554262 149.78377422712006 11.112952574808478 324.4825498391428 440.4802375101253 250.81932917418547 409.11922764762517 178.8710395058498 
439.47735679680005 181.83928648806108 157.0739196784181 389.6612638162266 34.03693886421154 491.07281698698455 328.0409234343818 77.86936912623443 466.4163431965409 11.06751216994927 
301.4716200488467 360.2521016939381 354.9628153389991 104.60049703390806 377.16562452053574 186.90801683263325 269.1490537099816 180.39540014284492 155.61946459190565 262.16108798158234 
150.0982870124582 386.84849212591746 124.2163294234404 19.42998682468876 78.55194571343498 16.96685860968349 13.710020892826293 245.78604667976887 17.233169385156557 282.7219224869044 
114.45618260594041 76.90307225533476 279.5590880905635 242.02134916500327 366.8439953279362 208.10216818502718 101.65516803544938 286.50250441034757 165.3814548995508 292.1945594468086 
319.6246826044092 223.3505468602087 440.8872611594366 119.82575116569949 279.026423914382 109.344298741537 210.24264627918674 303.0239375772315 228.51376443165228 120.33310725356283 
408.15604064669805 307.65596667220865 74.58826201720846 364.3475682071729 440.3937966711217 305.4938187287238 499.42088441871243 171.54761122542405 22.93021509704323 441.5948493726663 
68.69398324404173 19.21071006472518 496.46974774914395 237.69890810957173 81.41711951169044 374.963579525309 430.7947591307267 477.3453482757592 38.66989689002347 366.46039445671533 
458.3917319732298 43.41319953909083 233.2249904023465 310.710650183039 401.8092879842394 303.7875226225899 87.00432926940032 261.25981533766264 384.20092006699633 265.85515405131514 
488.3217147984997 356.42587780577634 237.5057364783915 345.5328643210204 505.86490277144105 376.79497574259807 147.72022123186505 221.53114846486613 481.3703753610445 45.179121233338215 
101.71419572820349 370.55675809838976 127.94379850084181 227.23922718927474 325.0441088552298 504.1569666762932 385.97940091364677 315.9765977828844 25.21677720944664 252.90901604267086 
413.6313042511329 208.2958434219459 379.85663935069135 68.65741190798153 213.7900517260241 406.8425631047855 334.2297537762823 440.50262436780605 24.517331161412685 405.3187439807102 
397.5775560969409 145.24407343824 224.89209141003508 140.47908312205809 252.71365352974362 377.98053476516066 133.22117845318007 419.01137877229564 118.33654180522662 233.5712366376989 
199.56754484573975 352.50396883388476 428.51164553847786 134.6606083745104 219.54931900455816 458.7036432571212 18.775578337210767 426.9698804326621 321.3625980167856 212.26676594979764 
133.31590821265354 487.558693748113 102.98139575171344 453.2070514953445 192.67944750082958 316.7597733712852 421.48761367808714 186.24298189375205 386.46222992548263 209.48982018141191 
461.48430598289167 429.2479472597678 280.4343392965433 226.6397763259983 334.5453112845718 394.00634528712254 252.55265189255343 312.247532487404 86.65440705268223 407.4787867432149 
197.3146085921702 27.156236348173426 115.5870329498984 106.77923574636371 62.906291144713954 494.86132623647813 125.18783979122126 66.06771265250782 410.59764669869054 280.24943814742505 
368.4970991604354 138.56119831365754 310.8382951657327 46.932209538757476 56.67903293826825 421.86613284168754 15.506834319409737 463.87828828418645 435.7053995308234 379.8356207516442 
470.76684251305954 457.0464248965563 157.74722841467357 279.154366814417 359.9827137082199 26.72304953633902 199.2279913584113 223.85453272404365 491.14837941149233 476.26723054411553 
202.4912472233643 195.96562459117544 468.28219749773626 22.96624837447191 243.0359034169537 135.50152313687607 211.24089487936337 386.7048940115174 149.27229108888224 217.98788208227975 
13.405952033049275 77.15164751235586 126.75201460440843 112.73276446441221 451.69534242066385 225.16473772529787 63.824925121795154 130.04403667163422 88.3538844305765 429.12141391779045 
20.676108027671937 290.5961850380452 28.97524181071941 211.87332977801282 28.696178178046974 475.15013066966026 26.208766889627192 309.03135189866373 452.1379701390923 437.82876322105307 
443.6042858867733 134.28280869088826 289.01269013273077 91.1516687124399 19.047957278486116 392.4443167482251 413.17872491456615 96.03191739221889 492.24223919082874 435.95336079600565 
384.5761407615733 414.9381520416512 285.6833016766937 85.5016934655704 79.56018328108921 111.42509977172809 53.58877456217341 260.51373475402295 18.286636129875404 304.23561732375043 
38.229103389523225 390.1730411341791 391.10240523415 309.17740409953655 298.1156015821639 200.6999831972368 410.8943169845191 126.97744450400977 497.49825901749267 99.58384707914713 
243.3493144574804 60.3173995077581 71.62659257333635 502.4722713105029 392.0791034673652 368.2530872434157 207.22647589923508 73.42143923189141 40.56251818206746 491.22100059726455 
202.6461482967135 474.2098231305303 477.85849791894407 504.83519905029334 397.12465660940376 343.41894866890505 360.04313484403957 85.67756370830448 483.63556865401785 350.98397203593714 
184.32353890469815 397.2846149395652 144.7594020828386 298.9174825120482 477.7819163887809 429.5339970435936 76.03763328575918 363.90941601090515 327.702925090227 449.6336542809308 
86.26160728796138 202.50636935463228 505.43731131869464 347.9170746336819 89.14929893293754 264.5734355385646 60.75518603095497 286.64742073571136 425.86322768049666 285.74151819149097 
388.6417702331301 185.03387591350068 82.82248748533004 54.54346527959002 395.4890526131249 198.66331162390694 494.26213075584093 174.94198398529613 16.636163475313097 476.5502875801557 
243.9929982439749 169.95256877588147 462.2118967609551 104.00862868804683 105.81508112885373 397.06453497815113 193.2322773586661 264.54766831480333 487.0376002772055 371.16318498307015 
254.90634844338095 278.9962567262207 464.558885218104 215.65646389233217 219.103467203616 305.05767264331985 227.9591968368178 87.50891938914035 112.93495959521864 105.49857773235443 
369.05961730347383 46.88644557979065 335.40347091017804 418.1751408035063 82.40013261488542 467.11453245607044 189.0730751402349 86.09941565276307 466.0899977376364 205.6535491538363 
278.7132377799953 230.749147751087 237.48361031360992 381.7939279441065 153.86979563212316 376.82412724298166 303.1348674320531 231.77438597654893 197.3160370834455 61.65215542514606 
247.48327240756117 137.0264652189249 386.33705759041806 87.44785020074313 429.72482194742514 46.248345073144506 178.80050737039565 199.62731670177675 503.3208549660503 137.01118203446043 
400.9668203554782 99.38186014633153 297.59794930924517 187.60100165497394 138.99203768008883 323.71389005775 125.89201411847283 254.79930404572048 261.0764525947932 151.13804017559818 
209.68970507606116 378.3055907177342 322.2120894946798 316.2507761200734 33.22025438210635 157.50476910539294 228.4821731742949 441.3714667109337 67.95089858342162 171.2826910012147 
162.86574628377275 218.45817237614926 431.4389625776541 336.5929488834733 399.50059482344557 499.5011675295487 169.99380153937122 426.4779367713529 258.35738260654307 78.59738702272666 
479.6016181130482 93.24747467765248 77.2785009792642 73.90893648506434 304.5664199496917 367.51793251324546 203.33438944150794 442.70871882138874 378.3200865032574 228.8151636891759 
130.45067327006547 287.71636510989595 395.85483624063016 468.44424014995155 35.259138283169335 237.9275556974777 132.2310371042904 190.32912399526967 88.12579571594486 312.13989365804315 
446.61369981021056 420.5255319193486 41.30894186166194 298.37844993858886 236.29052603958942 421.10991528355385 221.2006032840714 307.4240566769315 30.124877183999633 429.1478381285225 
176.60425362927367 283.6475164446304 35.896643735975616 166.444858480701 360.0020848089848 381.3528523277887 80.98416119248924 90.78292331330678 343.7649085734536 239.8327405222267 
10.840342553145579 484.3455501546936 198.25778870666937 315.339187025783 234.71613975293343 100.03482433058207 283.79454319204905 53.17260873068746 233.08438117678364 211.38336934913437 
333.39429481234066 308.0925108839217 466.2172354315101 36.76444234991793 328.2931089490931 46.252716327545784 248.3703298959357 133.60319664173497 293.16384861665426 486.86452102613066 
277.02674814774537 483.29234148145935 262.9975127387578 466.79058600695345 131.65382675445014 112.51522994298756 298.59899026227316 436.2730184511916 181.42618041797135 221.67960130315498 
52.650432786244366 118.99854519403074 466.3678051797123 416.1649454637888 13.29547259872709 494.70392217282694 241.3665359387244 261.0868462219081 177.19717214987134 387.524844434397 
497.51395758428566 505.2811628738264 29.023151645889747 68.2913028001924 400.22384110453197 445.21138088813296 329.31068766010037 403.972707679785 208.58231200587727 24.502210925435968 
337.66515121458616 212.47565535090322 365.38278887725113 389.802427938428 223.24477566904892 105.99773542754464 72.29888825801754 248.68029412576692 39.48499248523656 231.14025855969317 
289.64842677586273 500.25451649513906 265.0152991264907 438.98325465739265 225.20151927312887 234.26392262151663 37.72199029305122 43.325631858576784 501.4860789765253 319.2790176975215 
333.90963107098696 450.2938651598581 316.0437296045661 425.7584760767478 469.514688877067 67.5221384572886 34.0892976319233 454.65376393456785 425.3241394475056 26.107141278231317 
278.0268983303361 467.26491271966074 123.15245257702571 373.54071589754784 203.276003597392 337.0507629553698 404.9298659884301 20.823351228273825 274.8603152030156 469.09656022838453 
91.65520030222345 351.96173780643926 484.2127383327231 57.94218194566125 124.16629112453886 29.053465941882564 70.64958080599291 479.47410393978737 412.6811980906528 151.16198822245806 
436.9670009026183 37.58423276679956 147.0632333547302 50.18509608154835 73.61298191229459 411.29863454556454 444.7630475941807 131.91975221950986 430.8877632080496 273.0794240184754 
338.39084954687905 295.5267558316709 303.6260767392855 174.002848407861 229.8717922586648 89.59805635647783 417.8140926680089 416.5167291650233 63.13784420324463 388.0300772124104 
33.59436716466229 260.4803595162364 92.3090853196533 493.90601052358306 504.1118711757779 433.1900171773308 247.3176753488821 204.59028411517022 354.65410633251446 39.093171514745386 
223.92754999882985 496.2383070648938 71.538696011393 89.89456315112243 50.10300663750793 110.92466156409957 415.20122302300155 500.7572315680375 505.6792611206872 454.59277659414334 
196.9368323251474 23.301650077488404 397.2881933332722 339.02928469922733 83.7483590603556 211.10609959408922 315.49228481949456 226.06617559250307 120.75437737961063 138.41135489791645 
126.07996980650104 257.213817491422 285.6101054408866 217.73284089698657 72.47544397462201 476.92801579850334 14.394476362684252 87.08341826098759 491.2161709053462 282.7143253098228 
263.416269542927 162.5098851547283 267.4510970326757 260.27249872003864 296.392682903951 76.64628366241377 282.4127144460492 186.8844552443213 11.45327400155304 348.987190763466 
229.81616490973116 111.2486931041976 247.42247547018763 258.5841681326762 303.13851327098445 42.96448871948199 133.83379528150218 14.868338283861572 380.7311638297969 409.86869831988673 
174.12885885952656 447.3023842643908 460.7187378322842 66.42868735770817 376.49437000209457 59.56495159562396 222.6374340893129 261.3940506982799 371.7901215747812 418.9707012378557 
217.7660083432424 97.91070484894242 83.02123350976986 476.8290705059046 315.10249396716733 144.3001455883832 135.8076857460009 40.4448528781972 154.93982569659102 478.7071207062575 
324.30425286249783 242.4637616589053 486.9934778020405 75.81888001868458 72.02409803102849 478.266144315343 395.0341331162322 68.85906983030576 452.0189579513539 407.11179265805316 
34.97873646816956 45.05937067856291 455.86919502167314 237.73925782965793 138.39286325610217 157.81209826778618 325.9367713420969 144.12247743416344 158.35755182076284 463.7068105493951 
390.3342829680166 282.0881274980836 59.6538320993275 17.654047723545 465.0632319457831 502.49659972733 380.2179688363513 384.29941575658523 12.774536711818376 481.6899161683944 
315.8205586998701 348.93105450798527 372.6045291680919 114.90950036422325 204.9227268216285 236.08358557709568 500.53950979560096 143.38716554208457 415.6623199657542 369.04180075552716 
284.76197873362327 110.81224264911597 261.9234200759365 328.44706326093484 125.43169986806201 369.8780783876945 200.44228029639416 293.20971616560485 93.3547046807781 484.6110011549609 
185.90264586353177 371.93035471162966 106.9933519250366 499.18488445580095 185.97380410744074 458.03345436645566 192.2705312525125 168.9244243200682 483.24435948775476 266.81614053007377 
14.62128704446324 374.20031617270433 16.004820857985926 337.6154241095736 497.7447903850319 62.91926514831813 134.83232098310776 409.2969384667808 468.5099093522559 192.31229469565068 
276.9303431629639 202.26840882244127 392.46748065338926 265.72406022077996 185.1767340080758 265.22078158925433 389.42234279030777 185.10667359268584 423.8331491666194 169.80041235527943 
343.51837906792707 264.92092779925315 67.86890930062998 461.41511705544104 47.28960455437047 378.14810347707765 67.85255094594716 399.37755583317113 444.13040001949537 330.11556325282805 
417.36409798273223 144.58874295404206 158.63808714799814 180.83907347565986 374.88125266939267 177.96510384465714 129.2809741307374 361.5852567188199 117.0924909885536 357.81193594858524 
282.8449355453361 56.35699914593755 325.5904214453938 149.34663114267244 315.1116519044112 444.0051453396261 333.89827658298583 184.5746542412584 267.2217404205558 21.66952448001818 
86.7828404756039 435.72134848427606 212.17574962951983 355.25247283279543 288.8068714544457 410.42292388992325 490.9262531460034 227.62788525846454 244.0741333369236 401.87946467459426 
62.51416793041308 280.2890836370202 14.120217348554222 452.1733078954708 157.70227529596346 369.1384194357482 145.9022046786651 311.95575990362073 50.559327079504605 480.1219690948244 
346.8403183313345 304.7054617848095 387.44759972145926 175.41221338143103 108.8647594991064 128.76124744129476 137.86720789773432 165.8419886065297 408.4207467357349 255.33292842638738 
356.6102006364737 230.29282809772167 234.38494197962916 205.692934866727 71.67756902329153 327.7406577220787 320.8464046388335 115.7519671872828 237.41241567056204 372.6622283479854 
86.70512740405333 121.22181521673508 317.3021878116966 269.5051261052972 409.0413434293351 221.56851056412074 185.90334713056345 426.92475450872604 482.2087740309102 405.95880120633376 
164.34135956053 97.491207534853 139.60473459761985 449.4032669142658 128.839352086251 13.569282431360122 140.07052490846027 412.2989787755022 256.7283980137779 415.07464448113626 
45.87494331956975 501.57499536432505 99.39264735695318 189.80945582978535 444.2342876862626 76.64383351022867 296.6023718390835 472.08035021403145 389.32175326294526 208.36180760963722 
371.6880778279196 170.3020917765804 66.71954201774737 324.2017218840257 172.00884983519538 19.2899003877715 307.26669418754045 97.84067169339515 144.1679400630126 377.9436810767401 
202.25575161921054 366.36637497836784 258.42886721116076 118.02712136597331 196.931513317308 483.3049948308183 21.785028851789225 74.74500959597896 164.24484745761836 140.6735725177937 
144.1360049038438 154.82171940749882 85.81475695684264 318.2603635094744 47.02370180000536 322.7839787746973 92.05189755122072 143.33593879089833 29.381481350931928 311.1511928570118 
238.39648097867354 68.99840733813555 29.749189206251405 25.23636828258168 19.623907503619968 404.3558194790216 49.407573369104945 238.2606808882327 249.17108645607655 354.7487605671383 
425.88487727852765 297.4849617716421 55.43666608961616 355.21640703069806 271.28896008072485 187.0611250542109 372.00828416669503 105.40915480785883 14.917888791014846 418.3066445722039 
423.7698407837977 339.15081283335195 114.60232143988229 343.10539719261766 335.8421842416808 486.853669028337 126.23262963020403 111.13763351933969 117.3100438351029 13.989410282494777 
445.9239939174147 116.64265818167028 396.68851468564355 343.8190809456928 164.27257317657646 405.4168873385123 411.082170635868 397.58524385745835 97.15580627947512 137.7507948097852 
375.98992778921723 410.3693384417889 182.53011488377135 328.0075970075926 487.70876824149127 305.81754518185693 57.678979975652794 206.54699063831487 435.2895024676608 37.9381249251055 
256.36459018749815 174.69687157925082 423.9975867776164 433.17342684929395 90.33620217006471 448.4764122309168 337.23229723917217 190.9496713757302 404.64833280961324 111.77339222101311 
288.8571908002543 325.90766833263626 21.241800634901324 424.67904427716735 442.8951065798181 460.0175282261103 310.2409708977483 357.68343307904524 102.54076844458537 497.7806051527274 
453.4200465834595 447.43464753338816 195.44422321469284 342.72159137550113 89.29178591184422 194.7647535020543 407.21800797728093 438.3741995376354 154.2715966185333 350.68578370133093 
340.1214782914989 41.96317744714283 359.370205038108 61.05878258311125 198.8751348846016 263.98618453901724 366.86804026854935 465.63906743220326 130.55828749035675 31.898263772166636 
356.4243861521987 472.2008836778479 470.5430536169189 261.10236728727637 295.07456428731894 51.44445546623016 271.4178707079086 141.44883722087468 350.5680331673831 23.388710074899112 
116.8536275172708 72.4470504073193 12.500811948501713 430.95268839175105 347.36558198577876 405.39237795842615 110.69516982146992 221.42876730258948 449.9240783075021 275.61153806730067 
45.279739894396144 81.55089619972227 488.3673757604252 433.0294594984782 167.92321090393958 396.8609548291562 76.56950140669777 104.2608346937731 378.674729584087 431.0762446990462 
21.316420610251456 44.429461329491154 127.8640515264966 446.16141870734435 386.84353806010284 61.91843577040534 137.5147484499832 108.80779788137029 357.98775991714155 424.2544499930527 
281.72331227278676 154.0233836125393 403.9071185968524 178.329214445558 190.45764644442346 401.5364658501958 369.32118708048125 43.1611354819632 266.22769924908437 345.7161840665619 
245.22538484992995 158.4004821798141 428.0816215039619 164.71302713842562 496.03219744792483 96.7809737385986 22.38049766240268 119.52237936312898 445.0926911555161 173.72115265294795 
464.8047235461733 438.6743707006721 345.5510728422609 212.27841897884036 303.0452101018966 409.2530155249132 388.48579941572706 46.65903500736495 14.632564637041758 19.947827195165573 
25.290087508508133 172.48721035757336 479.35728364420487 126.84103801749302 106.2451005866794 77.03623035097966 190.73415709783603 237.63355602764972 462.2388541076901 407.6249574713635 
395.9639742115047 135.01275463735433 181.58404513110548 261.38269484946835 478.8457491663112 184.86518559765014 458.8877985814207 504.5856335428331 25.09235190756891 300.0374938602659 
17.92665205035953 154.76789117679812 134.50299721365423 155.34845715266624 235.4797080079439 483.81038234337683 169.44541380421396 374.55538786951234 218.07318962807153 125.21058420338854 
254.10106100994983 34.97806969067212 208.58948928536958 93.73632965512346 463.92631535400864 460.4832020328892 324.69389004970776 250.66673994371175 269.78293868784215 398.5326253280883 
256.03196355346154 372.82354455846473 426.19076140743726 301.99837846652235 172.15091769016615 108.59560599442752 118.15590356865101 61.44770121025633 218.09786399204071 229.16020642450624 
306.0274860540018 158.60117820151396 99.64833402437527 208.10382817673144 332.83606147739505 336.6670442391264 385.1178917096825 287.6457801720547 483.5668697160364 508.25491077754265 
275.7102938541858 314.66774866923834 310.82100992026903 246.5718848928673 221.35496010786804 254.7523748777846 166.3176823193636 330.60434439567643 383.9872828617499 417.4338968072712 
502.6906550039307 439.98838876384997 75.2245047860096 50.864229860231085 135.03196371666365 220.27218114639857 420.3905566768704 89.0973782506223 276.63616001956467 64.27322718855405 
125.8429372184474 460.195331962898 288.3980003853623 80.2337425991681 351.5546212708376 488.35870268688035 206.3169698123694 342.47728559584755 315.9042906321903 48.28511560770903 
236.56145427939344 145.26968321429072 384.6279074136559 254.95847265032617 32.54601151930413 105.58746114486743 20.88483829327341 97.07231639931523 193.47458795548016 85.49687686342122 
98.39154606240257 47.29031716129882 48.803000894582 29.84662788359598 204.57604555489218 307.5469894561322 418.0736716556126 439.9774652828266 185.7062633071697 472.5919398008713 
160.57586539877803 329.1517135487788 310.9454049071854 19.980547181783706 454.2844270594001 130.40594552483054 57.287398599881236 159.7143147484481 368.5302952274249 152.52985447957255 
142.32563459111708 201.73405117024066 419.8556976961033 304.87446404550224 56.808064892434274 224.46890784770568 425.50743345496585 436.69278138182347 473.93181981865274 452.64450865020706 
94.0211262242181 261.71615724110643 37.330417156554375 377.5531573941635 417.3496866676141 463.6692087002696 154.70677599600228 277.9894007114582 53.98910307422354 203.4267135219599 
49.06504791181398 425.05397250051743 17.554644909247955 373.51543248963196 444.49449611418913 379.0292523233293 110.26068470597826 70.66398928562889 388.45852093768707 411.529416677798 
165.7571370173726 382.1040213005967 337.54179779094414 211.12835962935065 290.7757757787001 206.3257123170829 258.60900964202574 155.66849840125755 420.03941762386006 453.9906559600415 
122.32791291889471 59.45365589158052 123.88729583675611 99.70547005618789 291.01009596531367 428.52907238627716 233.06946719401404 180.3590325638305 427.7224632295929 382.2516900076011 
470.163647160938 460.7266139288015 178.62262178727872 24.353900003065966 402.06743863157357 112.04397396849818 505.4713039580329 171.70372132547055 153.01911498148417 374.2544857981113 
170.27478282566793 473.9647831484773 442.60016476797796 297.6326119460821 499.0107087195247 82.35894938308019 138.1725390542648 284.4865902818973 176.39020053157583 150.73491686126238 
136.2039167256985 276.6436958814587 448.60950444344303 77.14585994546684 11.934021906841721 59.42103703597323 236.04425882867767 19.139203635731675 501.83513375886463 277.7850838915367 
282.839465562946 340.9616985159507 508.31986374420796 385.4030406622608 95.34846355249864 275.88289823756264 441.1494188691179 372.28924127766345 46.373732767374655 211.84012720045314 
334.99545206801537 241.74953412085085 147.16298477720179 133.60820676743484 307.6085357010828 332.3269884551146 114.11341650481725 379.6968525834478 48.04648226361035 205.4519291736639 
482.13732615054073 497.17908956694066 149.41562650958156 444.49935307334493 141.6423219049014 102.65357851812284 225.57812544997668 335.95704248616215 301.0790579070405 282.5442046368392 
376.27850591227224 28.40740339242053 502.00976904478347 190.93990012585402 190.14244534110063 390.02604210079085 438.65072159282795 128.17789843539282 100.00108630706339 410.30043916995226 
458.84154953652836 508.37349290756686 29.993851777210025 116.67162662369623 248.3948878756566 249.09944149717478 398.9029684819191 101.80213400188863 325.7790529634911 241.41823561382841 
169.17277346511256 382.1732620360759 99.0872966596139 183.4702071238321 256.0670521307318 433.7148414587143 362.24642532996114 185.8206654797319 236.41733013550603 375.1705767129999 
232.41810558154023 181.7692215551887 421.4154158697137 394.90209109408687 155.54591971155045 300.8243970208329 482.9032611622904 141.834866220928 232.0012878673544 488.54660505824023 
447.6132097092754 426.2491066878482 239.28139067755254 280.962724182266 498.81188340117404 201.11871906979533 353.712213075898 266.75526528719973 149.80069781713368 419.7015367132159 
198.10986170475653 395.42937976400987 478.72623098447616 490.08380439785805 467.3532356416543 414.6607050788519 239.15348510026024 172.38225919241316 508.82121401149 345.0273589900416 
285.85528393986755 389.30669865472066 359.6474886567277 25.328918606186182 380.27077486876965 45.786331721253504 367.7460675924061 386.6959003536407 65.08633406182483 78.362963624091 
148.56078975982672 238.69243176966086 422.3918326703908 80.05409038797016 254.49170171711353 475.61562001354923 154.8654992116673 471.3892261918131 58.95167030812003 236.1944756502282 
54.44051845977953 313.3222895528718 482.0061601789698 174.8916917075719 47.90633016682349 482.72346475014507 309.5494943043551 128.01126694708913 133.89798768551287 56.15345757746786 
482.97047796410396 82.81523237109778 150.7265286457778 372.62338675428146 361.2607751126559 482.85245127953056 439.5034905142461 371.04336792022707 82.51898091189358 27.70277052596375 
92.01284728921354 423.0629458598951 276.8035521272596 250.33957896768644 97.78328781848715 507.00654736787044 507.2877887520579 280.31383841785384 329.8141008168366 193.60695021292406 
441.6699130758694 325.96284798551005 433.40773235676016 39.240033743748455 380.79137623204457 33.846728880426326 307.56220267820277 107.36384012270005 396.4166358805909 508.61584213976664 
493.3764145633211 463.86514094943067 455.1272929175474 401.51229399159035 408.92151404490113 117.016571788483 30.28399105464551 100.70846936601207 495.0315107831659 497.7474809339594 
329.0089932373835 181.68599041289718 461.46613634035566 200.93164060701505 386.14263385434504 400.8579846575592 447.899196116591 333.39494084225265 402.1268103003399 140.63792926817734 
39.185441605176386 439.3461732805776 326.7685824610374 339.1581684079465 199.359170302079 98.93396924523434 315.8370325057981 62.84113545239 313.81765070825696 420.6332191107124 
312.44644983108674 505.0266117381359 154.1423897697675 273.16381754911396 130.17912392632917 318.85787853494327 205.01161959109965 227.645124993607 39.90064236653522 317.6301423360525 
417.65683822743836 305.6890532334911 487.22104748406576 200.8041609391627 79.31671061078943 254.13505744708036 192.55479735263773 88.88833492911068 113.14145126302465 192.13008042267325 
10.732754250787504 275.3923075185531 248.0007303551648 101.25660833923233 52.11930642536771 229.0552144231472 122.64822849125072 254.4118801317541 192.18773083829913 504.55172731036964 
13.696109018829274 304.1415700004351 221.5069511459264 344.87902132259836 501.8523358040168 376.1308025493888 13.092757616005636 383.6277319824989 15.87410899845775 138.5558387404725 
209.07669166044795 480.3401251136003 318.69046967072217 442.999504489524 53.64568776587713 347.15851155648755 125.14720799371713 257.6333759903124 124.20555256554688 249.9670818847212 
165.82724879523647 238.37005063853348 337.72147441751366 192.23027113200996 136.39957093212706 408.6883947065738 234.18865440848117 114.73078775655075 96.9498156687451 43.83510781724447 
164.18620371943913 269.4104205793546 10.745703850115742 480.10556614772497 132.4673721954797 50.516761647761356 236.89045802866215 194.90722108198327 174.53933128701087 191.25894758509153 
416.31716679569297 128.30846681413755 268.18558738062103 359.1755834546713 315.57747001573966 341.77633185212306 406.88404379584784 308.41791072098374 317.87744633557696 234.80600850696746 
87.07410411577997 372.151416863796 375.8140406878255 165.14527356852304 86.22565258852148 203.27898920620927 365.2649764909051 443.31713835321585 33.663181332867154 296.68866522615923 
404.8853598800756 297.14353918079166 401.09823163605444 451.2292570009565 330.6641926175286 26.97357410367989 164.8231545813301 454.6167940209789 139.9937290700724 197.31904106660292 
16.519354567906475 399.4750359450706 344.7048752759226 335.60069018779416 124.63323330259234 163.71318952356583 297.52191194114 233.70809807635317 73.27284508877108 213.44384656820412 
181.38940783639 73.07649864600717 230.57839531033457 11.644295821305096 476.1245868081139 218.9834820650956 423.5198201789539 440.76450500024373 341.8483389750427 154.7688553248543 
421.07441200423057 272.48465392340006 483.6478450262105 151.68065429691308 352.7377466815623 342.8254218613692 186.924007916688 395.05061938853385 314.3209782401051 215.81430117508543 
337.8769104716419 412.50200918250414 37.98763421108402 243.91083863613244 368.5822286993325 274.8931275001476 128.48302508761088 58.39411746908689 191.1119273570716 165.6994196479164 
492.5094128121303 147.91541503878003 310.1522085489461 39.53763622060535 213.20008509026454 308.41940510167916 428.57191696475155 215.53473023184816 246.6453649831824 372.6367613131768 
485.3945178252611 376.24501202196797 442.4238329624194 252.35153463528042 190.6267803627587 67.8184773082917 15.09172009876041 451.64620976526396 246.39723447318806 422.1234416725199 
218.58373839324236 334.32773499867807 68.85756689645982 446.52672095051764 100.47836280123988 53.737605735924056 450.30014004526635 352.0343455327954 338.0808123312423 178.1490240995966 
225.944669453787 15.495999612272762 283.2766814393492 169.95438250986416 134.84714983437567 296.57636337739876 468.109547332188 501.84620916909097 189.38433765980523 55.19635919741616 
448.0355230257344 318.1945588073582 492.76672752225795 340.147520776037 484.80792158525486 174.8241095746686 69.0332221532191 344.58260180431614 195.94525843888226 15.394042563749146 
394.9806084441053 349.0854605497653 422.73553739791754 167.58381211233413 448.48102072533436 498.0235567046216 193.73005845223878 267.28795414935837 212.6404254125719 379.88583988528364 
285.6799202166184 144.02307426155642 200.25130455257033 507.309570996794 508.8681533478162 325.7500994149618 187.9926580590136 417.4988223267693 468.79088505095666 446.3149014801898 
474.8304611925887 238.73805974691675 181.14034060989863 463.71056648580236 104.07162629518263 193.7037354257602 42.04310068655647 222.36417560477022 113.52472826700566 135.27718639729852 
280.50655815962193 17.65149473291038 503.22052417008695 335.5618083674122 145.02672130145498 445.842472191926 235.14538861120397 373.8077293222236 201.31059391094414 447.68087063541236 
204.4407958705288 93.9470678042279 243.06614136536479 78.80096621806719 246.52207101189038 227.44296689278687 442.8129502744567 165.1845554247937 369.56936585229334 402.15535091906145 
494.66690734942233 126.8614522143836 26.84416770826802 382.92681574410227 126.05175557561942 378.05635452130963 368.28424091733825 14.591431992111595 480.29078997171365 336.9855421670878 
35.83041708559991 463.10995774927267 497.031890025481 203.5062367959639 191.93806327918165 475.534266197191 42.45883443935254 287.8219406000644 95.72657333006516 504.50424999805585 
166.24218840814558 298.4467446362479 166.21987911209862 167.9803990560474 487.18274258968955 122.63186016986182 97.13119657252189 139.91505642706673 334.500775364338 257.457397375255 
212.64501455070743 192.56547822080012 396.7241734234281 174.79255169599216 378.6496044993695 236.15192205931993 255.12852209519897 28.327345129200033 408.87304051349565 326.5638415074615 
303.6823531851299 235.87899705531595 30.37592955115619 236.8172135987926 182.4506431127601 95.1760830535388 97.85391948254146 312.9663339174437 476.4096634402728 216.32365690709065 
371.20324818131866 460.1729536227156 56.6263920589059 179.15230424878465 295.8022262060129 229.63616365724698 65.75546419389116 448.6544334361673 349.96198706602087 102.08579249223908 
174.80693482391933 206.71085033782765 148.99954290628287 188.54289028858616 363.1379322586721 383.3106730256905 120.3862523625132 194.05000994805198 98.62125467828902 295.46786029759545 
189.4248986084988 115.0746157894717 419.9441421152148 427.0373466950431 39.908435918590214 266.28879598540846 47.99029430874429 507.6339722587336 139.21348728289706 357.4281885364388 
278.2581992746487 173.8573449731004 342.2819009927617 465.9335167106246 31.26912241697182 121.02567885614329 13.943273645379053 376.0775952965706 62.9175043747056 278.6218760309231 
234.0317512104268 380.28117752059495 461.7173223213988 167.65479515218428 274.75000443170234 263.32052260286184 184.8971591851181 223.13902295324306 164.73382059179264 315.1300053742304 
10.29739767107645 489.89608756131497 279.2700849781919 342.90288262195793 406.02248099473 224.88040426938826 21.121649958248437 278.1931240787873 444.8014001626312 64.2329706439142 
281.41177931967917 99.72170212033103 15.009658907932701 38.26595637009732 495.0217440151286 417.59037847044067 205.30562652337952 342.58137980270214 229.95437990209066 189.60592376876716 
364.8345632262978 398.5268638872566 375.1168371646733 165.41830376381245 465.9534406399629 361.1917491012452 115.97566355936027 279.1754289842584 21.429570079665385 358.1465672560438 
12.537320786088648 336.3981618393577 433.0662618106944 367.12909047925376 119.10728730266933 465.77816682530187 273.7086509011371 265.87997784463846 210.2808133562547 431.6021748537697 
129.58265579168318 212.3312600463516 302.618500176333 27.505444819959525 254.92049205268623 138.3507255628556 286.45983988346904 397.25782578824294 415.8255025597041 265.24528106915363 
107.32780982717482 253.28528859442122 425.32977498654446 174.22657678544311 61.3776318300968 88.63028926452952 496.59737862755327 90.04182423449274 394.342898085323 103.05391873084517 
166.22657596417255 160.97301886475339 18.432066150577846 188.98303360698293 164.60399372440799 143.40781166118182 286.6285955666227 448.00546778905533 235.2639039592662 24.184865946466395 
388.8477099171799 333.6165084689099 30.205804775768886 238.91716328676188 59.40300097834211 140.9196580953238 333.12332831602305 269.49609097933165 410.2359891599474 188.9849515508465 
487.4976916989871 28.979637200463806 329.36172650171943 166.5677420467518 31.50875204202557 67.0677088302845 508.98356015194406 236.8913479383681 166.71681049837437 254.3677750982537 
292.7302729766428 122.19644788621913 312.4683344610302 228.6538483406782 156.4686335453373 13.760501081241651 122.97858268170275 11.322060893380439 262.14450136084884 278.09020289409403 
469.04449244514666 327.2458978396318 149.10562761264654 54.9902265897904 11.340712964676637 286.234132294943 252.35928614531764 468.2112875447047 117.25207335866521 209.2947948950104 
62.217796690575746 294.38066512318153 498.1954923084063 507.90807143150977 364.78520543954266 60.918311783055174 69.38459913069389 149.51144912616587 127.73804716797753 168.6417478972484 
158.9900472884659 367.39999431191666 220.85348751880207 259.7626818709478 318.64869694060474 398.2452720014074 285.7378851385946 176.97875148191284 112.27485989579293 155.4355628689248 
194.20891953549946 484.36321798999614 385.1265935817091 371.44086949955454 159.78442493806276 145.7559977675624 140.08033797730056 367.40572878483204 191.73101269250608 81.35895612914017 
273.06681133890334 233.1727970527364 206.1256411043999 448.23868047393023 44.621521997879825 325.94061596678074 233.38324878986177 115.43997406918126 289.50287539047986 120.75846990269284 
286.70360671695056 429.4128144761875 491.3309318490825 71.06150069356936 80.89041932070444 490.45646870704553 474.20025252623 262.449262398192 415.9959677082359 285.8832893217977 
88.21951272629086 267.9108559063538 165.24415769926702 150.60584257590543 390.93140569784134 237.69961369433827 431.68547806006575 150.85007536690532 451.5657285031486 382.0606421824641 
63.036519334619726 111.6979671992237 30.078871269330335 130.01431494241527 339.157681565588 134.16255645522824 507.9327914273811 372.3986405013707 271.62173993531815 72.49859720168682 
72.56660111138018 322.37398169555394 79.826736431987 67.45196306242018 282.51396480807193 151.59291248447482 33.10610871502217 356.15083459419094 265.11931249455404 185.2385438921626 
473.28931939389474 204.3419394335178 423.8060690795535 64.13440673517705 457.16596022437653 431.67479596978137 156.8500432217681 407.1289285057627 83.30668011803004 125.73725588934131 
214.61103105443078 131.95772990567423 192.69378853444195 265.5453522253863 447.17579651602654 217.78684172897312 257.6148719760996 100.19062532365707 319.365599300318 317.6399223030018 
398.27248004638784 253.34803394160127 195.06129428986924 253.91267676867434 91.56299154789548 149.34763506697183 17.79921446441606 55.17750998051401 261.4777282573816 481.5130241894285 
139.59090212646674 317.48159568112777 65.57963919613718 68.46982764457204 174.91991161135172 298.34155391802904 317.0084404928679 69.12726484100372 381.8686402906871 276.6376474113076 
106.46749267963966 152.0359118023563 197.32848181698748 336.610916082767 313.6454532549156 339.82479931888895 178.24634410006834 359.16608222392955 322.5259379254523 374.4210553716874 
225.86062852258914 128.68358963417842 380.03820228405135 73.75506493658006 94.87992522692312 88.5437395915946 162.5019544003547 275.65436800668226 314.5573160897388 403.56616405317897 
239.319619280774 89.6294365787416 273.61376745918847 112.56763992521113 248.36893843203484 302.25440615587667 345.963254676637 279.2414810751447 222.54914725332958 406.84588388542903 
59.19327554647174 174.56159760746752 131.93386308600984 353.14297221445656 432.7534357541189 148.91429143686278 330.9838111618126 237.69170096210433 237.80549890019708 477.16102296742156 
225.27239834397116 280.63683905331595 55.68790080060775 84.835162031888 97.17749659549528 59.62438684654197 136.94793073068922 188.67587966859182 154.99223372742193 96.517738926359 
187.89456808736205 509.70242113275697 494.9082911970642 17.630687908495304 336.62536713719743 342.03165967481107 290.3245027837693 133.18044166740222 155.48015108162977 385.64227951580256 
147.9340266695036 406.663701599286 241.8749937889205 376.2885806848081 195.0433280613231 409.85894080312806 484.4693063034494 170.7670567080515 87.57582392524154 484.1581197824125 
266.619458053166 70.73890545267946 253.21354990313603 453.93075875796114 484.07178339339094 293.3115309826581 309.12989842258776 362.6236675245317 378.8482208685748 121.58228986199393 
218.76649377336315 327.29941957964036 316.2778046339436 393.3474019270011 377.1074133479175 232.31657715933224 257.12690151606023 111.1793795456572 438.9038766989794 107.85500350381105 
301.7815435393915 82.0759065616397 329.30243652295496 163.98920565771584 308.4348201784264 119.88344270999012 501.32990870620927 76.01286903931258 212.23263173365996 468.69856293309374 
129.68810907057582 241.71782883190184 297.3306526069903 230.45019935050263 55.31147376766987 356.33041963958357 298.8159660623256 204.86598530109617 420.14085820106413 275.80850434003446 
336.44620062049677 175.0256717707202 56.56640888667768 264.2021198511486 307.1594918385329 296.70488640431506 320.99279195456614 345.78108917297044 488.30828216161746 374.71228364677 
185.97991484633323 107.63249644357779 228.5701522126242 434.42319602403086 30.41214551457943 423.43134829331206 228.48876698806546 121.71301019734247 192.14919175563998 194.08738901652853 
37.59803719309395 89.49324741699392 472.611939279961 325.9712848118457 20.08273192129372 154.05364278896127 407.75603489704696 292.42326754464585 165.9285274279019 129.41315455204344 
244.88671831029322 249.24741230461333 249.51470957574512 372.8832313064988 189.76768517334807 299.89462058561077 462.60265998885376 200.04628701822884 113.47740667222055 131.037382777841 
273.673131151492 452.3526186072591 33.46576651587523 364.2396115917239 390.565608125629 125.53886123088614 308.2643102143701 94.42451207001622 328.3727882016216 92.0711005862409 
110.30328417695317 210.84370157650804 209.54324146184538 75.81571126560436 366.2882342432429 221.2506310995 48.14554806765569 162.14121557787203 479.5898813470009 424.98151753310486 
395.24684486425457 251.65407168201784 274.099719825366 405.6468867033524 347.3590882897163 490.771674270085 224.0050970512509 439.13677661465726 44.9059699080379 337.3356070307139 
158.93640244099655 37.64283851936972 412.66380272833857 44.46835935021875 258.9398153158893 475.40037411009905 19.129348157685904 470.87649805345035 278.72854141815066 266.853512909916 
56.76782351857778 250.80354761964838 65.66581247136105 192.94654208309225 70.09407115442855 481.83567025836 60.932604662958624 96.24469332432156 183.54019983460273 213.76316458733828 
98.33342121929111 290.5872388615967 206.06269065821812 146.70113879310952 440.1930241703454 55.97633161584908 114.442125431357 71.67220192747818 114.7974045952788 314.4044974318782 
42.22864520090762 211.85451059420666 244.83206643568178 207.32400208213085 26.28636024961011 247.69824937242902 181.27077533195467 420.4611164418577 387.88967394920667 434.1135506801974 
382.16780659153574 226.6785956694632 250.3247827544634 342.9331894697523 100.80695922836146 342.58925050425523 319.9494227683827 388.8529504244955 72.6602845006199 319.6240047465079 
182.66397987505255 422.05297697222625 15.609903919597038 315.2572760538485 492.7471419038681 295.70313016977923 382.88570496919374 215.09309274533476 56.00907943641425 441.55552893788206 
433.17242734465384 201.51476512078298 434.21553861070896 111.8272810749235 307.33884971898544 489.60162456954833 322.735612741969 70.57678141941258 426.2426233732287 76.01550368999904 
78.36671395033983 142.77638914943546 149.06351857840622 471.5604595180138 399.2895376917812 154.28486431418182 256.61843262492323 13.11869993309638 284.10631413984476 420.92253577332764 
449.11118243228475 475.6657794814736 21.915433612466664 69.85239810012439 172.7703002497372 330.0683413344439 90.37563195809344 101.47022510797875 214.8277547978617 117.36746044547351 
463.7127150618462 225.00686402876107 131.29201380211373 35.25061502985704 457.6220568148143 126.04581662907826 196.96836654304644 457.41562082721066 363.02006204873084 449.15918561107173 
192.1796206256966 231.52946958893966 245.59747487654303 403.865215518557 465.6404678471918 226.48525351404564 413.1279511838383 27.110405912226344 337.93846572699437 224.6603368675415 
177.4848390415733 260.4795266175701 35.07487369948552 379.87890062548695 163.31929893771402 125.3364122263999 466.518391116144 86.78191334749317 40.352964643265366 404.09892153498276 
287.22503233173177 232.30767274716013 181.23822073094397 360.8509204732192 308.0770481860003 424.9861537005213 371.9392565837778 159.4946555814227 444.1943787497804 422.7501395248945 
326.58693938427524 262.64647717197056 15.571319404260144 104.96632383944088 383.760766504285 219.47912649548223 339.4918813970239 459.38953492847344 386.1508317527703 375.7136540822139 
179.17684559333256 179.74317678656092 370.5532111879405 163.9641202483899 238.11556215783347 94.62899033769428 320.1515427634816 257.6382753233198 14.535751930210774 273.46929978807634 
356.0382390429399 496.59715079489547 455.46433615293256 280.18489603357676 369.9282748900647 117.77691911679848 474.83245718234804 170.31155444334976 225.0187323241347 448.9759645508834 
25.077824874709822 452.2584767763962 276.94720463555444 349.0103998534881 36.69754010250402 358.41163592611696 91.80226802777918 302.44110901487676 165.20437735576027 396.7853318760918 
363.13897014395224 202.07544282714866 409.93986042294904 278.9247997263871 154.9527188329568 477.44668846801153 294.1971391831719 444.7633011082089 222.56436032578307 352.4744808539459 
421.1067221074775 30.13663297846069 288.36996056207454 140.50919871906274 344.7383817001051 247.65824296815268 274.40804531013976 109.9635690525355 320.87217199348936 276.65804546370714 
118.69771968803754 78.734526576199 126.89178964615004 382.8881238698133 427.3005382130202 20.618436411197752 265.25340029652625 113.69833500178166 339.05950500874974 91.92300601204694 
489.9829866332346 39.38510163888974 104.96814607808778 111.47862571325072 220.65537336242258 136.41634585673233 509.12273897293954 152.25269866012928 33.30814572018109 33.23581564245758 
383.21116703488565 27.769777700094803 42.74343417146108 464.34985054315786 91.49093592040806 81.54073100461244 115.67077821816895 403.3997606202013 488.21015858586065 312.70410045008225 
479.14417234304625 470.9229352402885 474.4240278195391 496.08274414271887 413.74650328671703 337.5057777449239 406.16032545097124 79.85885633514899 345.97429169470433 468.03162350727933 
230.88686357910115 269.0705343508997 279.2761447721841 177.72672624226908 354.2340604974915 328.13303419327144 128.19773240044046 95.70752595816788 363.9257888020859 260.58775406960814 
145.0867790344671 256.7321977339143 362.8715679744962 149.28217318913582 253.81079815400253 166.85970588630227 288.3733246080331 65.18378134009112 229.94102060924976 313.7194334917183 
219.39967708544498 78.03122287902086 291.85548577743816 217.09458574959567 298.8810610078422 27.025672011523273 292.2143780677387 240.52232911882354 22.978685711383108 334.7656518214405 
324.26090924152595 509.61403980292795 274.2805375883618 272.6283176530628 182.40069870033847 407.79854528416456 100.87743917572521 210.80053278735537 241.51286652685422 245.19160954776103 
368.2724207058523 11.162589378701783 444.4458920140698 321.2947878403186 36.076454060816936 346.2279137690479 212.1515083473553 227.22676376786936 436.4436530880649 352.34176933342394 
215.90957069057393 358.19020144534187 56.19918765911191 150.34216558856488 76.09714971448739 231.8774154927352 449.6128254393883 391.8859904438999 176.95496290727934 333.51784316098195 
33.77146423483623 114.64357060134061 411.8041982650326 333.270453744737 143.5035949604177 314.5648222694585 298.16692093308853 146.66432915952038 347.80895006271993 268.4199550546138 
27.243203077801194 433.7904279058734 154.7463333211713 264.8180588326896 137.19799992155146 257.9476359127957 356.7328672336026 26.906510386959617 124.71104260569354 249.44641078105406 
393.20777684524666 234.95449608813246 434.24272983610655 245.2729180276667 232.6137189842035 182.02365073203535 389.4692479978297 500.3169323245395 400.6489284993656 220.9289635246585 
256.33998737513116 190.86655506946087 406.7432016397011 285.69313386924745 252.21040593239206 56.07300265598035 445.7109397421171 395.69741991174584 440.5034567209307 148.08829698824908 
376.53423983918645 175.7321736751481 75.35271174069624 286.57937710295954 105.2292814309928 50.15013926667527 85.68027224492424 438.3214597191719 123.74911151637778 394.3257191642058 
13.162669097200755 367.5738509284891 81.87589458861876 51.623124878390925 343.53776493792947 27.941398199526446 394.0557781195958 249.07691129482046 295.7059027478423 291.4246768757202 
508.1295557214752 69.9875390464768 258.0783311919999 235.36194760351808 87.91219282829148 266.6356020565837 186.62606565024512 332.966183760962 486.5743263059405 321.31733852505573 
404.0823829556196 18.160089839708228 12.77891086638199 288.9050140698811 364.7518964051591 220.41243592752622 116.5261497715978 79.13495548412673 74.37953944973896 90.27868512367559 
246.6597076144612 461.8265444231258 479.53242325383604 261.3490788467205 256.98755500360755 203.2352139781473 265.94781830078244 119.3073915604696 362.9703274554652 366.74266431885115 
130.30025131140968 173.80328518431142 275.9305073423423 436.0872621297319 214.8410086298521 253.8416423516971 266.7354266837275 44.337970408014726 19.3629814650526 372.39178270600814 
35.90735120092741 216.81468766653043 229.9441851199342 230.91979611124017 392.1135726416821 161.1583468343225 28.92280936568369 459.5471242094475 365.9898927294619 262.753738580191 
75.55729973117363 313.5384044102519 11.25038476589312 68.70825661502326 471.8241443257452 171.82194243765102 270.0366560535332 168.58968988559923 152.80694419647395 308.24557047439646 
404.45983616886076 505.1261437317223 266.1294753657545 31.27143211782323 121.28816780070211 273.0713006010404 229.886234868648 412.81246236327024 141.73363752550787 189.4380092611499 
283.5232646175061 451.913913839169 93.2904450036041 43.303461532122434 471.1227416880249 143.98296945613174 225.57875169312192 58.38902371014231 121.54401337024333 51.269528198504545 
77.14657834624693 226.61785132023448 14.87468106263872 95.30143891400633 345.1830874935244 395.8533580940614 49.644444880446216 416.9770639389519 335.09643683053736 20.02184289941155 
350.25511561596994 275.018570349261 491.9091975688253 104.82209592291035 379.0797927693645 78.48887910352363 140.4245273906492 507.22547037179856 242.6843433414635 274.0754277244565 
186.11624480637346 371.9692372710184 506.62428814055295 433.8440008852748 153.6959163229754 113.24651963165043 458.27035322924405 14.165557304606548 65.31001009019354 474.79590296371026 
382.1156181747015 381.5193259429261 285.3203578179864 326.5937837160605 37.017500101929656 325.8752526410354 83.62101215942684 481.3526308475446 149.8277101043377 407.358902555506 
294.4444843076716 439.02835994783726 364.8632086697408 106.90195541096536 72.61081035429055 92.53973806708798 213.67144941292042 376.5814324517535 374.17215176082334 52.90318631091638 
294.5428446406428 310.3507436840585 413.4064269196209 376.98591698628724 476.223701062065 280.86577252215415 473.1128840468072 106.0806196179208 65.28273425907304 13.108963495268124 
70.16281063490337 148.5048598634754 501.5842574925784 190.51470835980015 103.25848714833567 164.42815605270783 271.3212242398324 314.2990298010313 234.85353176059607 236.13007991807294 
352.06111945594836 161.69672768388352 384.1877326404058 231.8922978131937 129.25800188926934 313.80922918073975 333.38953321210147 396.72782075556734 348.6837259713847 348.7659687344665 
73.59922591940148 328.1505174256805 294.23141836872577 420.90280368026094 143.06606089596633 120.18806532664 505.54445750866944 71.66029520975431 334.17233624777936 83.84136815946113 
474.9239827383085 242.90506620305968 271.33764282315053 77.19373755269986 387.96810319772 88.3774940205812 486.75631154891863 103.37272191524903 97.39596345105043 303.96862568001615 
245.92128463742634 459.5679736832424 144.5096310662841 322.5296368403022 499.88745501755534 345.30809360924087 267.7471978803006 343.9168300513598 466.22769901968513 463.19957141845356 
462.77993720550927 295.97543781202774 465.6345237332831 270.3311451850684 283.60688263763393 447.1651998180098 266.12075150737553 163.54644915899473 199.0997862049344 16.530916612295044 
311.7720996826713 506.7882686708026 444.45162407805356 251.72112410851443 338.0049476404287 33.71740968090241 431.98186462580634 70.75802041917972 500.2822721914164 283.80934886384705 
