196.15664137250573 299.84524616952797 127.83052319994422 483.3545038957475 583.0091385432305 
142.83502948643087 415.5891949777436 70.28649572886246 331.10961715214364 237.17029602813167 
332.348074536054 39.869720360446166 273.13335972922727 445.61154220778985 190.9486183602968 
221.4356775306822 230.1113168298235 479.3854728191834 277.27677889047334 290.42721075310743 
509.72309948470127 507.6933297204575 504.33604874126644 596.4797446767394 171.42366654177044 
194.01362992470138 162.45109110611304 116.34399888792811 554.4971480612367 192.79317726586243 
336.6952421624364 440.24360981423257 515.1317041366956 90.1198206530204 312.63615700703724 
250.26170259517906 568.6091151138161 121.97114941695857 441.4928447056973 299.3498669339424 
282.7028908204031 353.6323350115037 85.79816282031763 49.55355644306259 418.37859924983724 
153.87744815436963 416.66049532491917 278.04753984182776 463.89020678202985 347.5074919624157 
383.71821488725203 309.57508824230746 358.366170617027 379.83916277132005 128.8807741267453 
283.8847906322191 350.9789816280852 376.7381826916087 464.950219050523 416.75864155847916 
291.7920458308466 133.79061209401215 390.2167859939366 163.2252081830005 400.3774462132466 
418.20621406385465 160.12235291559665 341.5515967105106 308.2985670000958 117.04754276800382 
187.08557177624402 26.607958304727426 521.5510908045293 315.3782868619327 589.5822963892508 
571.1983483699815 399.0563641513131 137.9250450297862 361.57523529010194 463.9515943780036 
93.30069099803104 537.8458099751492 83.3863233132451 282.3660352907981 249.21435751416183 
566.1992619594841 245.10586212306256 549.6017296447924 607.3841936132314 205.70846560067048 
603.6319725611859 53.61405346171158 607.6933985021269 602.41275363388 144.43412742496105 
537.222325284504 439.48226139916994 478.80150310592796 369.13463387471313 417.7072319822703 
534.3237773762892 262.0236726419548 380.0016776224285 544.5308312033216 47.50760619260393 
410.76673920035216 582.4477846884558 153.77286388718386 424.32639642650076 374.3987375518986 
176.62732628988977 327.87707671875245 497.2580345322263 567.9674029972358 159.22699864316226 
619.3014354569082 310.1377114879731 296.6498389267042 306.5428540706711 446.6658083213948 
415.41335325043747 313.24668738492704 359.9377123759596 221.991058484798 340.57845520432335 
242.31448799471477 184.77273004295336 317.62309356098615 69.875835529331 454.52997541491305 
423.906755058091 331.4357798444147 137.36608392255107 124.88000515711384 516.8574460765319 
58.90640777245422 277.4546363412024 158.27097863525887 105.71758256560169 130.65749566573805 
328.9709616309886 616.1514080992231 398.92068322745536 424.05855116346345 38.893848819541525 
427.7414431525758 413.9493191009871 507.48174281153274 561.816347995452 119.46308444222521 
570.080207352527 525.8051235722089 401.2443043785233 46.1647676393449 452.25951238848603 
485.7571039033163 288.82204297209665 557.734217642875 517.2024537105387 249.69602628203427 
447.57914787343316 484.69322483255723 262.81063373545805 296.4185343509646 235.29188916265198 
76.36799743363639 532.0010106566054 457.59048574350976 114.05321015377083 275.2290860370123 
372.04034531158806 588.3942582284351 42.14494862775527 560.994458341052 20.4786492720833 
80.985943420794 534.3060394282323 148.08937594202305 138.77555699765742 479.3565682717352 
186.49045697639446 270.0572010922042 164.71329679107333 604.1906553000863 411.2087300223687 
34.51439633232925 604.6901074009944 146.31625730788485 79.54655026111254 82.24383150637499 
436.9876453694748 237.34000553051848 115.95452617718195 234.02004104495757 147.10636855094353 
456.0608912212466 441.90265292026515 258.7600766387727 66.26250795529761 279.25672642246604 
614.4931427741267 446.5938798202897 34.14042111683251 535.4367669950312 56.12573687370304 
20.447752519909315 556.9940240782443 570.1546090608795 521.3087985161712 569.7348724665375 
382.19114436526183 181.47464076459627 396.71026848759715 239.74639126564978 560.2944875707976 
534.1862454457897 580.5421001457163 560.3370039102692 615.772939224769 211.3592303528882 
437.37189258223907 547.498692960823 197.4370242085785 111.83429701062113 274.4555854743919 
261.4164869754665 529.6922409200611 452.2424252327995 535.6848668938605 154.5997084390775 
135.70397174847815 282.1466426758331 59.243054864835635 93.68288604863176 453.56781670546746 
470.90029779375993 95.06329616430516 288.4896859037592 516.5790025977016 474.8152142129111 
528.1826598720126 511.95386211660724 218.69471011681114 343.23380415384963 104.08608092193259 
144.49084514036042 36.28301146546214 372.09862173671917 602.1336998702459 526.4137582241735 
227.2521044329522 563.613313098236 53.16558542410411 451.98770828163043 278.6537992897667 
400.5885201523816 447.3772473653639 388.7158599485409 123.8547432487837 194.06675303755895 
328.5601186385654 555.4513224014714 600.3693880364019 612.8196584421659 420.8004097669825 
342.92842476804515 169.44823449511097 153.31170332169745 183.7301612084999 110.30714594985537 
68.51524800206903 58.723821898738684 542.4244556086916 541.3245384395809 217.54809038391855 
545.6310320479104 588.0382266425453 293.64675549095386 150.49507552344775 546.9273856728499 
195.2766398132551 25.01560615978964 192.82241834240628 129.59244246157152 252.7926741245055 
29.783234163681186 56.2855636566799 95.8926629197255 152.6057414138691 469.4287064977707 
572.0185088049531 26.61166419894346 134.63504825966464 130.65035362336022 33.03466961860289 
374.9030520145191 32.4414344308847 594.6275264673673 167.2330829345473 569.3594905376684 
516.2714062035841 51.04549134998278 312.0038304949176 234.89188001880942 479.49732650110593 
140.47728454072933 511.52624944751324 590.012397904421 564.5471359647132 158.71629673410882 
207.8538187612546 229.11498263127854 174.41780384046228 506.6532079793617 346.8793538258193 
48.34718126351446 65.8657710301816 219.29114617353966 70.2743851386332 423.66709661849376 
570.3686154848291 557.4928103518176 314.49639358153445 299.6790734150066 38.95134086888824 
396.0532396592704 387.95765749087735 197.84197084847696 56.97119233864981 491.69199158977915 
147.4494242565304 502.64375500400445 124.9546730542869 264.5585936605768 144.91528235293976 
334.33617357532 51.580687620312474 276.84479517963524 65.66739736388135 66.82312560106647 
254.90327596795422 342.09766655868407 129.13928673839564 499.2967434963417 517.9078951664748 
148.8269700110538 73.26906059008287 240.21471515429593 294.4950390124022 432.0008088539967 
93.6067362220264 212.212563882381 211.9847103192103 476.02322512383813 458.23942404941994 
336.5449816822855 366.2357369220914 482.7874085067878 269.628140123662 605.6494195480908 
155.4735491383726 88.39836063735076 194.45000269685812 302.42625827944994 348.9201727697545 
62.158816347965235 332.5395456787528 74.828875243032 436.3203370188713 571.4119753491645 
146.0228751325926 324.3575237773334 54.457160833706936 345.83502920817386 319.7384776578644 
317.0508905269484 236.75146457386256 24.777041575584562 574.0384023360629 175.56881377760735 
382.03822862673854 521.2350994727952 201.06353121011463 260.9601755995715 188.61420563449073 
586.0622354753311 445.58678067301884 402.7095268666166 349.65004255693543 306.00128447389 
201.51781015553362 385.6563014959992 156.06116510042207 619.1379200383731 45.163272713445934 
252.38036226092092 502.93066003844285 481.36702959639734 376.3360006199731 329.64753335521107 
545.5783140766828 67.46597296488932 588.4072365597547 437.50906322741565 401.3693890051013 
540.3685660515237 338.3953258817249 289.6484806390353 243.3568045217814 72.23335661634698 
538.1849045114028 243.56992604489966 81.85061692517087 350.9003602457821 37.97014550138563 
509.2214078393744 480.008541055374 155.3293629834709 323.01586189211883 74.6469806297716 
399.5411399305682 133.61429404627825 94.830337315767 357.26137107657917 522.6255412179089 
467.16669013329687 157.84334673913082 139.34101716944338 146.12144356579887 254.66258041258908 
182.68348464759322 296.3250777709588 494.1829992456347 399.34621155450935 267.1482228329069 
376.52031124197276 445.36060882115567 533.284427806282 565.9607033280959 440.80347385777566 
220.28606677201435 462.16555910046975 210.40678252959825 120.91506977365829 526.0350535565553 
564.2364489077239 488.94633652027335 204.938107719556 403.26050691773986 526.9713898898326 
609.8922586967794 208.5557095933053 172.1909349724277 155.06684493261983 317.2512893550483 
540.6812663653691 423.5869669594892 133.35544892345848 380.8200323414417 22.054847883756405 
150.75039641194059 178.23333425584232 531.630222427392 65.39978103906182 268.67906180240624 
561.1943245996112 563.836737095914 575.7329553568558 316.4615109730639 538.064794050113 
274.14239404604433 379.4226766000349 289.0052101417749 567.5330446489365 59.85294316698007 
140.58790908030937 494.19192640082133 352.56672669824565 546.656325580412 473.4325082143687 
281.5542009621447 488.31234708633116 367.2197023801357 109.10824379076561 238.5664124254063 
50.07035875397028 361.69817814594234 325.7004881743105 600.6445395477415 604.9397200570186 
421.24883361958337 399.93005251928344 170.94797527003493 280.72563620189334 545.6439166238863 
189.16530002811035 196.0775059489354 75.70421504718068 436.0768816087368 302.3378002797427 
393.76286566396607 342.8378343846452 494.2551313753564 68.35578330448931 278.63396613790434 
332.0349485225245 48.87295913760877 260.6087423661581 482.1692344915289 24.048037407073114 
180.55877245953042 286.15719825909633 112.9149939680188 39.603484219765875 66.39014640165249 
98.201193128058 153.06962830213777 357.35724114831896 515.0704610798766 440.4213969783835 
237.52616535615095 524.2697786962945 313.8608989572404 581.7865066431285 311.46716821910076 
591.994325750942 558.361668831043 50.42067285313412 212.60560962452558 362.8720164734513 
486.2359412630224 225.12480057956085 574.1654882431454 79.12769642140994 285.9705814621278 
593.1453554768688 194.69591187942922 438.8601872519239 101.76707943095458 232.7844545405407 
170.81247318379548 572.4207311227582 205.6567678557381 229.44512861738642 38.95960267622323 
562.7733292033341 257.93372308062465 483.70529795426177 122.2876665784977 243.4308965786176 
526.999515642035 120.01425454572596 428.73855236539623 557.5606305630016 289.71312076722427 
54.60564397165462 396.4335140023868 111.85275163568032 183.34004355414095 431.22029792084436 
332.4569974284035 108.74612577332674 430.1943849790886 183.23301290963886 141.1302584844058 
390.6045384712641 206.06734465574735 130.77680967589455 87.8684089096681 79.43738403879925 
573.5362843530619 371.4585675916408 94.71473389894328 245.75863433722452 351.24780796241976 
273.2596713927627 213.64603754185418 190.17765832117593 240.26871817107084 528.2154259882655 
273.74270317546427 71.31573420011289 78.5986497490383 275.46718510148224 448.3172383824236 
563.6420267462836 44.93799383731028 452.28056058547935 438.0951302464448 578.822750866535 
582.8050338439681 81.62394873766232 516.5415794318255 234.17718220562304 166.09584028081693 
554.9005929343418 33.42812198305556 201.8344907082387 377.1809479651846 118.42846808409615 
522.7326492966992 122.18491038590895 318.63218857586935 522.2612464538208 310.96665187730326 
115.21908263518952 329.67386739079274 539.9445007262033 72.02360413122639 573.3494395108291 
328.45163484359455 417.8005781860985 524.6419268898314 369.3071379648915 451.21311208662473 
62.33614543234854 618.5765477339473 362.7085053328302 409.4937866004588 324.3659671526272 
505.5726880360241 38.88466353969574 136.40203587171445 88.4467618956588 541.2355793971523 
463.5680553790069 243.09717515890756 26.21486378128131 313.89007367149776 487.02972362174785 
356.55385539667 22.221492849569117 46.52361232686038 281.2609098458305 159.70710511907023 
230.85923334938104 267.9064254565922 43.7929355021937 305.07132010062037 272.9736970111368 
598.9829492223406 451.7489634003163 522.9271593195808 230.75384096408402 450.62763913885726 
199.72151719269633 195.17010244733063 49.49502016087209 378.8596373669169 505.0692899858496 
215.91437265856152 104.82818585516503 593.6094043703583 214.2272940009646 309.94593079222676 
444.0092429398857 467.1315272341357 93.62387794141887 530.1183742981088 559.8622325016794 
38.15717709760756 238.79837341765088 204.78547829137563 505.96992771609416 457.8800837831269 
485.31325918480945 356.3640556877936 111.70593412216215 473.8698264095933 55.05449278496546 
162.12099444137613 405.7017259386843 598.0059906762938 21.51371506502538 378.2781175646964 
106.34246359174442 354.5271659502803 327.6462498533812 398.5287194832941 587.8855292651195 
554.2884446013206 39.898394160064385 368.0593662898762 480.7951562565343 491.32107932293616 
71.99801506075164 124.17097885263186 214.88729905779883 507.78826039690244 562.1020246253146 
84.59264776256175 363.8782317004885 123.4305211182325 236.8945747076745 354.5821320189158 
599.9306860090763 75.59468416418487 446.2295831907882 473.9066916033173 216.7913525793036 
565.9401566376566 501.91158996572057 574.7981387864405 130.11339966150825 159.9159814191401 
504.2084424799194 71.97558397423487 413.5578014742563 535.1029040627867 389.68972419703044 
355.83000680672205 179.26726970879645 224.5137332306535 283.984546502773 109.86402549834642 
161.30645905027646 250.9460616756982 193.05260398816955 223.48091913698428 110.66217342101616 
298.4809342216348 216.56211811499747 21.21638768930017 60.39754328511695 217.22128388105352 
216.9684574360484 279.50709101851055 269.5535654435737 207.36383431862862 427.8872426593448 
452.08941142910936 204.3921231806661 378.6982853304694 435.355550385314 475.122431870782 
65.57390948323444 531.6274840167845 115.57514450547535 273.1287665410425 119.86530413838956 
555.8022955009044 262.7313267398972 436.84696332757136 444.96772130857875 192.46506809681 
190.48125930605957 494.0893338768562 246.0632682831851 56.59524137532459 540.7054093109069 
344.6988904969799 252.670486815437 564.9510054421613 483.11600809186086 380.6991428631448 
454.4039238664904 366.10071634017515 239.31616168753402 162.73054549248658 584.2312092881458 
218.53773896055105 214.90334026102516 473.8672371980578 107.82147220268016 412.97266824443375 
173.211173229179 521.9080110100306 27.578822785087947 384.89634524987645 234.28304099222922 
211.23507977807617 559.9545926254133 313.50786473477376 232.67143919103924 155.3344910063518 
294.63222577935557 453.10083436846264 117.65675390785515 51.07190365654951 194.17841086681855 
93.00208669300521 29.47922257210969 385.81748659311944 342.7542524492707 592.1562425276367 
35.17782180520339 598.5136826985638 302.4803089740482 284.45009000892924 257.6297988512734 
165.77964750674414 286.04915693566994 400.87045065140455 481.3847621714621 234.1459141571183 
504.1792951312521 504.58926863338013 268.8867930388391 569.5134198532817 396.50405313043814 
485.06975115497397 170.67863229228863 544.9301192932969 204.48934912937068 507.2871753736477 
563.1814264382576 437.779449895291 294.97400154225755 62.158212115954406 197.64402914414708 
57.47408439217528 392.9263188006516 414.2726277400304 293.85538254537704 274.7487304696032 
432.0108281761893 493.02071813882986 362.2139073546846 573.6459449924765 81.55869375332165 
423.21075200103905 287.74750219160495 297.28844086216765 158.53580506718941 41.269781790017575 
559.6780945317406 608.5318674608145 283.1020820628259 293.12165699321463 480.12421405366695 
136.59164554286664 486.3559376577047 559.8361658366507 335.5356336010914 230.73764530526066 
228.85743015277177 107.14284050357234 464.45366029682265 492.15062377253054 438.5241138292028 
604.9031955896771 505.1908046314344 205.0338749521038 526.4930350394079 212.6354221019879 
457.0236738137334 438.07407595131394 489.54295812544547 477.1848105251071 538.492866379747 
537.3450283805404 357.6702461216266 38.63413536829988 576.4033969526087 281.7479518985763 
195.41241351924586 290.5474043572424 409.1197008413035 522.0822035682219 415.5129414531087 
290.6409409333295 537.7487339596103 74.8401022299434 513.5211267186328 367.9753954493567 
608.8050434096147 591.8196376842819 481.9207919076553 422.7625598471578 61.95151643610879 
76.64872153911047 312.38153419440897 64.88059461705424 26.40954451545328 269.3149606780974 
344.7262551231787 87.19162776132046 299.6324131032307 469.7944001001047 571.2087517471156 
119.75522280280951 391.8355509862521 321.8732294969219 154.69522322842852 61.03167109059571 
569.9775883440449 28.256083603347776 369.34313797330157 432.16875296527513 184.78567418110347 
418.0546848178615 522.371605984403 550.4657755142836 314.41915869722 37.75066823426703 
565.5166791525921 168.10851806882863 508.36506890543706 386.7262168831478 254.76551406431454 
172.26907645707828 565.1593444841404 568.4563964973462 466.9631016782419 492.6640091774358 
427.52748121990294 578.4567326636878 431.88524363778834 112.66493296873574 428.53838362470725 
200.08004037456917 388.3716896794316 30.054948589450376 72.36506961381171 429.25606225267404 
123.11300414476526 563.5248967612437 283.2461763493836 99.26773323745886 200.6849821788916 
151.003115661607 406.241860962329 326.6577934095607 243.4244384329393 535.9123914668762 
593.377781506893 149.3595980342065 169.74000556903206 587.4479566146471 558.7711765435536 
478.14573474106834 249.45177879653872 150.9701959944497 236.33251859840777 32.48823880711609 
184.7534839710646 74.60586656186808 223.63659449168728 81.92424444767657 575.3909384297901 
308.1515934029776 45.55688564460308 164.02074238284538 76.6506474975065 520.3732912820919 
221.25673031824414 100.03217876644916 308.7521225526688 30.795395399100837 468.1312884152264 
379.34467750341264 126.23783064304601 602.0735548597372 326.29384891234264 333.8006791572571 
605.9544107141173 189.0445787077382 237.20040667759758 272.9976398927856 262.2189010369047 
90.54740872164706 60.00609791370877 101.65468647369372 347.7639213524296 100.10877024441973 
559.2473718076251 290.1407590014514 49.055272687536245 201.5873959479879 347.4435815054606 
419.2582402332089 534.5758670668316 505.87042462711247 116.21171553020255 270.3757059830832 
364.6698121736995 274.715883335723 339.48815392726635 182.00342440566376 321.5401921462274 
27.834814726941808 382.4510227337617 543.9056633491889 467.9944544976219 79.30695343964088 
499.73697294201344 449.84317876737526 593.531118690536 399.423678795618 556.546310710722 
480.03994784770043 356.3615330706027 248.05190178108194 256.22977302285165 334.4677746549751 
379.9603822775529 375.61272533524215 407.9512734046366 188.0424072649139 312.73889982697756 
537.7686297970062 118.01990743444338 388.8251562847575 209.4341974084699 219.9128034855139 
538.4851716169662 270.3235330362478 342.80880417400584 417.5546429567591 156.58917261946593 
598.9848481241786 104.25396614309825 268.69484174635204 358.66946305079415 527.9763557210481 
401.89045478175905 484.284007204056 552.1063299537464 478.3458082951146 314.7607880393248 
472.8585952690632 78.90827500949666 318.6561009896956 511.7064117345054 205.447776456214 
304.52941874734455 364.1878659106645 293.5237222229676 616.8450452538669 415.51257222887193 
266.8035837712763 466.9926883441864 89.33840525069215 409.5517755549674 616.5670865623198 
409.37169877002066 314.9926516194526 311.5680153723794 226.21229138798043 31.95259391842147 
182.57782020351004 399.39184473232973 219.55466809649576 101.26930738905251 285.2372398974986 
172.64672029586316 394.9393568419085 526.5543487754821 594.9892083940738 548.4267400053299 
484.81976454143216 572.0362622380829 400.1557861027071 117.3626006870238 482.560131681639 
302.67245809518766 151.81265231651122 443.66948999681233 357.55603701878294 321.910618871861 
215.35377324292452 142.7705935929815 229.7665864363259 610.0728043725895 73.26439235044688 
220.09014205450498 424.7518377625817 21.95578355267736 475.1964636861707 104.60954878885856 
380.309471562099 552.2414987075787 381.4399357982867 560.7805142737567 325.80427311474295 
227.3112389287911 495.8838415154178 412.3888848053951 205.2842076083302 32.0574775193693 
134.56088284890967 561.9627700586627 65.47695327211807 30.28699055081834 125.869265104253 
139.31905184873182 279.76047331132514 187.30892962248154 588.5655007602052 362.84167664077745 
129.20152266242312 553.3018817475781 583.6219774349224 47.08568985365232 611.7556748997254 
416.0533077950591 186.043050730804 440.3007040176074 100.72288601241841 381.6654684073594 
272.7332819337752 25.467521903419126 423.5520060389751 91.82124223425848 272.51185404995846 
268.4417452638162 282.0882597484436 36.20384258491667 274.3664955828181 246.79803219003543 
485.3573711061053 468.6641189702451 240.04112881800975 242.96874878778232 615.979928029901 
185.72906965806618 617.0506122521545 335.2709061631915 501.31005109542633 476.0454975823827 
398.2165659450042 570.4149361980825 210.39173470812742 499.35243125886325 223.81784165619646 
451.08919263476 247.82703615920988 503.5761312891538 272.44963995711015 422.21389635254087 
165.64938720657454 38.64138904274157 236.68472442031202 389.4582191312785 564.2962170083377 
75.59288892514965 429.63073060675714 53.61436336486685 403.77440691941104 89.62038105432282 
218.47714065263818 594.4222560240711 296.1122429479386 515.5813597580616 331.12587200221526 
187.4387456241066 400.19195411631006 134.61519588004126 131.99896615190238 587.5449249666614 
290.0561493660253 300.4421456160217 313.1174019478642 162.68545500073907 517.7823261877486 
463.9413135078896 596.5445684762308 511.43343657609427 342.01879490826764 204.60106831305833 
194.28825668529547 547.9749244807085 43.276196286041696 327.4358239739794 521.7549506479633 
88.10641148900787 197.06793399531435 533.9629213337538 210.85004067535058 319.839417045406 
25.99365047664191 325.8331875464691 218.81778836363705 92.2056290092794 101.85917055182503 
349.7091815195015 378.91485801004967 305.85656768306995 418.9269563444776 341.9846889253634 
89.01103437370608 39.05139489320684 609.390564959444 181.93928289535688 384.21090992475945 
592.6266540612593 222.16705858498275 511.92169721689396 589.5904253081251 187.54174731929766 
136.10099705173013 133.1557700322186 299.14179135537427 598.5937165598024 328.6738328722553 
135.76265568655782 177.02069872281768 357.8953624618645 171.31236114696412 271.5931297786613 
27.18956253643337 311.710237091581 372.39014717817724 228.46376105768053 527.5504711931978 
64.23823566434982 439.01542771594313 614.3904399432197 174.6616269326124 591.945774572152 
78.6995651396073 410.4134977583901 135.13105014599296 262.03405327576155 511.9994566213824 
400.60765164284254 449.7812501006992 438.63924858416914 617.2279105207139 37.870870654812876 
586.6787547462754 410.3584473751982 378.32562898414966 554.085786949461 89.12192064773184 
522.6949472325291 256.9885094861685 273.2473765036235 614.6812241669777 149.01683387112377 
260.14416803622885 36.15072549924297 611.3853878824074 83.62236200825231 223.87119562181596 
195.23268283151222 427.1473064391888 490.50613348873327 584.8552070749423 188.16086169647932 
398.5235326219558 91.4196753175131 60.475073232473925 448.7641975258512 414.90082739657305 
26.82017447973071 608.6134626329606 563.8984045243353 604.2039325736787 373.3011465449798 
188.28507020930107 334.8402653860081 536.2179223191777 251.09885305044426 192.17661898678315 
351.8045390095374 489.6191535835921 605.268061375336 572.1921418859333 40.1771212754072 
78.80837284111675 494.12107386001827 229.0974284740398 287.0582749974095 486.6398963922753 
68.52359753050482 587.3573270490654 506.70968481095935 499.1404707948564 175.6414035334573 
226.25963937832034 553.49903241109 88.31171726597942 70.73132529062978 388.4194907005878 
40.93596860209206 239.10973532753263 270.5705042447489 536.7576396228251 375.39301216876197 
466.6957293046959 332.1175260830932 481.0468653299884 563.1053727306314 420.05139835268193 
89.99928925553414 545.1198118024859 199.04328570367102 118.05282398130466 436.4172263215618 
395.8322878790067 396.25064642446563 114.09656446007003 477.066840642463 304.8756755504819 
164.24370590494334 35.37180183210836 46.664004609587465 364.53219945376526 295.06359292091156 
92.87217492371975 517.6721026242786 528.4668127688002 565.5764293728308 108.24117537029056 
585.8235231349303 298.64946589890826 214.61462033779804 353.54471769361146 66.02929237410311 
29.501481845525905 403.553367383116 250.06477386239942 282.27080560634795 570.3598270087664 
318.9158748017113 122.20768784140249 585.067059609361 517.3529879140885 325.60119452176514 
552.6210382091484 280.1113645508607 95.78221130401195 529.3283089909237 34.61274034563773 
401.6713726076012 444.1018672689909 56.89032179152749 167.9661087485463 514.3458695174583 
420.59270626743154 112.8124044610595 194.24471850073434 276.77229605110506 403.8217205351339 
221.0073826852982 617.6806746889176 50.87878981103689 507.9823673230976 610.0225790459342 
407.7402584363999 390.27429860206433 584.2089136378044 450.4716926721257 29.460473413104808 
391.3706675397446 528.9586822746583 403.24552520273056 497.6503407863984 440.83046124724183 
170.5558917634715 87.0952842348589 201.05073916719243 42.9341327344428 554.990865546329 
424.18211720329055 392.54643634914294 160.4604299499232 202.06839688403363 572.1867990913812 
391.5241675099618 452.6737275955099 452.9989062306668 301.57316880347264 294.4704290243991 
544.0120366132378 580.5262982718734 226.5991079593291 339.90279338408084 207.0694459896713 
82.68622242162837 248.6689117504707 23.728400962716137 93.4667537577367 531.2882729341832 
320.62062657185686 211.123563761959 596.2040194892946 96.21630181252428 590.5422443019265 
241.02799829564117 177.0888353917334 416.64015268227826 533.7104397031555 169.3476540400994 
42.83396336519432 40.23289493507823 431.24567376091426 446.9597037821449 603.4182468924183 
401.48708535739536 304.07720191128874 478.6135684150836 496.30438700329563 60.224006908750965 
560.8121005482924 58.82172579861707 110.10737942740008 471.38943421705085 368.1016764175457 
30.833921423176584 291.30751063062695 507.22976369625053 102.09927840953438 464.78874060089316 
267.60140139517625 302.9423931302202 589.6031311693811 201.13604816504716 171.48500905004897 
346.89379076701255 397.478008870565 555.4243313961213 497.66243910951374 486.499384636563 
378.9494445654452 530.5463403975932 577.8739990994357 70.85858249592408 235.36420852340444 
432.5371912796933 106.73755543530064 601.2392006365571 202.0109431944483 336.0182772004312 
102.19685411959064 410.5044823176818 116.59453174688397 395.38105874480254 434.17036991367644 
442.5769080642855 278.9580386430816 547.8042798571539 204.99477837567423 153.03239433618853 
260.64596460483153 304.19845281985323 215.2564589572396 501.9184614283462 372.9025694956818 
74.17130601473713 298.60505649552067 559.8904007325755 451.698992060724 221.10808713431612 
59.14259422986155 198.75908033541396 368.3829066401668 193.4601607693527 294.982143327737 
487.5439586364195 224.54456649657132 228.33608361243512 141.5696001640378 165.12543222958917 
139.6927995285007 473.4885291489379 118.36241987599534 510.5898865665283 290.33490882847144 
323.7909545023481 412.4590496628445 482.3614728260383 209.05402150621666 318.2978775140156 
82.77275389031966 147.21419855582178 102.17790529037339 93.98224992260761 618.3436862277935 
570.2581543452981 494.6326756301997 442.24397800760585 34.382807000836785 486.9935937353308 
260.57543516217487 264.2830452696895 439.6415948643251 428.526710975601 448.3993531997072 
371.4312661606019 558.7010571015543 521.0406773732359 458.7052405218476 426.5361477870822 
42.77409941319966 530.6158926021351 283.83295277564844 72.49087519041868 552.6146119800867 
74.49304300904541 467.5467805860772 444.00399100351865 147.12746230370743 69.87281152711176 
593.4683072096198 608.7025213364982 461.27272925671144 41.3459608730622 260.8506280749313 
433.66242714672427 106.85829285138256 458.0475586428331 56.2875426867713 523.4600122449069 
79.81416333216056 221.6289899858656 179.95170711389483 225.83810013794675 307.54270433335705 
576.1416650536829 534.9551563714627 251.08063321188092 219.93812923777418 460.926125017507 
238.42632349944066 401.189671858518 177.6692690151842 277.6001632778795 62.896933355111244 
454.9581922392503 141.3192007827505 592.2399115302071 66.59286662873079 405.0328078111321 
514.9756325483359 443.8475028388472 421.22247491846747 593.0598535418428 47.86572725609477 
80.19914068424768 395.8562769707627 39.00881041713176 227.6289978447426 492.1672084874992 
205.4916376216581 410.7666924516444 548.8222559512371 67.61040503900588 382.896319312096 
430.09712793756745 390.25023255922076 235.92526764438415 82.32457476795885 461.05806559602973 
584.7155179488334 324.3533411055434 73.6995321370583 576.9715467930517 314.7818460489427 
397.13721576926054 135.85563505115448 152.03965776926523 118.14419620481746 398.61964358737055 
507.43495596044073 573.7000896341493 336.19961676288375 271.3791029423792 404.0309529835961 
221.81529937459902 89.41250723614398 470.4958557797327 560.1736450830327 410.7888024465859 
213.0680265234353 45.042060025529 104.74979816018194 340.7025767886802 537.0075025269056 
407.88983330940846 428.4518867740739 53.56914011863332 42.939452526355524 264.9307639161856 
51.84971465069843 540.7921238895982 182.92009412517382 324.8010555586023 52.678185995150535 
497.92917845843556 392.59704106313234 560.205502381422 160.93533876181525 172.85072438864543 
182.80987148578825 541.9346014886534 580.3839754324034 103.38860348744521 143.1414283686504 
316.66808434074187 145.05103374953075 90.56811320709191 341.0135799189915 49.65894632574915 
169.31812683296718 303.51736625126097 149.92110742848433 403.3915196019137 100.1972386640572 
562.147570775291 90.39752439546434 373.3074584092402 30.385169768326683 593.6981506693617 
417.3066419114952 251.69335629109517 80.69057156028089 609.2402431988878 337.05351872814833 
140.82368113917488 610.427275939119 496.2325694871182 88.30857076553762 186.45285032083567 
164.3676915441443 273.22321064387336 469.83872434768216 452.75027932364736 214.84999561033575 
402.79116432600574 549.0390884128958 309.77184619655026 107.6329062439072 108.82134417361928 
434.7592043278637 354.5619136765129 570.0917417065772 394.206999725643 548.0174245495268 
436.97939151320656 90.34953811732987 605.0728482198822 374.19719713148703 111.34165454516294 
425.9370081563136 337.6132400979662 430.31906212891073 184.98016113814816 450.57500936164416 
33.638600446483885 530.9821324282959 584.8013237886672 297.67336271828873 360.9242580883525 
186.5686460090101 112.94659720273673 109.13970354084148 24.455204069051668 517.3055275658534 
212.6454116487625 48.09218299762691 204.66061856051817 616.7766224954764 615.3547425510735 
584.069626282018 568.7318643895258 48.479393654412455 90.278957533995 409.3331311812954 
151.11779068369404 109.01970365841652 67.3639419893839 294.852654934406 349.2909330832418 
241.5386474744576 54.858978974619916 344.57238984466414 230.87858365173076 532.9649999605289 
322.54023699248125 456.5487661113973 298.2522230566006 378.6871045238213 471.6897572022936 
149.55465435881362 406.6693462672689 348.23796871810345 62.92342257486945 63.74378066967823 
482.0611072863712 35.587272251445654 422.9618765365471 393.96883272476043 234.55992592062557 
427.6340576954807 301.4380300770391 64.34709551205395 213.8603435260962 274.4938853632609 
398.83495052281506 602.6675645933078 102.5073735523524 95.17414665098177 136.6478827094354 
223.23291494599113 493.20562934995075 602.2312770774964 190.86413764003316 376.7304298304201 
146.24337224772316 479.003701897691 459.85457701161954 375.7254241623654 73.12495458927813 
393.0142868160829 87.77046892954426 254.37097626822236 142.50549228116284 479.13573775640555 
314.5395281284056 370.9276768466494 454.5216572844876 276.11320054081506 273.5547506168522 
211.68735653525363 79.61205356354984 50.0373926757743 608.1499141790999 204.89411198592018 
307.9212591482364 188.36219176281955 527.9554306465286 303.2569092420995 505.3809218278199 
298.0604463550548 476.2283274948645 43.64699938502824 22.56204924745711 391.51167896772506 
529.2500759727543 142.57435818697468 552.3918943360491 93.71546047475536 398.8860924910672 
436.0364964971923 482.82940249318585 354.42430888389225 459.40058130489854 522.3337592213568 
540.5929209771753 298.7896458531742 369.6204781623872 616.4445087940021 572.0338463492355 
600.114811462862 411.54229259242163 274.5542797122923 457.25006687804296 308.30863931311933 
616.4755593315151 597.3323402637814 303.5328981114573 617.6335432877406 99.81667421018453 
70.54967202057314 614.2412031167258 407.34180133850055 375.54683841015594 151.63198651681768 
279.19663252445315 338.7937238798689 371.54787300168795 260.74149910931385 582.6934657712625 
42.651494966675685 416.829650024078 384.9812984852224 175.21703785027006 79.74252136596917 
221.76295119247283 254.31607204979454 304.96441624857977 109.18590335206282 22.41132615046491 
397.802797670355 155.26103074897227 447.37585786566683 410.05595357657273 338.7252827088507 
83.96706829649372 551.4158017434163 117.00701894955981 137.22630834069741 110.9673579588581 
110.59693012903797 179.79558098825152 239.03099634168507 349.83852688893086 179.51491283585207 
250.83941821906254 138.855321743562 29.787112085072124 136.4185303608027 579.6768142758493 
117.09333042552993 303.9524580314396 200.38406454469393 534.862046076549 258.37706997888995 
590.1680805436808 190.9090465317578 287.61608197603715 110.60261856848433 540.2753045503731 
363.51919043427233 428.32652673091417 93.0164034124569 84.082842724595 104.98230758033839 
436.9903337866969 511.95513548944916 344.06620763260827 21.722891169732897 78.69330831208302 
192.83342245465215 566.900548318111 505.03109916072225 145.21977396926613 486.97262330229364 
167.92073693381374 206.65995485285615 313.8864849594993 161.8647966496082 134.6025243265694 
408.40447063688276 444.6943843206511 433.46545370136573 585.1583353779495 419.2564473215821 
386.8919994433079 549.1088738926907 428.3416258245099 483.7287483859715 116.04418754087621 
479.63968085820136 420.5534920590457 34.94268980797337 372.69995498501277 429.3545663653053 
266.3452365900081 276.0724029325265 523.7532733482102 222.34773916027373 358.41071924118114 
423.7399049075467 117.59037019570466 573.8539550724923 303.1621744170509 496.95452404434616 
554.1175381679394 605.1828975504915 327.98328428282923 285.19061579659194 440.7629001626171 
510.83859063156683 416.253237358396 479.19713177779556 555.5462143907076 436.417564344761 
566.235593667561 98.13285681200735 288.3101705264902 575.8796914774812 319.9255115983232 
96.62122959522893 581.2071310858958 446.78520559914983 57.94942136608237 385.31809257563856 
339.5349704189017 252.0919220901759 106.6104633070168 448.5866219062708 434.0157464031768 
187.10610501441818 453.1738876522916 92.87281437068313 165.61107627179916 300.1810418165629 
415.4857742434464 609.3754289777304 613.9678488442311 65.75683573781475 162.01913919952472 
184.60407752071373 40.58797024978689 578.335276765644 128.4409076956992 342.41936626737345 
267.8161553923916 425.9835111173641 526.7937796308202 151.14856402892195 504.73915379182637 
451.96034772154064 293.38643605120285 79.37083735538562 241.09050698687784 363.05873841272154 
371.48611757842923 333.96555939789135 580.2543200129052 293.2584446470776 174.90710764509808 
264.0176929520295 132.4619340328665 181.28239616200284 228.58904896828835 164.173642464222 
339.2752463848732 170.65072309482662 132.25867523850047 361.04177668090193 450.4503639596361 
590.8260340389115 343.2688462207043 416.23101225208563 324.27543004818983 228.04374720870354 
224.70850847839614 229.62127104883675 572.4762166959418 144.42123047629107 554.8775369725173 
176.45977818114088 520.783470224929 53.93955298069016 244.21987858046006 561.8766603181701 
606.2555438457996 213.89144761022146 555.8091360712974 226.41378894571503 382.45020220339137 
340.3894882248714 275.48001805281035 286.1605650912249 253.53918989195208 406.52785293123674 
227.69959226077265 541.0903442820753 208.45959630536865 531.7918695019249 283.2720135752269 
235.19131896691056 376.1954434555631 321.3087366037509 354.9704987313225 601.9855973988111 
573.2834263064078 563.5333174132628 227.19032192746144 179.03020233282297 364.63659435453656 
144.96280608563788 415.71652730240095 424.99374194764164 108.77956872827635 390.47385520144445 
403.700136954406 322.9025523399094 608.5891863540884 387.87613006019996 349.9366354107212 
203.14993436081787 338.6342414576662 605.2757751272095 515.5404064024419 369.8624763684522 
170.2080684275827 459.84286132062647 605.1089967303695 64.21692026268049 465.14783747431096 
246.57624133069137 168.47074449613166 48.301495320799795 159.53409700613676 585.6597788400784 
159.10977612425512 243.11550353617167 408.36456379489107 497.0036425878577 495.36194074191087 
204.30074570193162 512.2956903826713 160.56442998032907 20.4754941170382 169.1987015821093 
397.545863280984 171.03773519531123 607.630310827942 558.8270847046801 70.05406986751555 
45.517181292998245 506.0092714621802 368.3696627671457 414.98751649304745 92.71342846195739 
