317.7904769320048 459.23684533535135 44.34114666104088 108.95278074629066 302.64807886095736 
106.86728981808874 365.92394380593106 292.1921160650833 232.31310344379045 150.04239446689132 
364.96269716948706 276.61330507355984 237.8383971259736 126.854499820096 407.5148484521909 
284.6479623695646 124.62802349063888 359.26430431240897 57.758626387484405 491.26695189304303 
27.222784955240876 346.0533697235315 236.57812053748188 383.86704405045475 345.610624073729 
121.38317709684314 350.149551979873 41.865872030102 121.26462330027925 268.4141062382949 
109.2319337852513 87.95810313914464 136.1119870349488 402.43736359102616 384.8651521339766 
187.98632400100277 142.6371159627814 62.9728478909573 71.17871685116377 101.37938035527465 
258.32173654892335 79.28634720261122 51.01414142838855 409.1115250125497 182.62534843818105 
98.77897850931987 485.06421248657404 171.13549841114434 19.70914261138356 92.70208091784298 
270.2322987384549 390.2425339749816 115.1063363973067 278.6506785425237 137.91458315076136 
284.3025058519001 439.54226073174794 24.288616095587624 487.90870736593774 493.83739377083765 
178.10722399360196 421.758516776324 178.6516338524416 476.88101065098346 307.985215863337 
347.22970646394805 119.4900472053747 468.0783502405687 72.94171767759045 445.0371830263678 
135.68629005629685 503.97746689077627 387.77363429650904 100.86471887030007 201.86306933229685 
141.46716651134489 330.9244984735544 93.42538788650594 264.59000655426837 121.3135660996677 
508.4681601847838 239.09245217868784 499.81513007872366 353.7485959989957 197.66385486229657 
468.9338289493028 475.8444612041893 228.0637444214154 303.28614238562955 402.60327037122096 
317.57290007993527 373.1619507531466 284.9324058848239 108.54131663099963 92.66930629305075 
121.02089129847653 338.5114282859796 364.9392406543792 265.41922221548896 50.020835926067534 
240.11593309340628 360.9190186227398 188.92802595367334 110.09004732776211 385.4822608871874 
402.3824814611897 231.38799550990146 456.62097958471935 183.24039213052438 311.9828341439255 
257.1119778658821 245.1103483338452 85.15731267703241 337.67154526063456 308.0372973345424 
263.47619139360836 161.57697355054722 509.27386447009417 456.4025037581846 404.00505547214016 
255.25987491522955 507.54599636177005 424.30054647035433 101.88244644316113 371.825402873944 
235.167072867571 190.81118694104825 492.25967508734317 90.00014645308667 404.1191054814619 
432.4158672188817 162.81012030064983 399.8751930266775 78.9079811979974 267.39826059706843 
503.7282465582305 502.37561091143937 240.07863499870479 399.9334720223839 282.1242821514118 
228.14519561677724 57.47756338021525 384.5690960475102 192.76776460120143 359.04963260202396 
187.71577077487976 356.80128238516096 262.13319131668413 260.50118655248 35.28524257725229 
200.44884922632056 107.70066525205034 357.8080737519022 41.78218191349896 247.5286204580268 
179.4648891146354 114.75158658477723 192.689995833697 231.33518713051552 235.60549846054852 
297.5941230207437 56.17521963530774 338.42801226412524 429.27188233930354 432.72129814791697 
293.34959969107695 330.22923208268224 508.43568671499594 491.1211676729019 204.45119938939038 
329.9351286431193 255.76399658853677 457.90373672895623 500.39799815478807 495.4444965628878 
420.4664479278415 70.0638844929281 114.16681462905264 424.00689744136736 19.069343561582343 
130.6908593259793 491.450819089608 259.2940954573491 507.06981180185363 432.8273594547182 
425.04876048357823 96.59765656292551 448.4233762492921 451.1814470400112 122.438960812696 
406.8559339753475 434.8177408527147 84.89438888119409 320.9913102808277 325.2134931676973 
131.686162402104 359.5674518108222 390.2703122140159 274.8161282794212 452.91344922029424 
121.75093601748843 485.8822509773229 21.54466843389401 491.1876564836729 384.0984408242346 
444.31972188818025 380.3905209930919 455.9507590811202 104.3895902807293 233.25668203220695 
419.176258269964 495.9012048034393 306.6242317231913 396.74687727629856 130.3242953114181 
408.0016772012715 77.3913234843595 59.77916573810942 166.37675293096288 359.94509383833054 
95.71561803974626 181.64247752273158 359.9697286925673 378.03197928814507 479.58521148615347 
372.55386765575685 373.9649470901987 477.4123168322385 357.3631960238487 213.0024877052029 
452.4420973062776 436.6450591861292 197.28637830496208 140.2628696915541 368.2548558705427 
343.52836868346867 53.2543711000169 91.53046326239816 287.85369026101694 164.15375606882802 
10.112024870444872 218.1326073893618 399.07879467114634 212.13719950532172 236.62844336906397 
110.26808245479252 272.6259149833864 19.980416672870142 179.375613186305 96.72839790885844 
52.88857436078941 239.51533803567665 55.709835484810114 309.05376392412666 198.87955707970488 
323.3850323858163 429.0591127747695 324.57715927332356 120.93485281605459 364.5140843127395 
274.7194740816529 327.80937307682115 183.90320585564396 95.52155922158683 69.36349939212054 
354.61820540284447 172.52449006742486 175.02984239747238 62.46421671957624 308.6551104235876 
439.69972255933465 12.822230693601657 12.837204266762205 64.48214300997694 83.35624605472086 
10.802604318572985 298.50447708350066 96.8525408970423 122.61087428252509 221.7101578835683 
433.08281560833876 200.59797839128 268.93437023175284 52.54248465716831 146.89999255762075 
490.5756486633236 13.02012234391852 264.6399373091442 316.041879651001 496.12825902607983 
373.0604741756684 147.38451811276775 147.53360378956836 289.51012231867935 275.1334720224341 
367.4664416791181 153.85781240669155 212.73240271936527 161.40347485944773 120.67139595022086 
75.01328838827197 392.2807102835419 46.838514025550715 338.14171530501295 31.316910952578706 
356.1581211565577 370.14767191748393 324.06452503258 315.152228963384 192.70672462518638 
109.64153475815468 326.740007696726 354.8675648354771 315.66095649660656 259.71890302489123 
169.983025734967 509.0270756937592 24.88562997903714 388.6827810735671 196.81091926516967 
474.2175223069322 177.25200178392598 123.58890032512275 402.37102264202287 214.61427303982322 
407.1048256020418 32.82983852855869 258.06064795604664 446.5092821694861 460.7736747940127 
502.1577622242205 353.7929262804254 336.004521380348 334.58148272237105 324.8491641205445 
110.36142994701302 193.07367456405865 30.8036458955827 351.71445487002023 438.8569107774419 
70.19544435414852 371.030552669444 171.65568782528223 349.08904402307195 298.76150031328314 
431.3869311050978 418.4755407566975 133.96652411558162 121.46222721341242 289.0608899049239 
424.6405909684924 381.7884653118726 203.85332940363577 394.5960273991021 67.70206367413938 
193.4003676534128 433.3065428383387 509.3994713282338 280.077198101466 106.16763485130275 
38.54742507874519 272.9192355706905 317.89436275943314 351.7199305942213 187.9835009174733 
88.94378263710684 509.60494140246493 199.41934871466526 350.0257749174312 145.47711475075346 
330.06527386117875 262.50559057838166 323.60675067890185 507.6423456661394 270.79156524198044 
268.8713151222118 472.09822517118164 348.0670052640654 102.0912302035965 423.42066491544125 
318.8316961941082 504.2032265158646 247.77332876797868 113.96427150561571 287.42483384506806 
177.0357278536323 118.14165350591026 337.6036428410784 495.1168726832696 210.63093797956893 
371.9733815997785 349.5582844599638 132.31624508171222 16.980358690462708 203.18636361081587 
161.38850566667617 86.56342049205594 335.59115139727515 372.8983387075927 140.5671320004283 
94.11223013462782 142.27721055392206 332.581129556613 88.3531981514477 327.3326679158034 
146.60379535688787 409.0128495867665 297.9208165523942 451.1383614033218 442.43885254460645 
146.73143287351712 219.69621756950002 306.64187129983526 501.0641426364398 28.692403870583686 
485.856242202653 505.2408083542868 321.299306165477 420.83421586144345 170.94130929596568 
341.33807888831836 176.09203067376015 211.2541535895111 290.53598543114913 56.89923670143181 
20.027332089578458 239.69789424603454 164.970347143298 116.0500923446231 247.20924909117875 
238.06600167133269 399.9951779497282 272.9178443735644 113.96787839485727 127.64034736557905 
361.38422335908655 340.9185669213793 265.84505329707076 143.7336549336587 145.41653517550245 
196.69456034595584 433.3116492878858 383.46521743965843 172.1920202315839 176.90426890668058 
485.6697557354703 497.3659656690655 153.73351171237908 151.068298302572 157.5927384371384 
370.51611186287835 313.82815410384995 178.674359961276 387.7564432125248 263.9182377226108 
361.56158011546376 283.7443955141284 334.0144871033021 11.809174184972617 345.4977264898012 
505.06697284236026 254.570928333211 495.61378390907686 140.457614311886 505.29813634913296 
69.60338452739761 240.24356556657315 443.8500264128117 147.13373206196528 42.78964820095703 
103.44353732955545 283.50742610682113 69.75643119843156 147.19111861012834 153.89018081090111 
163.98006848286622 423.7605063273056 304.945864282751 458.743832071375 103.24143614825702 
47.757587483321196 315.2247955089104 126.35849838854179 436.75831199858624 494.86629218023927 
409.9038169877376 74.85226760969142 390.8783713170873 442.28923607716615 501.40519031684096 
122.24148622420726 52.48854244767908 142.18014315416832 312.1611888618807 118.84172024067968 
486.89727538988376 197.0044094152264 200.15322626399188 467.6387159823881 380.89377757006736 
67.5962822841189 119.97953739727534 503.33247546929175 212.93742691770484 347.1156111052162 
283.9045148029653 325.75752566441184 77.43038052292455 459.10737934355035 212.3429246988171 
308.3825074286152 415.0265778281651 62.867208589428394 488.23199755690274 127.59234600090801 
25.930279564777994 74.31584007099006 154.7446583265521 283.45584200089587 368.137158848185 
335.58578005468576 320.79682796569176 207.68216456264636 267.57126073106707 91.52329737630065 
163.8021917424811 179.46904461841822 292.0707162430341 56.30869498689116 144.12724303591673 
394.9460642598144 166.17552349096147 478.39825609780405 370.70006142723884 160.9159258765019 
228.67043458534496 236.9907383803723 182.22562263494257 308.59698151605534 59.836130581700054 
128.2217609251034 133.46104320587125 48.070207913581896 30.361749279388384 124.28896114124382 
201.00369535093608 109.1334494239774 148.87186983580202 13.711307279729292 148.04540484813393 
139.26648310921075 210.0211941269317 455.92552199150015 112.54584994063293 454.4095978283269 
370.109965482315 108.42276791090326 108.27823631685645 363.259178252629 402.1732268896493 
109.62877791886798 253.20050393607517 410.78319054469733 507.49711948454853 325.7305251962225 
164.60497314837534 11.659729072869819 185.51528989311615 394.652455534356 85.49976410360931 
69.34187480241786 289.0385588140379 225.38567876210652 431.6749974810339 301.4517900417553 
16.770967836643436 235.87288471104972 73.90698759966301 117.20743057007482 220.06527119996105 
237.65242900684262 294.75340241342747 17.584647087845788 25.871209281343056 500.46447704337635 
484.39268713284554 113.91826190753584 402.829321320592 155.02251359165192 264.96081910955445 
485.6447326385063 422.46380925680756 217.15322188413177 357.8384038780529 222.88997760757366 
92.42731076672455 141.50786453783746 133.34145938777746 124.60523181421728 263.7508661390517 
438.0483824984932 407.2687902864456 147.95405740179962 239.05200785409875 509.51126613788847 
173.75922105668982 329.65386545680803 333.6544474930054 493.05226940043934 88.91177240614067 
24.974689412584006 266.57200944908897 14.275263274989726 144.62188207492176 435.09876430993484 
383.3103940990414 386.8481542015114 97.08686249413061 18.543693169285994 337.43958754455616 
415.9091227105505 339.4335586235288 507.3524976817398 482.8901690312807 88.46630534546462 
32.921595842400606 373.7536436727925 353.9266647065092 58.99393302143007 436.1750955401269 
217.99415600685145 234.75094177748178 463.42817925642254 496.89609554353154 173.04899161739982 
445.6889146662857 219.76580965924734 395.51278027025444 46.90967729753303 97.91366525664202 
98.4686737682766 355.2157093164357 48.15547406797115 193.65793962947814 470.8772982640312 
157.8350189828035 65.51016788952828 73.86941768050542 268.83658167107245 430.0118785797082 
97.08748404153377 340.2616248844427 313.7368085941488 389.11723934513043 50.02845962647344 
503.7137671151061 298.17308418689913 363.37101998046484 256.2336858406691 235.97259992987662 
328.42624671057564 25.614859770363644 174.8937134930719 226.6093114792499 60.968474365087836 
405.1915870167326 377.52067124772844 272.18481729733367 91.19670012918439 367.38444062090736 
36.18419263160921 349.57629339709564 377.59689060459147 374.8692782257771 260.6548391190996 
50.41828259629065 109.54235102969832 470.63287208182044 255.15814141187514 378.6114277405788 
51.92926519451168 46.810321157853544 390.4423009391389 37.85189480357248 24.852405179760495 
88.8948184961965 411.86279663152396 461.13476677303083 301.5243574876136 209.77289546531512 
129.18694271892787 459.1843632695217 332.64120421218354 413.038154666936 58.821519671002456 
489.76471837799585 330.39792013560077 150.03672863469214 114.16666186630752 174.82333182607485 
370.3564728266056 360.0975841147139 64.7990533283355 317.4212359996949 294.3699648585392 
308.40071162483895 110.18764864202862 295.40260941390505 322.76565248677827 160.93641321511154 
38.64491450964074 333.75703500881656 408.9902357818483 361.00876910443856 67.21685748834021 
282.6274438986985 494.9203774928417 496.73641043439704 83.2148743465979 152.91704038460006 
450.04167054873045 474.0037495955745 133.09257509775878 286.4480663192711 102.69908970329583 
434.3157767409863 129.3706561260336 162.62589062456695 396.6221509565554 482.0094957108549 
371.31309639788896 468.56119636843107 330.9277807307975 410.275283071939 100.05760888775171 
184.60359846473995 466.80420411577995 240.44103860473197 433.9035717822306 62.239803404521446 
409.07878338068684 13.972526425715383 154.46064353796345 496.3092976298322 295.8730005834025 
401.64286075966464 439.3609548064571 418.49093300383674 454.5478097726284 319.32427105358204 
262.2382638402519 464.01319854798777 507.1423328212759 364.8553649428636 305.67703172371307 
288.54166983442985 333.5090610567242 15.436938079600662 357.8346215035572 37.19651833678416 
425.3488161231493 150.00942639904002 288.4396781452529 92.65321822485727 289.3483900976453 
86.0652621756524 324.86985986279217 354.27973151249444 182.62416672411524 445.3490692573505 
474.0121230342928 425.2631190543144 88.67470711658942 287.89899980749743 60.60844440357509 
209.67880242119224 467.0455980706581 78.88224852608765 477.7904323746237 46.455591788290334 
434.90944575183795 177.67781943703096 370.5056850220456 132.18955212860183 163.76439858123635 
163.65980845563092 97.53909702998497 109.75996068154814 399.45415286784834 438.1342507461557 
442.8323717886676 324.70025290095003 138.7125828639814 166.88256139030392 171.80464656310306 
376.2773253359139 120.43622818991422 252.76488287207548 153.3775353918898 215.2322006823708 
414.8876499191256 152.83638652629992 393.4075833123291 165.13516641377979 19.03278768736049 
479.4295322572388 450.2293434375354 369.3085449656347 491.21554890899705 449.65562797244803 
328.01222321865146 290.27025531106074 283.3726097270805 372.77863715896143 68.6340841751466 
13.651178615817209 53.99168485751803 489.91446056298327 387.7748569103071 233.53960329399308 
370.01625712967297 105.50875588414931 325.9332935306378 421.2057360756794 330.9000872137867 
75.04648046735151 10.069862241251828 304.1595208802913 273.0143192488232 338.4461948261535 
246.57905152229137 407.49477073327773 337.61072265329113 313.59237531072716 291.29409983432606 
34.47287314633989 310.5437330957371 89.45872532556358 267.2273400266754 188.2990257701253 
266.95487388565846 483.2757222340178 325.7493047817632 62.044370772936446 179.12227664088297 
151.19546758603659 271.9095773784835 348.66682456693655 270.6787297552618 66.90693997038798 
499.6027091963296 248.08406446765113 25.401178413689486 307.65487831522506 207.28220686971753 
173.25157694166543 383.774981743718 212.11530925662476 489.9256907221289 282.19891982922104 
285.53583222432627 99.58088306899953 27.954476983952418 87.97746454977234 341.39267646872577 
364.90919196450625 218.81059229139348 23.472528533334916 42.1346505351815 388.68710487018893 
221.89435003575025 463.0332197650424 38.32511183769848 327.0643111164311 12.565731753714108 
327.8729595650979 148.78606020732624 470.7092077282929 165.91249078644788 27.193979414503847 
381.0758550872864 487.3401849175674 215.98839648674067 111.98869461882254 372.16356984145006 
487.28547054416373 61.22438346509311 143.4713288514461 282.5029236869829 476.52470362864966 
11.716087483966122 403.09271844566126 301.70904654900824 386.6653045523055 199.09060327156124 
196.09149538834336 49.04109557920099 496.30677849890776 194.65582292978826 125.53477532495077 
276.8940196143572 183.24607565394928 306.5352311859801 338.80154580336335 410.50229287646624 
71.97716334196667 151.49159439410624 373.4616538235289 82.05917123535983 265.9379224418095 
222.1423189522082 354.5038449654907 442.45412469740296 478.95740777652367 295.26992721767846 
419.8656600305042 158.83197336426795 505.3567748074883 151.93053462052447 376.2185557861375 
131.1765854162232 93.15684154896368 205.06357861585448 211.96122338812705 86.12238496720536 
409.845472548689 255.30591786901473 219.37429598124135 331.19679284171883 415.15786188410675 
220.7133623248097 102.88958668998498 77.69667303218552 80.32298025094946 311.0928009830094 
75.42691066565598 365.40194886498284 18.229125258023494 242.64809606499304 69.75167337878229 
247.32947280966448 213.96180647731333 213.6427576568316 316.8063570545455 17.73036238837482 
170.16707945188514 486.7826680964967 167.96900175854233 391.5338153394361 406.6934521772948 
49.021791959401696 163.19177205229727 168.44060531624842 378.9654521819461 444.49424894338085 
471.97282120987677 39.869379308900655 504.5420336014596 501.2755700233139 459.1145476403093 
321.9588127833102 112.3129384495296 297.6765775064368 252.2212953196774 22.828866659869153 
253.786053644589 338.7727726884799 312.8897009110059 277.304108994159 440.91904563282236 
38.87245194954935 138.54483250806936 307.3024460645476 499.9482433863315 230.62668458433959 
346.8751773949216 191.09212514639333 355.6679957376403 46.48426517217634 19.819590229657116 
349.62037230412193 185.6135744121794 143.19476260560765 309.059449034013 283.1166578660604 
508.6007704888428 365.06273760484595 429.96900001216113 216.17371076942553 397.0753413319329 
66.65640357368468 295.97712740442637 434.50950168305855 127.72531788884594 440.6736722390292 
170.2935554763152 221.6131931607235 209.80945233139263 321.6688477537963 336.9527523762022 
428.47832516133525 355.65482711097843 61.34298148583682 418.128546687348 334.6261932107416 
82.77677502037754 196.10117724966818 89.67266307766224 83.6227285196182 262.0742095634201 
252.57971391734944 71.83013944411181 101.29182615623027 51.553615808166136 161.8464502539298 
397.0850591978944 29.828404511586626 280.0346035844993 377.97726342980457 82.089363646893 
336.0141831339353 470.2903588833911 421.71196742895654 455.62814459391905 376.73941374135086 
316.0760629568316 194.8926602458039 19.574386998224547 330.0336520722006 52.498216369615484 
36.38762943995698 344.7863792795682 24.808630293596913 284.1783882621064 115.20405923953835 
128.9008318928308 327.51646291394394 460.6640710301368 381.4924862231435 167.97489567543178 
368.9262570955563 313.5400600983286 421.14630265045247 118.93021372780154 19.222229928298464 
194.69345995079527 184.69933270266446 54.75202324051636 144.62650414305995 380.1852480824826 
186.22459816354134 439.39657886409105 303.74969600188564 29.1817476295576 392.93749624261955 
274.359925210908 166.87237371132028 112.3990334743603 151.20635333447174 293.86116715069795 
66.36059322804226 249.5133282853957 119.67369289957851 210.5933884236304 211.4185562757334 
19.99069268465064 305.1911104801754 138.99528155075146 225.3816011675514 436.7889803210388 
422.2710679596029 447.9967103463454 288.7525228243765 397.38517205245097 421.758637914267 
420.1912270337613 296.1844959131339 51.581406467212425 159.42630527577043 219.38873919225026 
60.61363102297756 150.542563902395 300.19509929619164 293.50141931687136 222.74431486905598 
66.51879942088017 178.68489853846103 464.71601124081616 149.0904426727419 297.7058632781702 
461.79740167693905 83.90558522401913 226.77574958740126 397.6966453190372 84.03452114846803 
251.2340188919817 88.29615932877849 393.976740856813 51.2556365596487 229.9060956411954 
424.4476064735228 384.9175154536039 333.57655802287053 305.01662062967193 168.622105298611 
129.71944752778103 193.11362515097574 464.45142734251294 460.67542849293426 70.75914052535376 
417.27572110257046 403.7935817187716 423.56945546115793 352.79294376905995 53.307653484895184 
482.1877723135363 410.9922145497033 28.470473138942012 364.78778953968686 381.11617485503797 
509.1589732128949 264.6109967752748 355.7832521326224 343.0387088901959 200.9972402616395 
488.69594343000165 333.3655676970666 491.85100095543476 225.91897833332519 40.030547086318975 
104.19018813671381 362.1130799996075 293.3830881656935 15.02783704379045 25.842789013717272 
389.0018922531472 433.45133242821186 121.06808767147103 258.6555164324447 235.94092576589543 
392.54071971550576 478.3867842895185 188.69634199048505 461.8598716202456 107.57563939095832 
434.4442976128688 117.63473173465849 155.03758596501825 416.7427045551022 80.23038654738912 
440.1864792945583 285.4814028112862 290.05152304639427 282.95662863982614 154.8411736269889 
152.7959238998238 487.90456609054576 174.58992404899675 178.57519997260283 431.49454792294887 
180.87906020806565 160.68016861424783 61.253420357843915 440.70661581597784 188.92429923889637 
138.9352679656638 320.4227786954977 390.23348282983807 123.17728346734974 241.99656217501735 
242.2008464317963 479.90665859566997 338.5999076175776 43.8678515183935 118.9624234082181 
354.20094963864165 230.64086174781517 294.4510816736114 19.52738497457284 39.055950442774375 
34.12520976860144 371.6418155934382 312.55293845028723 112.85889575510005 407.5749325477946 
265.43774036752575 288.8332527277735 488.5419780870779 211.1635903173925 33.513168676000674 
353.2097321482136 308.7473256408161 11.507955486009182 292.7127049165413 381.79499902648024 
81.01269618925305 471.50009467227625 435.9172852023241 465.21374047152904 304.931108214875 
408.3827771400504 388.7356309275104 383.56350250543295 468.23743130851204 428.27143885624554 
345.4742766688835 283.7985908526842 413.77507145111247 170.32580659488127 48.83926054908082 
155.24019493054809 204.29600787332728 318.77428092300306 302.8226862588045 323.91585343389926 
237.04710477425638 165.99428307490547 33.227121928875164 311.431381770617 485.09597322063985 
134.85155651689502 335.2811977864153 29.078428169742423 367.34946669533 293.5017213412806 
72.79928955493064 402.88070048737836 374.2179030771023 20.856979159572454 218.33852659799456 
150.2820640601478 200.87817475173557 105.92141937047715 248.80632841598143 54.179645763448846 
265.08886571345454 189.19761213112483 35.97137694471607 205.00496953567807 111.51049637846987 
79.36813634750145 296.3313810023879 306.5563367567563 329.48401869499884 103.45461997910243 
289.7905962129512 266.285584775548 236.22066364505204 273.6578999955892 81.60031891661883 
415.74226933644405 202.3563345028838 179.0820990725907 307.01541797850984 331.87847498021546 
121.82359951661685 135.54590226417668 503.1200596761223 354.91732524643925 152.99441404800595 
251.68408033359418 197.2757827089493 23.488325972088933 483.04681582665506 194.54251690276215 
66.64497792807188 272.7327737010733 492.5084514074608 62.86962591463285 108.2429037520145 
366.08207565196324 321.9304494337895 401.30753950349487 383.9714818565019 156.41252245778492 
467.6443386076759 13.686030998422297 30.087814114598036 397.27919248705524 158.5554551890378 
358.6223780663013 345.56069145189775 449.93244327826216 390.9258545748682 435.6302089507345 
398.7681510772513 356.8200153489621 123.09978807549831 194.94054798912575 216.9892298191121 
377.2777680527332 257.12500903334444 129.23815179301926 248.14303335792414 206.11232233960618 
159.2228762689734 330.5161771853519 409.22819085354143 220.77868597256594 96.06053017577104 
420.25252932472273 160.91600474790212 227.85591626361867 88.77812807449963 386.11068151588887 
172.75013799924199 304.5240709706608 311.72441042373845 483.3684529723339 268.40621930858407 
455.7454167369679 287.85355842046164 484.277547205986 465.4643389799513 432.85325374795985 
257.7366406637794 183.55725907883885 49.147618534651315 184.25112109609125 224.14059824022502 
193.22523142264723 244.48001671088736 33.92597622181436 299.128054727745 184.96855377745064 
176.31635752865753 308.47801233862594 105.63096380670754 363.25824434258095 431.69785853519534 
258.37051722033743 110.45126549108801 77.41027730574628 163.98623804317202 244.10290291986956 
390.641686602728 105.79627487494324 303.22948203652743 283.00981433410044 460.2197782707284 
270.40695539827436 62.2123905343434 177.38971067967861 409.1683000018416 164.97149787461618 
52.645166626850475 69.66582406904098 231.6751809396651 404.8360148230527 450.9429705335969 
395.28280356987005 345.56604492392063 431.80399951608604 278.0496832714183 329.04196756368054 
429.8825113411703 32.14230089769814 482.75904442610783 445.57854356728734 332.559344059931 
350.9552873003088 142.98614411981208 439.683702848845 425.1536790679882 311.1306815011882 
224.44257150379497 377.1748919367892 406.579272719713 470.05997782681965 461.1681439892406 
72.01719012227613 182.7990794422772 472.3367189548035 47.37255307334847 310.399183877579 
74.42920139140928 381.6355840999918 455.0398845010063 267.46616552213186 229.20729911345916 
299.9755848608957 316.7492405858745 87.41401667352227 241.27863608957327 307.57042099589427 
438.1645081128442 222.64683340957134 104.25294680158797 381.4690353602547 129.646518272155 
252.70126252332142 249.98505905157162 76.18966241736268 171.44051911255437 28.640982051390807 
50.03263526326889 374.5504281816251 351.89238205242754 113.62416507235488 281.74397467324724 
241.89948680734733 143.1463251005413 115.34717741638838 185.92905115019443 41.94807578130515 
203.77759295177998 131.067650031342 368.0670228481015 97.40938180105462 22.812962291194218 
150.91002390958724 420.00314628790875 303.6465136150239 144.592389537162 390.1566598920268 
264.08832734806026 328.5325521375266 38.924836995045 146.2276969352833 346.7145137047363 
56.72599274119155 305.9913599588509 401.0527101802684 433.1988445525331 61.56445690769179 
30.448710524412938 14.537438089823208 380.96985527861693 12.780096172685765 224.18644006875903 
479.8284847073112 393.0088727132501 53.23949476533828 422.1907375327298 336.0793221832062 
378.49951492481483 302.9114752518825 120.96804879145388 459.4206151055591 172.63873293074627 
273.26574396875094 373.98163601864246 77.83801669273926 492.56223006140493 100.30565016957698 
483.55428251679496 480.66055896717427 131.33756596313955 129.4379695945612 353.6900150719246 
18.362768342032034 16.977978417955498 10.383072068182166 193.26832870166876 113.38360266253477 
388.4301517349447 85.32852912006827 384.06375232777896 127.6654342661097 465.4888941103754 
478.52913753010745 453.0439608450834 57.616014915581154 114.59201604153401 420.55668673880444 
213.39963347107738 152.19674775244638 137.4484131694092 465.40247210099517 263.7591111113296 
174.84028035553823 434.45253760189297 383.6357813410881 160.04097439376602 154.90054661172886 
419.83842873065197 139.82128540742798 199.3976733381131 99.33848382552623 190.52623799889366 
487.3987212714339 380.70342344582156 260.3463180809284 75.61467567821144 339.22778669323634 
231.03932408810857 179.61386407451386 318.47216882541096 197.001466861402 312.6289400544684 
354.93967655378026 268.38015475221283 47.73086566537276 349.6775144808407 499.8903766451292 
83.68142956389285 260.50475033233704 39.567789524173165 492.21112059066843 73.38674885704788 
141.72679650548318 237.86565143134075 231.69050810119967 429.1928571775787 432.03382072644905 
331.5887738095458 253.18285686636833 224.86492353694985 153.09802837711078 240.191255954033 
65.49115160521401 184.93674212704374 337.5163815043006 108.71750827133963 311.81369478093814 
349.6815451465072 299.99027477007905 382.5783928297854 472.45757737331985 388.30679060419806 
232.9986202258615 78.40286735013301 455.5221644706614 437.3258874966311 35.16750307599203 
190.41812949225306 46.25562094243689 466.0600908398685 405.539393645066 296.8115283771742 
310.7877054821375 296.22365188733386 361.94525280323677 55.527176870418906 174.94189925968007 
27.545310727675123 466.68247508561643 403.95065450058485 23.829974538294543 246.37927247350854 
167.7019210783281 401.934611604492 292.93220733099486 19.25891442265181 288.50703173609406 
282.61871300163057 146.3662910227771 298.346145610552 324.968302280949 400.49678021800213 
463.04805445081183 490.72964005848274 332.25610462167197 391.1844029240269 476.4472313585775 
68.52518178589311 310.09511731707624 482.34021760802693 38.64124688046277 221.7309666371618 
119.54330359397485 20.193688290990877 104.37029404981628 180.79134113500828 89.49880447638158 
401.1328667009056 155.79669206400266 460.8217600808804 96.13760185508701 222.80500023997158 
413.67175087067073 404.44835743289167 23.485344631201546 94.18324537085891 305.61324929279255 
25.215079819692722 138.3262411915801 169.0525447451273 287.19656871745144 278.51159468162484 
37.65225116223563 92.36784001828978 236.56276465458592 11.97507513444184 451.85575164385006 
173.93771220225617 268.24650270666547 472.31898041469185 311.8686538304574 228.88659542260297 
436.92718968427926 370.5419824308181 113.45117874302123 149.34866710727854 426.8062599362283 
132.47010885029698 236.83352502401226 396.8465567488984 447.31384704626186 86.58528677448501 
504.91329852328977 229.80798744311008 180.84786429498482 466.09343566258906 388.21207445713463 
105.67354077395862 253.24879481959232 227.1850290608207 389.79406990415634 322.04851396240764 
322.7130695836368 310.44164260188825 268.35015958418074 86.3521231788834 507.84838251825755 
97.34115078585674 382.6501940573882 328.41722682696445 500.5739364310766 438.81507883165864 
65.56695387264865 195.49350604940602 334.5688163072904 257.8110366058968 60.87473232993561 
294.10736939588185 404.9715469290945 352.8133646639023 181.0256382418947 368.2317163440177 
460.03399791035787 154.27519880646068 469.10692800912597 228.21856956806712 410.43280110610556 
310.91506456071835 273.18224605270774 369.9478261308057 426.9413205591426 107.83102544945777 
266.2201238967147 348.6451710206049 422.16538092157333 343.38559704009054 69.81266537303165 
96.82231752758473 137.04576098593685 416.81464062736353 264.8877719665055 500.79267376016367 
177.83079609945207 503.51310208912935 197.61773518990054 175.2155811694498 474.2219508097724 
319.9510072095598 113.72765058953581 500.12225791040635 254.3956496363899 105.17261253676934 
279.4064690951994 109.87652212672043 257.6044769105366 70.83201503580732 372.0240844358643 
148.5234838676608 30.060851038500804 196.71820528566212 48.857387818799275 230.9793142514677 
274.80623570243074 373.72278179956027 227.02845390031135 174.515127846658 351.26915354102545 
21.203389448298964 232.858046290743 189.98828432617364 145.2149567907696 430.6960511371223 
103.83760289667164 347.2740447829196 154.79067630946307 212.92953394697477 451.4225875944187 
254.35087013516787 263.3678475833492 350.0947214502572 417.850640484009 14.492293285082273 
294.88663886488393 480.32244261101334 385.1874839982033 151.01876049226064 72.40431042760753 
166.3224495828997 219.8036557625844 314.06225814154897 325.5511326447775 25.137110298866276 
460.48540918622257 208.7971240923147 417.596892461062 220.96251189119099 483.38264033735135 
309.5899976241749 487.8311196892414 447.990544561086 301.9972007100331 49.522027769593734 
229.96021858057375 155.22462840890555 285.4145401179212 299.7366479509242 152.22445356154535 
390.2226789212059 202.98195363942068 78.06582437076014 289.93818692721044 263.72000715329966 
128.63641782854893 51.38800784207841 466.1561348446164 162.08554541258917 363.0852640387656 
21.170893947422712 321.1692070945807 459.5645079885434 157.0427299534273 206.65218768599607 
456.53257397073816 107.26041207331565 143.72557384020183 265.11130985985005 164.32955929173576 
100.80989996970479 13.810781447226352 113.68542389726248 337.3740662754293 453.7031647958756 
91.05865809176277 242.18270918862143 281.0549526917351 428.20330529954236 91.80421292455553 
331.3460398407779 272.5253563409227 400.81773609128754 476.52019125057893 116.02032647602344 
337.94010787723215 364.2746324577215 426.654680515832 57.67644528836529 343.4443549591793 
192.9577186033798 104.94653780744855 15.745075313190796 120.61655337288478 423.7523300532904 
482.4216948619414 232.21337184828354 472.0689155821792 429.25607769155863 140.27354745065435 
68.93780070757353 27.908483527688258 485.307077695515 79.83045906020962 62.126124575519015 
48.76184534813587 359.782959356774 198.81356711057285 483.4416687031162 396.06679323123086 
174.6237379833293 217.08797005729596 222.1830844561432 15.333893638599541 418.0317015440994 
460.11051714817444 427.99262992321485 403.0811814304528 108.80137217301443 33.27714879571824 
478.54618981954593 153.14503481612857 239.7328364803819 45.37313972083223 461.6780501687089 
303.07043893090696 252.08133815055888 164.32914440033306 486.39366862473486 326.2837210422704 
417.9964155977956 413.486355995505 262.22345964213434 240.75081989968544 132.90366069850438 
241.57375652541577 11.37080927915495 429.82436222088387 244.78225098665806 24.600713582843483 
403.1073872706253 395.98253804820314 172.2913350558609 282.8679423347271 324.86891527634896 
293.16291013222315 188.6984347306686 21.300017324475775 429.5044328643657 208.3944210224521 
373.5629325748293 226.3025235985666 23.13235797078299 288.4305132301693 359.12788653011717 
177.34705030121583 483.05628281265945 432.0866522202108 123.3731545717549 356.48696352265216 
20.193738665706775 393.98535013603 206.683089800548 364.0074036886461 225.471030670775 
270.4116857168852 354.08173297837214 373.41225428701847 464.63722334398494 462.9826232024539 
209.9889305652004 283.9515011417508 310.95051579021424 340.83319646424 317.4502046814736 
353.891993526031 330.1899494590602 447.02255941055995 298.7936503170979 222.73467242227895 
157.44581037756427 219.86327065298843 219.66701031112933 355.5815342655165 430.1415904677264 
324.876660744148 263.4079314772372 67.85534704935202 266.74085870722314 318.0776537000124 
467.7006306301029 413.5752641963642 105.59202222535579 486.2919991500268 400.4720968224251 
345.3914909078966 343.3641977074837 335.2091042889909 276.9808462061417 179.58204781220982 
337.5271769252582 320.8736566672962 145.05149366327967 24.214984066387604 462.32884460165286 
45.3189401461107 390.40815389475375 453.67874572952735 32.72290204294713 262.04531445087434 
439.05989513433155 337.7843235088032 35.700265922528 162.04662281395827 158.69127680253663 
358.64188197064175 233.47707387976328 36.08794971107614 86.01113838835415 373.51527452647053 
327.9925359336516 33.93760121572025 232.0128161598312 406.8574256820521 501.16974591372684 
366.2566517451142 342.09879480395426 179.72975761715603 270.3925391710196 419.84908245885623 
113.02303392683027 209.80874316741853 223.65148469452177 381.9755607858127 493.6040323939085 
140.1828032533366 323.8123325892452 94.43415083604665 321.1617549572711 80.14258239947179 
96.45976289745155 483.11094084340476 170.6315772819859 366.1677049048115 140.76970829036995 
33.703814065613784 418.3083700932599 276.31329490181264 27.8635250203647 409.32239026570335 
147.1737928747096 356.1991803258511 276.09673704319476 430.667330673992 145.76000352116375 
139.80507520847306 217.73590709710004 264.492141587873 377.50287300276636 173.27475344842813 
196.4765272864203 291.0505391234768 422.5377959597957 374.9324153416244 160.25499494345118 
246.23252890289714 18.891242164322133 389.7142711998549 338.8081064833382 359.09240102679877 
455.0212701532808 221.21862157053195 320.4327811231335 330.47155197222605 190.65992817695448 
49.577409958506 467.3994509051065 123.41961316220039 207.91088670202177 268.35248658401133 
234.4721827980131 161.1165631536383 219.55523133845776 398.6595330007833 79.98852600686695 
152.99938142127462 486.5187045500864 163.723076098195 283.95229555124075 394.7960883221849 
121.45338089742651 132.06540347571598 112.59255718883237 13.170330612531247 380.387082799083 
462.5326708778015 393.8416186876805 250.67980041066906 69.39339117516384 409.36127817312513 
193.185445260668 11.751427186112986 318.2356883441347 370.48773378574697 404.33953140840504 
15.376559887983856 97.93804655839949 387.3049387758099 194.20321857574652 25.229216628174225 
484.23641817646995 129.0681812578714 366.54584477061354 252.91061530756613 293.8629296811404 
20.15394744310644 333.87762241811623 155.02299182002193 345.61662750811314 293.3745754978792 
11.958477861746132 469.7759378489333 223.17369768661976 377.5519963406596 76.39793877443911 
463.8282611657592 41.590347068997275 152.55359129507178 145.7992544625048 485.0686712258531 
344.4513867772187 229.99337719343993 80.90077944586831 42.03819238817363 383.6177168192084 
