296.51688000240296 221.82385844301177 542.1344371898259 244.03407529165676 87.62685375437071 529.0417328469696 254.97830348424242 30.839779249730206 
342.92806811409713 57.90831574586579 615.8131313932167 537.147574157198 265.44748430696177 323.5862556497337 259.2402374835956 350.6100711430358 
180.52761405604235 142.60402583661403 578.6178248316284 257.7999495456496 376.32091047230693 593.7695644013596 131.75923148919287 571.4017324019612 
619.0277614189591 215.35094691823448 278.79662005020816 469.8424636305672 195.22187268433302 128.3681008927414 379.55399958722813 514.2051139177124 
283.6068484142962 525.838858157543 27.773312530841103 57.26849090580369 408.5476175577588 117.82356449428156 149.53714248574303 609.5173242310076 
77.72056295007872 72.11163651348213 343.23217341711324 576.9662697172249 56.226033080397734 340.39403920517935 188.3967013913031 535.6417670235337 
279.50698140899306 409.76528429882853 400.79636953760286 557.5652223611468 557.4175608021724 469.3988557899166 461.071521292412 53.081490810110246 
171.78531513278477 332.2396314793923 294.3001950710831 544.3762594918902 419.8108358470118 201.55722923507548 527.8203297723493 535.0262122507604 
505.64849425307244 322.2038691729051 204.65503885771685 590.4256173332709 132.51213074355059 306.42062235265763 579.8845984066563 293.93314272279156 
97.64938770290148 274.03576682609867 377.30908288589313 93.5826166143295 142.52842873104635 96.89888470373492 433.74512863074335 204.20154215696397 
60.580851634017364 387.3946848286837 408.3008258320219 279.78105265666017 614.8444349945504 20.88007296511772 383.97236654796296 120.94104037088145 
367.8495660067224 131.88833339039667 538.9062215469139 32.334382016226186 276.0931279683296 73.94416284541296 614.670540555469 194.83369460716733 
451.443467127338 382.8332642700702 458.87968729860205 367.3447012093146 41.82025750923759 333.1703351557383 69.51545638496918 183.08977880607597 
533.4930935280038 28.109099827074107 118.28885213150198 455.205396823224 327.34241890112446 312.038162370523 480.38614178335183 56.49738060846237 
391.42661720104957 546.1065485689605 447.9429514645964 488.19756088900056 142.19900220362229 436.422440868539 254.5901217861172 402.5656764490075 
56.71855571759035 254.76915802148056 88.41509591640897 294.18022963075185 68.19784260172227 541.681834257051 120.68257045277261 524.7620412018923 
347.2323753367175 131.72880939131983 427.65820425039607 596.3742891293457 421.0546030485816 490.8412428424679 432.8791110764257 537.842782272546 
533.1567571175198 505.53494061050986 47.21478372503729 619.2401417778087 295.6259651974814 213.86792159923513 34.06244815185802 559.277770826721 
36.53560202985711 317.977591639829 477.0203209201636 140.44919164295416 194.73648110144075 68.04133322592597 577.3826925212799 296.76872428773294 
264.3917974156276 457.50410662830484 158.80052890868143 288.94899227104645 141.599286846163 619.4168569879347 406.4514020495089 531.8612697419676 
275.44479397436044 63.729658331706325 318.06233007428784 389.1221776369075 175.83047695063726 345.3830448927361 494.12951217215726 199.65072119743203 
380.42186363303244 503.0414919720143 244.67854328273822 151.0391807068136 533.0572334127116 558.3127962366253 539.908874684882 164.5817450389332 
175.96311429603048 515.2969287710054 282.0663692839811 306.8046546785639 608.1197764548632 450.3082940607453 525.8876059393732 192.34151581888162 
312.12028382700004 231.61507998411665 224.95962517132958 192.99761925046275 601.8670073300622 559.0394844693305 231.33916845016032 217.8469122365676 
493.44927302944717 563.2624010746946 25.774660842443026 379.205479440711 151.54588342086532 554.6765950188391 605.875244026762 209.32523921584902 
613.6963952743499 61.631875922254544 109.57011392431178 442.65161744386626 244.78461056835852 47.9161691472098 101.20229561317007 128.48885606086122 
524.0784545334894 349.31609481530415 397.6003735221425 588.9169106818937 317.16952299084465 319.10096980076906 61.47195641546606 286.80343799849896 
535.1564864156106 22.27389989330071 139.46278408458264 218.7548586550719 433.4157357288965 68.43361367798597 272.2250362111958 597.8500454512563 
552.3033007862124 123.09099589874657 53.838638559116504 341.0005376398253 452.1315740871222 487.2838958569414 567.9294354131473 225.780951866593 
544.7647678564385 485.33409261563077 477.8278311975294 531.5733161782566 74.17670407672327 150.58998809079284 398.111721018372 329.8691898696911 
248.3148343300224 448.998985795919 24.877424821297183 338.5732285413671 74.61404879546048 430.3532291392901 252.0824583197635 605.1518827948292 
201.50429196003137 47.05227706075064 451.30377044868413 33.471207331641246 218.2554326305024 130.22680664967962 442.25529390984707 119.167258777359 
215.5033566299346 163.0668177129624 31.408532441068964 408.39302770350037 158.80098457659324 41.19812942132351 546.0598391506109 344.7855217498734 
377.53789255610894 159.9510508045243 341.18838224003656 119.49693190918516 21.57232302128163 318.3648945243802 406.4482065878834 489.13336029549436 
87.9194559553667 479.77196088624464 350.63847245394373 476.4451353357449 369.83941917919964 578.8050325568294 590.9953825945399 418.6122865832606 
230.66910900367432 314.67180578333006 324.64966894221794 577.9689771046695 54.741268815492575 20.540285170683074 209.59333342452544 80.01069362690663 
377.73488338665555 248.87865274854218 232.49946490146664 493.52785381496346 48.80029626247871 262.5935802702699 190.73878656316563 517.7096532187742 
326.8031303703431 571.8105804121526 165.93676917837567 191.06189619652721 363.03051308128045 406.1401735901556 316.4149243022289 186.98249477199172 
272.70350258232133 362.27372981297776 65.86031399954257 510.8384557290703 547.6394179573814 216.75252536026116 515.5666185008254 63.3880980156963 
512.4077597282401 43.754021226211194 257.5909101060084 485.39222688297093 476.3236423004585 327.73888970643554 116.16958651175396 448.2579755392205 
383.622268603597 510.80266642815707 94.73739283029737 305.559215088455 514.1583728409271 364.57572854519384 155.89321346344036 570.2770513079283 
336.9743091594966 326.5153735798503 411.65634405258254 32.604420792991355 169.08051099006343 90.43377562903326 51.357134774782054 83.15825585010546 
241.7921016857699 291.1054280138483 484.505558743539 356.44327089934274 326.9655108491776 272.798005552184 325.98162807673197 359.4108084748028 
225.47857746319193 81.57034047015568 600.8912784456261 299.95679311392354 370.29815067769056 571.181163499972 296.4316223156413 480.20229827934077 
146.47887947375673 462.45244276089375 338.1091067561805 569.4006002606894 80.43682207772135 145.93117313652544 617.654596729612 221.3144790098561 
400.8417317498056 567.6930777061939 49.97881691869277 250.90748339488385 23.47177051897145 88.13229299072492 186.51218641357477 135.1928448301171 
162.37435102658034 153.58058450699127 462.2726983647464 353.0839400520702 119.67691616499611 170.5999095816857 304.00545423996 229.0899199433813 
556.3913164405976 522.792092965763 76.73788477110804 95.70032023771726 296.55560815838066 419.9692578564173 196.09406606342088 539.3023559446104 
467.05706199771873 219.52898797441327 283.7122568302668 44.47474661952987 525.4799502666052 609.877706841443 393.1090607555758 301.5016983222463 
278.3221393324091 195.74620073149677 483.33419242567464 391.95084021496336 541.9239705798484 375.2409457845051 467.75950564241043 217.1589696310386 
48.453308872717884 148.47513446380097 315.3460077494926 84.46911299312315 149.2905503241109 247.62282491719773 431.73275571239475 316.06297545861514 
218.1572314232102 128.24047946214452 297.4911742994638 95.2321927939384 406.33206261582575 311.6989983600219 90.88866081213772 314.9323913003176 
352.29808650128217 518.5706715622314 572.5053072845643 343.4637062210231 598.1647792724864 382.8142395297609 259.0472961464852 372.12150964290083 
415.20877321003616 86.60215947344999 463.70087626559905 159.66105643668928 290.8770054461549 205.63365703694248 130.3706050033701 138.41988418555712 
79.59600210175178 204.77741390039265 339.14565144178914 196.94172482019655 169.73104489786425 573.8875205007437 110.33777041912919 603.9455448628352 
569.0390321627937 543.6366292832624 84.43494369787864 88.4835926979077 160.95875004375375 271.2098527435321 205.31423084767084 41.1321547083688 
334.08222726354177 335.70327461936034 484.05758029723165 551.0587958773774 537.151045693246 533.0708464795712 270.71457676195445 543.8097554018931 
461.9213203146351 110.46330114067425 611.355558106392 34.66141149871576 306.2409928554738 529.8029758577877 617.7591359628028 262.37934736870966 
319.6834253626645 600.4381722504571 527.0776112795684 618.2289548514839 384.08072789008344 370.7208699138267 278.8243146502736 435.08121055428427 
531.3008825619329 318.3515860786937 586.5263402455231 51.45747605074853 450.6121384216167 529.3349434610454 431.38666296515015 515.3569435222353 
387.97870803451696 505.39000241516396 55.29921939160092 242.71057396703023 589.6312089622453 389.658745187311 80.56075887786801 295.30527899024224 
192.255912369183 350.55683543930417 133.62330910130845 93.02203683750068 212.14623740853375 413.6100810721311 500.23077184407754 325.2316802742215 
435.660531296965 181.12054023463187 289.28371237858227 576.1922928427123 563.3296944244642 429.5059444165546 132.77580010415866 329.29159794136496 
509.9584177172368 324.1562667523051 199.14582523257602 164.97857677154474 313.06390005431047 341.6510602608651 47.388986097035925 117.22756101562649 
251.99571013765868 139.1814343813349 399.27123330147117 103.37892453307703 130.08044156943828 561.020316881315 456.9903339923712 292.1999820362515 
422.1351876343727 521.8849097307198 143.62750952516788 25.00977646831602 339.6932744345019 57.03484743743823 593.7333321591473 54.71170726178692 
616.2862565225885 578.9500781961431 571.3916312349098 417.5774710937271 365.12569861801956 130.4319450542245 443.10524198984217 202.62636119340456 
311.52873414045075 173.97151873859113 282.8472088848209 233.44340128880208 252.4309375560746 407.22863699556825 436.62127212726506 227.28035577743526 
345.33038951305195 244.46557244753666 423.87545042943384 146.28298044915857 379.0066192824847 553.7791012132757 603.1123296400157 605.6887475713959 
328.3582274855451 589.9745411381311 379.0398926396477 353.8382979057665 245.70286915279414 212.925777750134 78.60667448199783 388.8447685299242 
90.88346715152566 231.26470820738902 573.2648591239788 426.76453960622337 252.52423320916046 461.24420628948076 274.80524030752474 586.1131511100265 
62.78040680166051 40.61805210925862 82.10764058475891 303.57025005399964 157.92535619021183 487.3817284320735 606.1507065786343 445.7171895811091 
287.11887587922604 143.21782679216793 150.6245448307736 331.6511717551026 521.700356071347 591.4897641276153 275.49038901983954 131.31952412875057 
167.35056451519623 189.62768276361334 120.83054385509291 54.41801532967752 231.4659711314006 405.75001541845705 418.33279195812173 494.6967684516172 
448.0890205365098 399.3647981683699 467.75274596585996 244.51780713102693 612.7385108381113 435.9942711600463 305.69795218827005 244.50769921957794 
529.4834614690112 75.5665326123518 44.07763485550889 83.14917647026424 222.6044719715941 24.418094350069456 505.5615520118232 411.15546783889823 
415.18624507287376 490.7509747710373 433.3920443159737 585.4711935262951 426.9849317445259 433.38816407852045 102.89274333508676 207.74330255305887 
393.91422639826953 443.67116473538726 312.01785518884236 172.1061289800394 461.4937670928763 150.34338385740517 278.28574094075384 187.12408085880932 
554.6037465514326 387.26309391327084 519.4404637242892 86.73585374094915 275.8894542680236 113.789778681824 145.18518046278095 395.0437141229283 
435.1593917519107 427.6874869567464 337.330998997043 159.79201734661874 62.12082870986635 560.3891137672058 145.70518294999027 419.3781074712269 
304.79654503275117 294.4652360750947 277.1622938497394 218.2400095058382 365.9664162806241 593.1412662551331 105.04221095501723 435.4640391666198 
179.97769929117965 381.706724662068 276.41860489330855 241.45662878916625 82.26764431336332 170.66033647671296 44.48168485616469 547.5236957257094 
473.9424020496704 560.4347586054076 203.39906815335462 163.20153446294526 433.75568660608843 617.5445479473249 452.99827447554577 526.1829655918971 
379.83114932214227 62.001351147791425 570.6149216549641 219.68239653014007 233.47216140846893 355.839824334038 517.450031396403 242.08356736094143 
287.40278602079104 532.5982137777129 156.7804904755946 343.71387361810207 130.78353487970566 557.5972266799793 611.3662144581095 495.5887756305034 
133.3458912308344 558.861011264823 437.3978582701239 104.97028013245979 540.9892255471877 618.524005016493 342.32886654338023 342.5830350463183 
585.1837594328613 564.5673406065977 323.93539961164225 96.3320007916652 158.52357516882984 552.7285370543423 257.9482007722215 216.36523455723156 
158.77316989776477 378.42847411946696 111.59990939743724 266.3257195974204 153.751466952021 408.55891702548877 310.4316485811239 345.6358251633782 
569.3969576653054 572.9749158482383 535.7026645962975 297.65832466018554 553.3577386506787 605.535324315553 179.7467261496905 168.5775531697416 
216.45023858480585 74.53556118743981 236.61907412031053 531.8446006384779 504.3303234851856 492.3761495352142 555.377616356688 243.03009951773473 
101.72050746505025 544.3107860500146 333.34216269031594 139.9286596181289 321.53717699973464 226.11789144159414 276.67548861726334 352.7583346221589 
281.261345582832 430.53910348514927 205.6298126990913 39.299150664635164 218.89690492046634 272.3287487137027 431.8026594193372 109.81437199782481 
350.85999236000856 591.7577409027564 384.74569701704445 56.598154171287824 224.14321271380237 26.416009399958146 115.27034769001529 552.9934519682733 
65.09861580617213 191.15683839127078 252.79400555842636 236.7239085245757 377.1829846199962 56.02718886394969 344.0703423867501 442.3834274688294 
390.0093309007701 562.0274692944364 450.64791643423086 597.9272126246703 312.0482737938481 464.5448491732165 232.40028279991446 150.0080888724532 
489.32302402920254 544.3033891697681 94.471825102827 233.00164284179127 322.44188615785043 475.6752921560241 124.98277955455148 246.56426078316218 
544.311800188614 392.19651759903576 500.8372912851889 256.5674637090467 610.8768395997093 139.13088025697652 588.9782734932902 484.25257691970876 
507.2253345953277 152.92617520251454 120.43276175925182 98.44929940697389 221.4094615857817 257.40618635714134 564.4915922072901 75.70203590752635 
488.320873884064 616.5421607936173 180.36703774095574 43.14764203570283 155.96635317819127 233.6478518592826 373.672307033229 168.98836927138103 
76.48702547974233 536.8413870419654 335.0664823816275 115.40393292418847 174.26500934925286 140.61821115272886 288.4088234611063 418.74603834444815 
493.4612591459466 23.37844568381007 225.76601755553492 411.85959695612274 377.3282162926092 110.75267798752853 356.6162541266953 153.3740344373976 
281.64121458736633 204.56985641064412 48.59380711959936 178.80864099221978 74.59222126073347 347.31087140615136 587.1179358078451 238.3355314413214 
425.4897391102946 61.892021787747865 431.2497384039762 136.04417848708994 234.60864363635653 256.62145888099354 593.1208541751851 535.5510913511625 
606.5336329894386 335.1730357241629 118.27764381897435 546.798518202487 219.34010488608072 601.4208015943052 194.28468572458854 458.88578480786305 
91.95619641835962 398.97815326911535 164.93125810796664 133.77718805584112 502.0496623327948 575.2853169239223 77.3846401756783 525.7300165528573 
556.7835199290139 410.08898879011446 539.6339335980331 341.28657670934535 268.7839439288816 298.1576430714206 415.56808992532984 404.6739887396862 
339.6644959286513 26.076607935614355 235.03210003729157 243.45534936178692 403.4500510854409 32.96642254840994 146.20485691606802 359.2761552602524 
232.24460052790516 594.9682049282037 587.6425450148375 398.5496869169559 156.48622508718157 23.340012975005237 207.3313580850352 387.92514405495723 
102.13343224902768 316.00764682026875 106.09325121274134 349.38217418504615 397.1262279191483 52.41384355852715 232.68840822785373 359.7956793781769 
449.46597632183176 71.50966566506119 307.9582509359818 269.8145204013289 549.2575403232983 222.73150218905215 405.35281885818205 246.8980525138903 
197.05767056326277 429.80789976884586 65.1860285337405 457.35397348130226 310.87322062273245 257.2396023256432 369.9627885926161 152.22151198037494 
614.1531253191031 319.2966543840268 358.12170764051814 171.8434950675413 457.117607597866 21.37646990639675 303.5369107173499 433.9712379478427 
73.76870757418244 73.56635949150943 538.1230724109058 320.2457366013825 26.925639426770935 366.2544759387193 244.88706168714884 425.8992361451429 
343.6287791247226 147.63281854961463 198.77026628581896 87.52069572003927 393.25611502512055 392.9361354692406 382.6250140944429 253.72886962358504 
110.6957720970967 605.2602705612861 355.6692532268111 413.5971200343723 316.91851780612666 437.8040399885869 201.76274281610108 47.67313119589538 
39.29390064732948 477.3780374718252 34.84903694812152 216.4377879274171 283.99372819589826 279.02441316464376 388.9065182152027 451.04674148692436 
462.82677259189 291.5911100546734 569.7526247354095 61.198348978936664 226.84837009436635 64.10455365485933 596.0447551053677 524.9719608373966 
409.0886014564375 272.7843459498117 506.8217582029185 375.480041410731 528.7430013881467 58.54388336564274 562.9296308886896 549.1781374124457 
59.1692648116796 514.8204989018479 619.6753618152371 510.6761569126024 612.0340099345425 115.57890961289472 98.05239687135067 418.89502280737133 
339.9530703155447 423.33192273559735 131.88176728818706 149.4121768530535 209.9692820719116 367.0217569668453 618.2124408714465 537.8398417395745 
550.2113322796798 129.60612441274475 48.324673635700464 359.0797452776082 22.077585541869876 435.19259511663023 146.6802039370334 107.29807559353533 
320.28855759459816 575.5649828853034 95.16289203652158 391.46434011395536 253.1517249378593 465.94573476683917 69.95372318663189 311.29804475545234 
205.3825762896029 169.83773656388448 368.38377270271775 128.46670963914175 335.82546520973256 82.78955696892538 553.1089929971647 97.87922268231719 
612.4182456885748 314.92777069321494 190.95046127149763 73.91805185707155 136.74417405052208 362.1000568404062 513.7440148992293 456.4542772350779 
560.5150276749613 305.473039232014 478.5428014360521 391.4889680787514 546.329187635742 129.42825648171225 54.51670158259126 91.26489739041754 
175.0482468409906 497.6004118098733 313.89215650666966 488.6921236500551 152.1360740588085 76.90133062849212 254.27643384622496 190.93134721662122 
615.304096576333 249.3736015443147 29.709769922514067 46.978700763628204 295.8063966015757 601.7174763318104 617.7893911923056 594.095778405969 
535.7284959142244 532.3349464092777 300.20902681228296 597.9285852404013 213.61349093004762 265.7345400772855 484.0576873565917 251.1592968933062 
180.7695065624067 114.14086981144902 541.2214601415529 145.53430963245626 560.6017868286875 576.1523710507279 493.23215431300525 482.1127433276571 
213.31370797989095 612.291194718022 518.9063807474072 334.5786855920195 618.319991868061 587.2889586648067 212.11898485878268 530.4613080962863 
376.7161952234141 318.9520565260269 67.05443971438169 65.10631773155947 286.14802524710046 223.4503051729154 618.2800504959142 113.24277973553228 
90.42434708508694 496.87272312727146 212.98473417142253 452.9887352244394 556.2175900512848 22.89407360336764 342.726988486186 267.1396636568759 
79.19534216949098 446.3960673590334 612.0359080150391 436.5833423117968 371.92669238076894 602.8868903145222 371.2090536094777 390.68495214117513 
535.9074810247523 243.56279465851836 190.6507424092883 129.48612066042816 370.0476916060673 345.8555480399927 104.09471227357375 182.561711003954 
317.96519362818776 49.309475094914106 98.05471438986389 219.37803439784446 606.4292617309007 606.6318367326951 74.84698344583576 175.9963443509472 
477.2977992817476 489.7602769610296 266.52815253337815 112.96521382042096 365.29201799304866 140.79115866992368 227.0925219363887 569.2457117674868 
423.95208597248154 207.61245109835087 80.27225344238792 527.0129490670789 352.1179562246996 54.08494123050214 50.284466384562194 452.17792359814433 
223.27853485444086 484.61560618864803 452.8687399990962 25.473301533520104 370.1335574508073 372.9667087632089 273.959020656148 128.94688137185406 
326.7113731362994 435.14466325342545 413.33340725688856 202.70658783687122 580.3867588911262 536.2120147121543 420.5858267660037 236.76059466495593 
236.14235255668262 470.8666815861943 500.76323857497107 612.796526224364 45.41751867467832 507.6319970706464 317.01200862659476 360.7432609911128 
601.8882936803379 536.5012744856203 67.577463035024 544.9592376510316 56.522309542776064 409.8808030327037 464.50006096606353 444.89104166287694 
54.25232895992194 616.6748785401006 191.35223674513657 145.04584671656437 544.6122152051738 179.35669061723794 367.35941801293336 499.12167220570495 
268.67899208490144 213.86880046784717 495.2491134339137 583.1389998560586 74.664875218505 142.19693690500648 520.1717779433723 102.4177150994413 
364.5029166891026 97.46091187237427 377.0372283388311 567.2429565678341 323.7700772213308 411.3663874854477 553.6102412055429 402.06366495364347 
137.29141710816089 23.861157316279918 146.7093160882455 303.06763365793205 342.76923345426195 604.8398840418602 438.852106258847 508.97674071385967 
424.7807857839805 527.7408086580954 572.6914150555633 599.9061956995919 101.48850463669217 184.87839573134085 250.58548813095447 589.1314408947812 
306.4062670830694 84.35548800394433 536.6462984187042 422.60657168731734 417.56568295885 318.39885882983106 588.6096480339064 551.0778931327077 
436.42588187233537 542.961856456 296.8707436835664 389.6365536687091 168.87087442230688 358.43780957888725 358.0291100352158 29.55381477304227 
210.63791956805974 131.32816088271926 460.28645738721394 517.24281263019 89.52090453301709 46.70877894174015 608.0414351438619 565.190473413125 
466.69227200163647 131.33848224866193 563.0247935615822 309.70354106397957 249.48745181723945 537.2533732727187 329.3189165617333 80.31212436964562 
617.9953811143084 325.6907078556352 559.605288309445 295.67487867851145 517.7989672748688 341.18617948083863 109.98383400230112 350.8293408130325 
121.20911787563568 315.68828560969456 120.70774674209024 510.63115254473064 109.33632165564785 292.53340975093687 150.1775755305593 174.22614269150438 
377.34322138678135 410.12572008086335 239.53835166528083 425.3987483939891 115.22221185070056 435.1652008857323 135.22348834343387 333.64074116049926 
166.44162450404522 585.2678684701015 246.78927098274372 20.783841055305466 316.8043308697316 530.82182307867 67.38348084240175 258.04010862385593 
515.8624916390596 215.92285319923948 134.19218850028034 508.2937918070098 183.2322343486695 288.2334717821189 556.2083000023979 478.4883162722178 
102.15195532460197 77.60887275582544 86.66551226134003 196.95237804566196 152.62803322785476 213.3339511249585 467.48172096547285 380.50858100413143 
86.51169906752008 319.81469174581434 523.0553095878868 206.20869881005189 496.85077401997415 380.56804771388016 30.758295701682073 552.5390440815803 
83.86017638239704 110.3538503872353 545.4700269410889 524.9398589782934 469.8546184264492 425.2925992887497 105.49503177611808 430.4823843379677 
565.4877029344196 450.8127320256362 497.209016953574 516.5474276676637 439.64071054357134 457.27141469422503 305.77663018317475 538.3491094763547 
595.3051848629854 263.09223386144913 529.2846804082676 570.1476127226595 103.8028523577886 195.26387976473902 483.634689049742 24.994592513179263 
199.6866844517272 447.04331358052605 275.5384869143715 397.8551647023141 288.6669204749182 222.70734300016304 470.9604753463283 596.9499204226826 
470.9056756234566 609.1962375442594 536.3506284113201 278.16112212548757 232.0240017315439 264.4932139769261 180.01151941596646 347.34642534193796 
504.16509207804035 162.5835439503318 70.94357819196512 145.40420574914552 249.45731474382336 184.8368862532989 362.51199208776893 580.9340100951945 
468.22106525519666 497.6568416635019 398.2792201688618 425.33600046043006 484.2628235163894 406.24127466246813 127.34674367572474 135.19318310091322 
309.60050858440457 124.29724355074872 306.549874719087 116.77994713426288 240.96369063284143 249.5542754474411 516.8492328505067 297.5409412422983 
390.412391559733 484.9196980713287 171.26295735703624 219.3839254094104 602.4184046249386 495.1198497244367 41.683001167463885 218.63023695076697 
159.7526991692421 538.6708927863149 181.91952504505485 207.46679842192583 430.5227111605949 265.0229046183519 474.31711793389337 521.7433290157005 
558.703304666722 216.72108294513868 577.286437450655 449.95852163496403 450.5052094698796 526.4278692522898 401.0952154359814 408.27887853967553 
258.9244382910367 448.649536695097 589.2622896125101 76.43412421900496 118.81682411539414 116.01118463822007 232.89835145387718 559.3327051025591 
434.8409978022324 59.92382490159232 595.3372456553296 189.24137075750758 174.61393305995628 185.48730066706824 374.40158730618896 133.37235959665617 
369.42253543152003 40.4727812355175 579.6463756926094 121.72217927391584 374.83523696821123 568.2286138220298 51.92435741982618 160.00545561838595 
393.5571045294168 484.35325322719393 602.6169653038362 242.52787157593787 512.872490441574 366.9790729238541 99.87451866647753 429.84173706474047 
459.01872004288487 100.51065769790493 579.2094354879298 206.0280547514242 220.83480461386108 62.66156466680895 405.7862269872213 380.44882381999986 
45.02867869062793 394.6331304626546 265.75205637720256 148.81329027803582 255.40691002791704 44.2790387121927 113.95152060586247 78.40187246116615 
298.41058237435334 422.09961452097303 355.36945918218936 332.2915909798379 167.30099981362733 59.90934998764819 287.64564112343413 397.4267809432021 
307.3391139998312 412.02156040033964 182.0048167272408 131.37856254653707 454.3023453922956 488.7939120695972 329.94616848978694 292.63732618438206 
408.68254335600886 162.37844875859656 133.0357953948952 269.28136395894694 497.908814347488 334.5200588307817 463.1458312714656 470.86596186050474 
228.9390748108895 306.2469966645532 70.4843097714666 198.37634823988438 383.5639104827343 39.29718140813763 366.7590860931895 557.0883434631946 
158.7667730736222 149.12421295967115 60.81996823514016 527.180548933384 304.48376074918014 419.3265734357755 274.12249754537527 256.9416834403023 
561.1074380617171 177.3441015351537 113.35731230458654 593.4168737314333 249.07771376706205 421.26508736108093 27.58879785829505 615.3367620748188 
212.90409359725805 537.588177927328 427.24672904869044 483.1729560743961 271.96276004738075 599.7824632631351 592.314747042278 271.163786327284 
280.41226427569984 587.4897232354003 47.059246663765755 596.1539374163729 448.5717068585445 616.2125134577382 528.6427085573337 208.09192229810157 
328.10500027411365 417.3317708912323 226.96492264561425 257.02886276076674 213.35505856415233 58.297917019875925 323.0760254488185 501.4626220091674 
461.1716635099273 442.8388575735806 203.50511512907022 472.87083698754947 381.5766963092324 481.0289416183632 477.8480673090411 161.27666850888863 
301.61049750189994 569.0625159150555 76.95842728865989 336.69102690884614 354.70323635552916 568.57572162375 259.0850955863035 371.27498847442587 
497.9148155304444 425.36052241284443 301.3004454997795 577.0662721243762 409.38725035012294 317.3144367063147 403.5628623047587 24.113245722203217 
468.3531244920283 371.46992289494244 482.7571595016843 153.86057736800106 370.04408377682796 139.94714505498354 484.05692878404045 52.63006810519029 
477.84284917152905 574.6737506052702 186.95223890587403 600.0403030610945 365.0226257478895 590.7154813235496 233.2867803545854 57.209216250993336 
548.4178580982173 258.06151290360253 254.6479380621083 409.5830227802976 366.36958757149273 611.7079376722461 326.4536521320316 129.23532310184135 
103.28977757432448 419.88348681344115 126.07985726981923 171.48029350881887 613.1877505409645 600.2610274180109 522.372132905916 370.64346800702026 
444.5030089395766 123.9986848370346 473.8854128134235 149.83407492072547 218.58781190675305 397.4542016533434 263.19549796884144 209.56250937183356 
164.1834803641298 461.4165670334655 44.626029232581615 210.04686475345088 260.23407490034714 297.6983534308618 232.73481111924528 212.0520998671667 
589.3812270472268 282.9326558219992 208.90309406053674 591.1056888493188 254.48385317003067 579.418361018747 373.3717377232452 89.93354066184867 
560.5066165372899 202.85762882759835 120.06773314506441 223.95977152249714 314.12061198021553 456.82903990795216 61.565189534963906 404.7143271563133 
43.36042033912493 173.8404575028463 181.52420538635462 95.9919622473032 289.6808506447006 352.8051338902997 141.9516179910519 467.60647115418124 
274.75754852395755 532.7850327327335 322.6271717016849 561.5839231382099 394.3748111304757 592.8448847615815 520.0391213822979 535.6385234758391 
141.74464850797398 217.86080045306556 583.1726370512062 98.77506381050696 612.6008116663949 420.12739969673396 213.49528096570728 203.8614266541179 
494.4113042488156 256.6068574296438 106.48268622424897 612.015228091966 392.05347804796793 31.66383864882965 162.02879307227352 493.6480501905763 
492.2951264326689 225.1300749324617 241.08392844952976 381.01115493725047 119.42559994702167 535.5421937841178 95.86474968894879 337.0865111904002 
84.38049672349011 578.3967630369441 50.97970894378672 155.66662860845258 479.70378656981524 329.2659962292421 562.8137507990938 357.467249083479 
