80.32847744140547 451.66422487818335 204.52078658963495 491.3106241459011 36.854114055188504 422.22752193376544 331.5837634861823 427.43082567592074 
345.55282960924404 380.1527045564756 126.65054518942958 222.97168178455732 259.49692220692737 237.8315147944664 44.19903370998839 354.91314386546435 
119.66869685966762 129.28142583459928 94.26112964568716 260.80996314074207 313.38835034505684 45.0948700774385 476.2809142629894 420.89974638719696 
412.21579984273313 323.13186718853626 440.29827401695394 359.43091332643735 366.2794177449561 403.15916958811596 314.91117298182627 35.913804457397106 
256.9849721775463 378.63902980274656 266.46946760261613 221.99796645510594 235.0577840568619 503.870867328597 478.9536890318751 84.67883783726381 
395.8712772839037 439.6886674836732 68.9916464838372 321.5368359454066 469.01501858289873 145.917609690754 175.4661464849768 318.71213127215697 
324.05534535435703 453.792686887911 288.16695339933676 427.3180095985076 419.441868039758 476.5427427278154 504.93992475452376 78.9962309072118 
446.51269577340975 141.34275904323195 31.786741044656054 86.3172445580344 45.55177985205693 250.83787611925618 365.3680704039044 98.72857655868194 
95.85132438061932 107.44189256801921 222.36356174987841 309.754349000002 206.73246118424925 358.6136640164819 405.1414658123056 136.14925121456017 
161.47731343373562 346.31430759052427 418.19138567967525 214.70991155131662 191.12555194218433 368.8485904277586 274.7729823563251 187.44688129208853 
80.0886170087771 388.2933011688548 58.233902269354815 370.8203323394247 230.53456448121668 341.7160161874181 427.44997200997256 29.742639223385094 
437.4969734082716 339.387286750916 380.8409235233663 102.05086137517443 251.6607286677071 158.189252816052 218.4146317017731 344.1523893473797 
431.7779259512098 63.42400394901675 266.2929972096769 493.54676720347146 113.6671408999772 117.22473405220795 53.172720991419055 168.92689887696304 
447.7489409688405 256.7727384416563 253.1740027073141 353.5626991516625 82.07099729658995 50.52348994655608 334.53026426223346 432.67030393115374 
492.77573849030733 165.64481649810375 478.5720536073296 380.47010533990664 288.96387007376245 204.8704951101406 458.45839016634585 317.63652888376987 
243.9066381777409 195.9720723772555 292.10834571402535 284.8428293881135 429.5602096511366 142.052371679165 108.78639400425703 203.1039905794411 
456.3351105006105 165.8635679975434 293.7942670961166 116.62079268719104 445.0739271995844 406.35306329141065 100.72278834550535 438.8283154707697 
483.1904251159194 450.6403376351853 45.71653549454484 47.35180321279724 441.92309860924297 209.6276924158349 23.204598935463494 198.57324476528447 
156.65642253127277 270.4483327394219 207.55055307674385 357.5115318597867 97.26280105364908 383.9545600571568 430.0747084478813 163.71962699934943 
280.4184127761104 370.4494737324827 345.9017959981355 378.9015557145169 300.84607097410185 351.8652170549132 330.0873114131085 286.9525762701241 
483.43818245465235 343.59079016782914 167.47538405717694 142.12556139726905 283.2130095612876 364.1527299115661 225.7416256083208 386.0266955427364 
185.05720331281472 345.95168277428843 426.0737820151842 479.14367494717237 480.2079873053906 255.25799586333923 450.94355071065144 317.6094954178291 
421.42782997754847 454.6694228700759 253.4225468992569 330.9049145243414 383.82496624114333 466.23423757894466 57.49556851116593 481.2028705237393 
283.272736463052 418.4426097499352 163.82433362984986 10.057739852193484 129.38096596484667 85.28962160684426 500.41474685393507 403.1427788196314 
214.97244615753496 50.61287289274801 482.64090192796135 168.7387617298822 69.01767714865136 155.90794469169245 372.07885102549875 150.67694127036 
424.9809813675658 14.824673703292426 448.6033144917437 221.439548284911 81.53113687042367 502.547533246281 435.20054396826896 326.1207742346088 
157.56960634297107 253.26317326053666 239.95022585969699 472.95160619702466 368.529581243194 323.91818089034246 204.6298280547729 391.0913720270823 
75.89878671686606 307.47033371053186 174.39432529038316 201.3894139587965 486.91942691541533 303.8362916942755 327.984493729449 70.81967003990884 
506.4181381181089 281.7390409623576 332.91690758162537 446.29163755807446 367.7193032109345 489.6580540391478 15.108742656058263 88.54064313693515 
294.59464335294996 199.08540887460134 357.3905234004214 251.80046525234832 71.20235470080465 188.29085743452438 266.3599294913564 479.96175911303857 
21.968873660266055 499.79917180011626 172.02980970640758 114.9190055556859 28.36645285377919 129.78268779850853 149.72345581264062 237.80944507458867 
334.53944873366754 432.57228097305494 378.67039968603615 388.8469086257194 18.73278987735565 148.4898402014147 376.7557156163313 36.4537492802821 
132.47548591602919 88.20549984721431 75.87600532972282 391.3940434126192 134.47238163750146 131.82254301642908 427.35525257507277 286.61106805719083 
371.15731796321614 325.8932554307205 351.87355716796543 468.4723162517323 480.86078885615615 486.56886228099796 473.36199121761155 270.1250458254416 
223.54521488139466 342.0865109237664 201.31656135391688 262.66561227343243 363.0609783554139 372.79665902623594 350.9845979108065 104.82558490159276 
353.87633708063555 131.9338049457228 115.87648410260681 436.877893157797 209.2342908207741 455.33372995951385 332.055997720803 289.4659837071586 
52.68969260210154 93.30046852749406 98.66234602603662 103.05935065127031 479.97947410526587 422.8259862139058 444.11696147169494 78.73819965699212 
483.1793480132701 23.365844780474312 352.4683512755041 206.01076858221654 314.09995716309106 24.373830351976647 89.32787103509165 438.36618084817064 
288.8756806296426 257.79876083655466 391.8497712832848 112.2659555396217 160.6991671724001 373.7466235904927 212.2085622677538 330.2774714403516 
312.654765195199 202.51103226705274 329.02678135515663 154.05231154487862 147.60396062771585 271.17530657598957 266.2063536307148 77.85275917676154 
177.0759061974684 507.989152717468 83.61660401634512 378.3295100902046 436.11625408368246 292.723117831844 229.0921450058899 61.253674244913064 
476.04730464134406 136.20404582348215 266.1936350106347 250.9063365218841 312.0927092638184 397.2344285032992 417.1846574906887 492.8286569378251 
327.819803402289 70.09903959568769 485.6777568436108 65.63566414188531 263.3525954688515 300.86174927980073 348.40279554417793 22.596979797423245 
39.308796840609276 415.65585093149787 330.5507839906796 308.6874599944323 293.4137063500594 369.1708089118025 404.1461799135707 423.81089816308906 
131.74427859976186 146.53877769462363 273.90100624225227 227.90003267907915 221.556491235094 276.8237974543016 40.0036986041376 108.59584344367973 
477.6489642587629 241.31699032869852 252.29590096660914 357.2093322004813 219.21624826939217 184.8407109071668 295.29032548699274 223.66888635572738 
299.1445670697927 463.26492673034284 168.48287645470322 246.15640243770181 332.70346505484594 185.43882332929255 351.4119271479782 76.1351907310465 
277.58620070396427 32.740868612762256 67.91824378728845 144.47293780427893 242.25226580754088 264.45032740477166 389.0582926709395 139.3626776858745 
24.524920181127776 442.1435615241404 239.12430174037368 391.74502233015147 507.39703581507774 31.31798327360457 494.2242112667466 388.9347623158074 
163.99834510435528 163.4470387083085 487.8744415967452 262.15488352737754 48.67709280831744 466.66906247429665 363.05878773786395 218.68124114762455 
276.14945088078326 498.3135258731112 335.20651400742634 14.300903183517446 115.6695430832888 437.46727034867047 55.542738733443 186.78734152387455 
452.1734645988778 320.78446039408243 389.2642381109474 396.09565783997147 491.3502292410041 229.74283689869557 47.99390448822154 341.9807950844812 
210.59289163915355 462.549725536269 140.96676094384435 354.7420969886916 182.7828552268571 348.9008021723703 334.4009052647174 379.7971253351738 
24.86065439189721 490.7948277480097 433.5063336147731 201.78792976778297 348.1361508338636 337.6073061888487 326.5848344652963 378.9230263681635 
212.29139151066656 128.62642308331223 355.6741079675306 483.2579780121253 210.02922840664672 361.254125546683 303.1891486015974 367.61788861441835 
434.3208022175683 68.07577179502627 309.0141021617555 304.8648346604318 205.2050460644893 311.0012071207308 157.49766843963909 470.213408297604 
58.09325545244042 425.6804973531297 498.80520478614926 362.2974959679089 120.5320035204867 174.39747079391958 194.08067269415352 383.69135882078433 
129.37736211742651 90.64423638090746 98.87142239518253 426.58823202012763 465.333644419767 423.5796018270954 224.26916995382817 434.3394756571094 
206.80979726429365 215.57472712669545 340.22009852309645 34.55749810772173 330.0464838232299 171.0490601096648 210.457263155775 464.4854584697808 
307.4671524323669 99.79968454538789 273.5084431766154 134.33701734707182 481.2059794632572 343.02717590586855 209.23259543335897 299.309101637165 
213.7660304786276 215.26109156376847 455.33798165088984 435.97097866762175 442.7606281449415 120.38835817371995 363.3350598766086 43.73257180950645 
391.6911258549447 124.98740361547472 308.3773436264726 217.09536879227898 313.7141612158026 397.1714862371235 192.44342675321184 459.3887766178857 
270.3515324763078 44.1440352493354 405.31299394126825 333.69538233154356 72.09588753276464 506.66936932717385 432.79032404906167 171.66787296419676 
132.8651562454836 293.661827062567 426.6281620824835 185.94105527768843 115.25915784936174 465.0963298719905 175.60515782112867 456.8418962656919 
368.57119870648137 396.443750003859 42.209974123872165 389.10087975512033 286.5079617990441 482.83394406270014 54.38525921001357 359.2675516322873 
336.5708347614086 66.1497166611889 466.78453751382096 399.53370922601795 138.05160904580936 493.2548987173738 230.99512027643814 388.66705149263055 
90.59598386787819 338.5594585561722 439.1802879133751 345.7586375015694 180.2876026355789 449.12499051995115 430.59375218928744 47.48714495525102 
215.20620079399916 95.51357002778632 375.4194676990392 314.6031086038429 367.41256671257725 136.58316705131267 275.390199292817 438.33627557485846 
23.31371945856391 231.43270007901705 445.6375908440349 342.42911219196515 69.36135898587563 256.69983685520975 167.22715317366837 201.4997818421133 
365.03658652649665 212.41480650474992 324.8311810253666 361.43746827790164 280.07428226442266 24.613131889375573 468.9926779035665 32.53335273841467 
297.87993318833725 277.91060268606776 367.4335631645679 351.05032416641524 312.0923913352716 36.24346136323513 234.86009488647056 29.93448131067649 
368.2453739478893 34.9770741163739 455.71881643554786 444.37168107998133 227.48100321842313 152.5860701148608 239.35597888140597 122.89211370647723 
254.268543593903 195.10916524217953 272.0337732555378 239.7261404584625 255.0812506108007 151.58178406639837 55.25625402510519 329.1144377902281 
19.984746278761946 203.64955838745897 244.85826915010426 67.27565759199726 444.0897791021966 397.56586452686724 430.3104531843946 92.73469585636212 
230.82269807772076 11.776563388023956 418.69340134835966 460.71455963213236 303.9666216908012 278.29496761704416 212.79409966013117 452.29527103399164 
180.42649341385524 241.07021851875527 497.7779562958529 84.0425634855884 180.67115746605828 159.55225724520494 75.88917771507946 288.80979033800617 
478.805553204855 490.6563903721447 313.63301726101145 363.415991031044 119.22616563471671 107.330653007272 290.89274035449984 403.9033598506084 
251.8128192272698 36.929114832016936 466.4345843970705 74.0771108784226 462.6100605717564 127.5941496814336 299.2537027882243 178.0310028138039 
201.95103451072754 175.85096680088353 390.21441215045655 132.36154334074806 436.9772371156716 173.61730890007152 333.4376464855741 58.774088291298426 
280.5070911356708 457.8316412201547 91.8889336304643 342.7838590037275 473.20650748166105 170.90285966906353 336.6198685164088 129.21506704947754 
221.01462797383834 65.18460754746752 314.11632036900124 350.2012777608062 14.777722924981742 309.67743381149137 431.2064563861794 506.3901309525682 
184.04461387587938 82.16186376816158 371.981666294529 47.055472038982906 61.976442318726114 354.96542515988466 186.18357090420895 319.8201572251404 
263.324173351131 407.566912875484 413.5102549420073 185.6925226441606 202.4267929323429 224.24091661764515 433.2947694471388 20.119717789822847 
103.18343494743186 59.94574202739405 354.0090626357441 445.76100114900026 377.9524377292266 82.65786507945727 382.0465447061834 267.6841723066824 
377.3306072219388 125.35604652383851 234.23624805070096 206.6881527462454 137.76566780982535 205.8582499127511 283.54189637896934 151.4549603982677 
378.9551072143005 97.7144564606272 252.39885539496254 275.23419819396935 127.98457157149461 360.35848674873176 393.14213324634454 487.7629850268982 
472.158812202706 361.7220156543589 219.97863063053097 318.1248181826796 67.47843332199781 451.5138644391063 481.95667094086866 449.2501056506491 
154.71549062216184 68.36766324394871 191.38595445773714 249.761734442603 460.04113410394683 189.06115046482955 147.16108990259625 273.8687746856467 
482.15831901273975 153.00996011262424 17.4418585356546 325.0113317117972 292.8927968740508 20.23935362099726 171.14321137828225 303.95979864822084 
103.19551107482754 246.03679563478158 72.68826277425826 187.07156270895746 471.5094487944658 80.48853594446952 179.4773516514947 105.40825005394737 
156.45413706247956 226.1033988479557 406.52625115910234 120.41682691182424 240.7808906260498 411.72681917054445 347.7267060748579 416.87740713900115 
278.5519658768031 165.94830759790756 68.18247924077596 258.82110253796424 342.4966428383631 198.20546278410328 407.07382192623544 179.1209709982686 
473.49752729976603 420.7875676030203 355.50378406965126 498.45911938637704 159.16003176634908 269.9421067974841 198.77921596820624 394.3732583917067 
93.41827143384734 109.28701615168289 237.57981403669984 366.0856433204442 94.13041953898598 123.73212337572924 27.468132985543004 65.81762726397821 
180.6167843693353 237.11266905911154 201.19386861018273 92.29298042563832 438.0935144499735 211.73810338623937 63.24540432250097 467.1329598887192 
420.955272420822 213.05931891702954 271.10182503363376 139.84649595102638 471.8598549027131 247.65742199347918 42.638447398109115 492.1183042202778 
458.56800573379815 507.7571397452371 454.139155710427 437.0983678266949 55.49138869848446 280.46801368389475 18.368387573013116 334.39565482647123 
321.90202300986357 204.95652528778058 357.1561741106691 66.47936241554946 453.75617374485165 285.7521965335611 407.9492539390955 247.19077281952417 
211.0858775584246 195.39096351333524 228.78128195770825 158.06878523639116 147.91123371190977 24.598653751976997 91.11543902167895 133.19229437963847 
396.6265550600396 263.21809260612247 175.01243003580691 238.24258058123814 383.8135127570197 420.0825464249757 306.07709829405616 214.48876651803417 
479.4344699091549 315.0389123703302 298.636662233818 283.3995017957954 206.35896284564168 201.32371647855894 94.6038359563443 32.58396398204165 
262.1766556202304 501.4949759593919 12.477821055960504 228.76541555300827 230.24973759123733 65.12307299591006 45.93641248305285 28.490260059535412 
481.9579965603524 481.44387857979984 276.4722991156953 182.27583325195707 397.08957829591554 105.17704640358882 89.5266192256866 452.9001220632261 
154.3306686463978 78.71279357500265 508.57304150366804 93.53636034299771 468.80720220201823 258.87019620858325 86.60528654277071 356.4357650224228 
278.63162136868505 81.43011921932163 419.48151963294595 127.86148453695317 507.40796490083665 21.645953659767894 470.5783695779439 409.9768928017506 
154.64826132859616 433.9352622989192 21.208000661805162 495.39135644635587 91.05351750168704 178.9554360038335 186.2512271701182 305.0665974273381 
60.612206905007675 71.26655475452753 59.459788393812545 485.28675264854905 16.469663452310648 305.7844627208477 177.88097096112696 484.3953532905411 
42.521199731209094 146.22732946297089 119.85766289790976 455.00215039012886 237.68235168066448 283.7586508048677 176.05695548137462 452.3631621085557 
64.78913200411418 399.0300247723206 157.98046296914558 24.636887855696614 291.0816831235217 85.8266151666368 33.409420389361 415.7198151143088 
272.2241560981534 419.518552483971 203.23775555070165 226.36451803433948 456.81420258807464 78.52135984004154 359.1462066339832 504.28324639859414 
113.33503667132953 51.96862008254293 486.5706256448248 358.94027050216255 406.5032189015085 91.79973705774957 202.41761732013006 321.7360854378715 
74.96545096550355 192.46633876444963 241.98061278969757 297.2865726920985 87.29722412906243 506.46002262480226 34.50945680518335 76.50026352140875 
278.2566284563914 228.86488257183782 431.8867829263759 507.1568057396393 92.24650499283548 109.13771562358082 279.8641027401026 42.68978956176494 
185.93787909314685 373.31924706067656 146.3109021281822 14.877060211200213 267.0078980625627 464.87930540511474 145.9297712425775 101.14160215635752 
170.94546833823497 137.3991857340913 425.890738269585 82.16613385898651 302.87755833320136 57.29430016466718 501.83787461940864 110.52460593353236 
196.3694553026981 199.7802460098456 258.72146455753307 336.0335888631376 66.1519460802945 446.2853420129522 55.90853496805336 358.5268139520395 
356.7287286701008 416.51293824958464 501.02528040924443 103.7559244405034 413.8169388608527 193.35638246595215 81.98417542623858 343.1205775274648 
30.57419198038135 223.8700043222263 471.64904478548186 202.9309579523103 245.56502023098196 304.4990710902382 444.5912673007383 133.90598916729238 
394.41999024019077 183.77189373492018 470.39007471621926 436.6101872680083 42.14058615844956 440.6572418197931 172.93021444886324 63.53238783408381 
48.00292314604042 421.7902051877032 470.1500978428265 43.50942868323342 140.01349951534914 145.76948576846686 333.6933637367927 499.19797771264376 
500.8700113926467 207.72944000385118 232.91731799857968 353.2974956985958 492.38056110002816 342.3898813185804 452.71104844249027 444.2276238111082 
270.29407078014975 428.7867507862504 99.57656029988553 396.96299689039074 166.4953032449205 344.88688521096736 235.42591419765412 219.72869401079348 
340.5175362640771 205.28986783901377 203.5476186827969 222.2593236537477 327.3258191629309 140.22026170187405 336.19525552250974 476.32509285112957 
233.32436085940654 399.01313257382543 358.25165314792054 164.22768253189523 457.5406764611452 186.29621742478173 426.42150078918564 285.9693790162572 
439.94002292634264 264.07165652746664 368.4057521977137 320.79830996728407 63.82304520702702 477.9006041214097 311.5108046354804 63.83306710612784 
464.2597051677406 490.39364696871456 15.14562693855819 483.46979869405175 119.5129027113596 130.2103121764783 346.65989311534014 70.27492370230115 
227.40450750243724 389.77075380829405 464.9764033199992 273.06651714537765 493.57735600612654 229.88267986758981 401.47078533172913 242.88757437811492 
83.60592105719688 474.486694856911 352.55156839050244 230.5742373597273 115.90914534726559 203.72317537525518 123.3939242684041 108.62209010239204 
197.418298781661 178.5238502322746 287.28000723979613 113.05374414327856 128.95316110423306 454.9310721562968 249.99919155466065 25.990713224165397 
32.25952757726857 471.34809041071804 33.76118650715031 144.6327570393654 275.661231081409 16.923300219849935 220.0752271208563 507.34783107184137 
200.27980135730797 114.27167773593588 116.04848073030499 472.5757888506195 273.77489142399014 474.73645467951275 333.55673709503384 371.24888796770597 
423.55852111513394 309.39429726419166 95.7405707545304 78.43227226464643 426.4363981534008 404.0068908011279 210.28003208451494 474.88757465919093 
356.62931082467713 491.12226537477096 273.9010296858187 394.26273479110813 219.12779679299848 77.528916722068 297.56659840207794 276.6111051770949 
20.333175250279822 10.265755958195335 66.80598835478918 373.94311514247005 152.93811341400757 189.3911918754428 176.6349071276862 478.5135103402437 
96.99976613824428 460.71427142490677 305.5199287200799 269.5472322342835 64.15872298103663 346.69117838232563 417.84021886189817 499.10725710568494 
336.9567903177063 398.6901312917138 209.2996536400005 362.8073211233253 180.20680186492154 78.82775344541852 234.74260396308577 26.072802608934346 
326.36753363380257 204.5801832369657 282.8262951767039 401.652773719338 161.87690550108772 114.37192686480095 187.00307768562402 399.08641444511255 
366.3965044384212 337.345583887553 387.26552907094236 491.82691663230486 381.92068981988336 175.51569720337505 182.10778688911626 72.72598524477834 
213.703222715569 231.5096828653463 235.15587245282575 193.58199379332507 189.95474292126977 40.09905032729759 25.92046811078285 409.45509858949026 
432.26407661025723 86.72409577475042 59.125098316196436 73.45220856276556 413.6965381697418 121.21502954088336 272.06285290075687 52.685141376129835 
106.52239909780953 299.91285809795625 204.4348151853938 461.1049333591101 346.5285571382499 314.3929853493977 120.12332216880222 129.91555576224388 
165.86661205668983 289.9947233278235 395.3531262927317 161.27003837973007 471.3904520159647 362.35990426690154 112.69366425613069 35.95224186827666 
70.4364563713003 465.1835494590416 425.3554688495273 370.74731333654626 170.9994225685288 487.3799172519855 381.2339181058683 46.204033005595605 
108.25743099933126 82.8668744204058 21.153488124358624 50.492075338837644 174.39865491389122 41.17187973797536 190.76538721384622 10.057396167213453 
53.70331061850058 252.06256496420968 130.55214376893838 502.7788399886187 489.83390779540395 422.40511638986646 33.3917237768797 374.32910073617495 
437.28678283087737 328.45360234268895 384.134873302958 403.4431339196808 73.95824262688853 11.773259807470396 20.64822087427447 286.7971720612852 
176.77823845240175 452.00100849680683 480.7768984395801 39.201467406749394 487.3648637820607 374.64622415296805 324.6791524950794 29.80986540456664 
319.6526590082469 477.1348792297685 246.98664817454772 500.04938881366 286.44802815011997 481.30032487874024 418.24322474101905 33.97282789850924 
146.86464241221603 45.52355789287698 120.07533961710092 76.73768421048976 401.5922064967283 194.72648867612034 363.5473132937513 221.91432557853435 
387.9515556543031 51.420901154956894 305.1546159798667 113.32670353319101 251.68925448650825 276.01662442558535 399.90806618864525 432.1286360735087 
297.46481822170955 249.59172253702297 355.9623795634599 64.81880210985778 344.9837237522226 157.32807691728905 80.24187480927085 172.89758087727836 
342.7292678245405 255.81531312935502 429.5167415047002 509.8689087294946 116.24639869231018 232.42626392477538 206.38279959537613 456.29014132186654 
252.93074626192313 189.9671251726559 464.5980249585107 368.573223978579 250.2758168529095 414.80536624671106 313.22875966344725 462.24018432936896 
179.53167073525822 211.6785477227782 34.05901170330161 75.33605257070785 241.72800013707933 213.38719365121776 451.7156920419178 282.70242832770515 
218.01487745595716 198.57481537721088 120.96316767422987 456.81473614171404 441.27428880779553 75.79819319519159 20.61998972012218 495.886362482875 
40.955480502634856 317.0910761403599 68.55115662342774 64.94272003786716 338.08734906524165 249.22448443460925 397.18894656480103 320.5684507985553 
392.4209210164016 235.8665327459446 454.03534760926806 215.0307801741898 328.6551642085872 408.8451562191113 116.59941399512502 100.48233423568452 
193.6990837996747 231.7167133158649 136.22248395272862 478.9463019294709 221.9233558342512 303.8435829269916 350.2445241299161 368.7872655453234 
10.354604253089253 438.1839570372164 226.96455463904962 383.3707489137173 230.76542901400887 170.9969054269163 432.8485427370006 242.61457937440716 
130.61325761708991 486.66586526300256 236.43761857023404 63.1352433769467 199.7812879049395 165.84364323875778 188.4099004134677 397.6923429307091 
505.0744714963964 290.12204213680104 142.24898027445263 119.6342470834521 319.42380944966766 61.42939691535159 304.97227906225476 373.0481164265018 
297.75198774437547 219.3588378940303 132.37228121338893 434.3173761791494 76.45356084857512 464.6307486785949 508.2238765996382 455.7898270262044 
298.442655080867 421.8922848296218 271.910845688941 187.25938357962167 190.721590023468 300.0571936718221 283.92474186021127 395.96478237504954 
446.42325931120735 33.38911044809938 343.6891062606364 330.80817849369885 288.2804939636649 311.53126946652264 399.16231753509095 201.49682743405967 
215.47564819148113 31.685950730644386 112.67213475079245 268.3110656217985 60.82338124960617 331.1467459876579 472.4350160547084 263.2015514890747 
110.23979703742108 483.3866033316648 264.21337942025934 487.9190363909628 161.45115716236762 65.90505094622327 342.563981153086 59.87971297189569 
23.895124276053274 433.0374510900283 266.1304108743603 401.4692426117538 86.76785943288778 151.92965883286251 486.43294943192444 193.4887368072216 
207.1698818514418 184.88099252502414 404.6088741394155 138.44555942474844 295.3040781585211 226.25876757278994 235.55626035327288 504.39236251647657 
98.67867636388826 227.187527745828 243.93456122817207 45.017248712504276 312.26860517323826 266.21599089583 41.47493642968663 16.688357396849533 
266.58812466787595 49.1649513456957 260.0535632159467 138.1558384609956 70.62807817818549 446.359204257314 39.98098634877417 463.614469864192 
211.6106178517274 100.4466187532732 397.96061731148126 264.83001317955325 238.514861776472 263.0075182328029 164.16968888826437 143.03237336532197 
281.32624202774775 143.1574536790864 302.9154812844461 216.27872772085541 282.96300522470244 176.3464501671506 56.32018917243036 352.98982810244354 
445.8327628005982 246.5580619639215 475.48751778881814 47.36238431348593 19.9723178794483 20.11104448345973 28.604031015549584 157.36095253626357 
184.72383360138093 174.26704926948244 100.42841780161575 350.9921584887377 400.9005735145283 428.847303005086 322.6219271009151 231.56458604135275 
235.39520064472833 414.06143457790637 299.3729029895089 237.63741057172598 285.1838695861307 32.751630992760894 417.76865151139793 38.36081349426822 
452.6791615539262 100.2551706760077 57.367760905882406 269.9113503748745 449.3850855664225 170.08845908431252 138.42599873220632 83.72556611275988 
29.80707276310517 78.65582005302528 73.22884421461373 102.23461609235744 82.57043662035557 367.18594055414854 309.98391715926084 502.80342893122094 
330.6999690264357 364.09936013484037 283.7262686338518 75.57718090272135 18.014245560248934 336.00984682708025 213.68976868441106 225.9384872743198 
83.58738071600213 240.56306197531075 311.5977015663814 17.27826317942931 451.23171328602075 239.3154787072632 90.32565102755895 474.7833724162958 
185.9542110726166 253.85658769104234 87.38982709824698 495.94439304623097 394.33995220667987 473.377850367285 442.7139504537523 338.48633133727435 
370.81575164066743 346.8910942980529 395.1278644310583 281.425646453229 116.74698834514446 218.2998667006283 387.05090508312065 179.9565701710522 
484.32084706287395 387.52655629187205 91.81325523197546 259.8699238390613 322.1690487760621 505.898669126152 303.06836878345894 122.20754724409659 
124.68318315791554 338.9971691353394 250.74950872550417 53.855411214941796 311.9758549998603 55.17015356988235 33.02371231552364 364.7785696083364 
392.44064985216005 322.9149118851951 478.69608159251925 97.60115289004194 384.8641196934114 125.33153768953308 379.5177536976231 80.23436151690903 
502.04289444949256 324.8511758252065 156.85045286400128 417.2557544646663 222.85908664983094 136.44209282575375 152.14093013104883 140.74285443731276 
504.76696465640464 292.49658949099063 355.6583081278085 366.26419746476984 13.644274094890987 307.6020146030752 12.947506595380844 424.73106076622395 
372.96106743937764 376.3989097013724 173.45184422435426 65.81279169484837 59.21932079721103 62.72939865293841 370.75797385057075 453.6190945759139 
195.61648469275192 63.27907172853591 248.916205607063 300.352224331011 120.88593124693568 453.9153102829363 74.28950546064016 108.63227606232955 
235.26760473889058 451.9253501781951 197.38402629056984 118.19877653474747 250.56193852935115 352.3570561256873 154.11461167473738 177.69145008000064 
96.2200510341839 421.6656566568159 220.95811091427885 387.2136517080384 358.4235631245366 156.86949757985724 363.4478597803905 482.3812766199011 
254.106963960251 443.4179481488569 142.46225864656947 55.560411664516295 266.87575214905087 269.97457368139396 267.7607540612151 334.99683223168387 
196.77342452446678 283.318764730482 113.22017405029577 367.54052444196896 500.8505655120421 91.56885831632943 133.22471947972167 75.66819083945202 
426.4889193869761 348.9299003450326 244.66252823951507 284.5071094378609 64.43385112965004 280.16929706147215 363.9822151622557 439.5632037431936 
73.48805955574267 428.0232029149719 413.762159151574 360.85671968039145 453.8199148997662 31.737105026537417 238.24601121368164 504.16837822304177 
370.8393106057628 69.94345536152485 492.2973327034562 325.0993065214098 156.59436052579795 126.07966551023353 193.22652082839318 466.64785102107146 
240.64190206050782 359.5494455654351 249.94322501987438 116.00628106951065 387.3450582112406 490.8307088670752 408.8872957310689 501.28061688811346 
241.5508675068209 333.73313213657815 181.19144319388192 123.83671334150397 309.6012310491895 33.008499638733525 440.52866632072005 446.97567319416976 
127.63016701449469 290.5169246188857 506.0977075145841 386.6416728575489 494.1006404803384 488.1521846868239 150.19947063867804 74.86547920849245 
268.533970091626 240.72908930644942 94.85769143665873 491.64662499827523 363.38499375404456 37.03628370068101 186.9369131387133 185.97743575139174 
181.01609545045693 252.25730674783767 66.21089635710608 431.7120507619549 372.72330144626943 439.96331090424934 265.83458678689897 288.9835305040951 
