459.40358890770557 108.45706226883105 335.8110054022784 445.6351195932783 33.41261119761026 122.848110700345 140.80187829096099 25.397424676990227 165.13061816575598 332.1249713916794 
168.4012266155529 112.30910859583507 399.6290691576641 461.1887208696703 571.4281746247425 419.8369405237802 303.59745548190557 233.50439508441494 349.0576372434044 529.7002954315112 
529.0126100853178 543.1780178545479 434.48263786002764 179.6404666920858 500.37987914461024 93.37880597767904 426.07033280329404 456.2066908322833 302.88988367663734 515.9503131946809 
214.3552705619965 382.40336746201115 98.83444057225002 137.0543221351635 507.2140418864304 340.04160066339574 149.6255902030719 503.6912151403853 605.5646118969834 516.6392274771813 
470.76138494273215 135.94049451014266 331.9344411642259 116.712875510466 497.0821756455289 519.7653305913776 564.2409238146904 227.30590684936098 485.66122476763843 305.2248306067908 
577.1280663423584 177.59588417791468 533.6733071779242 24.937705475523234 143.20302011666277 182.4254565200263 438.58507816962884 197.64119292708213 96.51622586413626 409.6002692132513 
178.0110530042843 431.68898121580037 610.62902898367 560.7977374166935 336.5787495113586 93.33178163063161 193.61243903589704 605.9304531647766 157.14691407089623 54.624361162796546 
352.320717923079 460.80781045923294 43.720565786952605 385.802920454545 28.28375173195459 147.9398821616561 493.40648860643677 406.9762662933319 57.56168064955885 330.32700353885133 
384.75301794987166 463.9747487112915 256.9057732169068 258.07902022741035 99.81795277436252 143.2007919339178 88.56920261483567 517.7078476947221 107.30804177427859 390.32440362220046 
206.11142067425578 123.93710773786702 184.13428144163913 347.6678895131289 533.5399884707784 443.8726634411938 402.7261572969758 275.1231176696771 280.13351002214154 393.3776437904384 
