385.043151485222 397.76758831688807 217.12150890399195 367.3817777445116 473.9632373267814 500.6635533490089 359.32107559785055 113.5235824522076 120.35266426872215 10.119530036710835 
73.81947890030554 349.5913716625298 293.617546121973 216.25031269000633 122.1305364239626 432.909344617319 394.94707827422667 391.90680051120944 136.15955173943655 303.86270070161396 
489.76260451200307 280.32070048515084 301.5953918885771 73.16695760857232 55.82217911866354 91.08046137153995 300.12205569117924 501.2575531675809 264.55878524981347 303.2667064373474 
90.52810711948626 231.12806273468615 438.2303202961138 199.57515875824416 233.79172402866914 260.9449486746064 450.4594533555839 180.25524104529305 92.21989670507118 267.76703599771645 
462.74157355883483 30.692533815734826 357.7195823997569 18.69790262745862 14.498736928930047 441.4630764236779 489.27915286876953 230.79922562466703 109.25805776202029 204.68778045121144 
264.73805657163314 366.093223415486 64.53231437470961 135.51498840452513 276.92311078060175 472.9823731851114 17.981263633071666 392.559324280974 329.22916271296583 310.4144727035182 
107.43140803224254 496.124991886253 310.72262062059565 116.12114006372808 467.33268366447663 468.04159668710315 255.84576158709632 505.2580478414878 309.22990597684884 141.94068060632748 
418.7999630641738 110.77471321071934 478.82738577713565 317.80098221560235 317.68607409668266 201.84236776632264 507.2245263120265 59.59072721686236 328.4799130804717 141.66759820353025 
298.9008399532299 59.834853634325995 33.92119368417572 171.02024807778253 224.02822139265666 119.9355026849716 157.39381735029505 128.80349158645004 507.68882274998924 420.0737430794665 
36.8758004790976 345.99429019959933 433.5765872859459 377.5207740396817 219.036875293525 74.2823181697732 504.7604406725508 17.186645565310954 378.5619468069596 435.73551931920747 
