53.01676661045478 26.565944172020878 209.1883448562962 69.7660334290806 340.3987092979963 
224.42173809760956 120.47250723194712 562.5608249071328 305.91684414151433 568.1466194502042 
79.57053582976586 604.5739385281009 600.7648216421379 502.4796606317461 101.85757731823304 
290.83532127425406 291.90174160165134 299.56295487705034 567.8564961220828 285.93828687469846 
592.1491004108623 279.8193381824989 572.5426158818136 504.2616705600168 276.16430103443616 
208.35487706096384 224.196897719089 148.1386944399447 447.1343336538643 369.2300949768126 
32.65108839135891 81.3164772423863 469.03341597933763 569.9435549221492 276.768767044862 
265.0496237082291 29.288348713690688 78.47166817013238 391.00601587431885 134.1720911308152 
246.69539753092914 445.2082885519956 360.8953349444411 340.4906297537278 489.4322827089186 
112.14808299301522 267.29674552863446 240.84384699425513 318.0092353002457 461.6571795395232 
269.2596709275828 57.17052748231926 518.0026786290855 507.17510596395294 465.33942736438246 
585.9309772502817 337.41546270564896 178.1915067689689 223.21205249971285 84.22518052560882 
193.5072595198756 501.84158462244307 317.4312549898808 109.95138994031294 63.938917165843286 
533.4639105065233 565.1711098132117 443.3491129527358 127.07454616144996 38.46441897245106 
199.79848395330185 567.2700661217614 166.2851135630959 277.830281958208 572.1186696431095 
133.52086780404306 403.09711707424674 199.63739262403 319.13817846595924 592.6213493683696 
574.0304410830353 488.8953985320263 290.1883746831142 114.32206327277596 215.9686762551388 
478.0736803488164 270.25367309622504 476.2248725688717 274.9061342571938 70.65238974100856 
290.3480915730172 347.8502761749139 302.91488841081434 380.04209910462504 264.7838790741791 
547.4952784861762 58.17593327167843 536.215823640777 245.17601378016045 199.22557836354767 
72.91792357385168 262.3971964064609 131.02623404131373 67.34568490323434 104.10750059719174 
574.1486328487016 226.73052639019173 95.69093619417578 531.7347423939268 503.20299275966386 
584.853487470274 529.0849167073391 519.5376431142381 498.3827952080269 225.51381939606176 
544.3062718752443 103.00923386286286 505.9504899138957 471.72414741104785 467.9084557390209 
319.5312369155013 81.7336931010479 590.5293254811862 608.2363074033343 445.4779149008775 
237.36901199319482 479.7867897292809 78.98315757937334 555.1338860778316 273.0083168142248 
90.43275430900518 341.63216873125725 366.26958966503315 398.8311693957255 424.07801078964746 
344.1257397461559 487.21838245906935 97.70712867095358 295.7770317729783 283.10670099522406 
330.2986243630652 331.3517002730787 601.8141979278641 567.0749831841459 306.42492628656856 
442.31974439418445 382.3508715157644 107.80359761910215 465.75197615338857 554.1799437199641 
318.77702383402845 617.3576783421784 499.1949600159247 22.214293118090048 55.61120670535291 
338.06021365565687 165.67005212720443 36.98613689927282 486.79268719902706 382.74839183279477 
559.8989775581241 33.120657214458944 96.20928090246962 212.66415724209287 185.6212419105131 
505.64147798798325 392.30491303505613 330.32287039021946 349.0578573699316 386.207265598384 
226.61047401518087 414.70365469954794 337.47024458544126 81.59185212589573 336.0417260813008 
476.10532799582234 197.6581083278208 426.7518473149473 598.80803768428 158.01161328061622 
279.2401049942626 554.8254036514805 243.77587659536658 463.30935242051515 57.56080039768486 
236.40579224937935 603.1303780012404 332.2034933236098 101.06805330342839 390.4337892219498 
548.1792001624106 449.1726502311507 398.00420245206556 419.0522843635846 98.14216719068183 
406.30888699554777 407.25505395029256 168.76720569486665 241.77049577957442 100.38551850221634 
348.200274756399 70.25823875146891 361.6393244904836 190.99682597561264 394.4090952649691 
359.18321512303754 200.95738266159978 197.11305664386657 586.0248507213877 430.3199486357556 
262.7375041313299 159.394947719178 225.6823047039409 127.38920145979394 81.17170214383607 
545.6111049352497 472.8015034511513 120.90250042081767 555.0545776836566 26.502256551853325 
201.10168852974454 476.3786959031295 483.098844662251 499.43599469974765 534.1793250749208 
265.27288080560396 390.98668608890637 87.19577910688656 23.993741805889893 20.96142335719587 
490.00069335640626 589.2480251855092 387.1042925268488 592.1269592409432 157.0781519477344 
212.83087717746128 263.50273648203535 495.8870208373251 476.13240334246893 161.2086269181429 
212.884519287272 23.010064099277553 130.48507772158075 406.43532974259705 313.2028261502177 
97.5626200435579 286.25287807545914 323.97141269124495 76.34909357209033 243.33142524807715 
56.53275054701239 216.4971796963053 345.80375736576445 159.36411975909238 286.2290545594428 
504.2667809186342 391.10086506847557 556.9723444461355 547.3667150820378 309.3463765724387 
363.950558571802 260.54116148469797 184.73383200278 311.0804960313907 230.86283600008866 
524.488071211004 601.697706609373 500.13003198095146 247.1167283000837 68.71599159337714 
126.03790766898354 408.42583911799466 386.9183129839975 484.90344227209573 545.6402342902853 
542.3815693875171 494.59140991611287 415.975946254722 153.89520252845128 296.7095746767273 
71.64490461591338 261.10233378328724 494.6449442091192 376.18355813013125 364.56010140337133 
308.5597155911579 146.5221494023259 502.6917290099848 168.14217255876721 548.8107877142234 
36.52480244163668 134.9242897872275 309.2792712255722 370.1373915364234 522.6706603141961 
478.03894333204136 125.9530836561219 89.1739062976368 35.57489698149905 210.64811924904814 
606.3446612198635 418.6842859852399 418.79492951183346 306.4718173326602 202.87917813380062 
324.92654582512347 257.78608651265415 477.99960178470957 86.05335251690714 476.94837171267693 
237.31185311189572 519.5057827506707 352.8894941228676 440.1576533291802 317.15241109101095 
176.76125176137407 54.85955425469716 116.51164557655152 465.9553469995415 320.7858869371221 
260.1233155591864 483.66850990205756 43.072161917389835 552.9852135881735 514.924182141342 
35.44510554882601 68.2243171137984 519.0151868946746 218.9865154717887 275.9245453753017 
168.84276666394007 358.71857219363375 379.7581508708901 169.55755168237687 144.92439387739182 
69.47703542517311 160.34184781757475 399.60105963611153 41.24943223949685 110.32240585461257 
185.9594832102098 37.23810819512168 566.8034352413849 324.1510045755482 123.79274529785813 
173.72257788926157 451.2475226421351 405.3847288982467 401.0440256505516 417.89253372673045 
78.28081175567279 490.4226475477203 76.0611730096016 111.39605891166025 485.7386316657856 
598.2269621786909 427.37012378131215 63.97318118712208 172.2703529659259 198.38688896613388 
575.4589076122274 161.13774619317013 100.4405158638028 534.0043649524401 402.1568595249974 
346.60287094729836 436.0971205398727 476.7453161941718 382.4528276256354 31.793854188670583 
313.8506955445034 241.40009287610786 93.5961050432399 134.792297392906 68.50793212699875 
437.2970990082 316.3238080577287 101.05497792265255 122.3037908539037 283.91302964815566 
593.0584156656128 408.25145610849717 467.77555101504265 168.02375667631165 457.9193937050339 
207.56417677251486 36.122731526451986 69.73940570562054 103.39245338720407 303.79454183964066 
190.89669804548362 534.7675533947018 598.5002645374594 226.61901406250743 536.8635229090247 
420.24811009852317 323.3184460843151 495.33881344155117 583.8838813176698 191.503794772922 
34.68042611196809 329.4670741410481 555.6539571784924 497.0498251820601 327.9151325954348 
407.49707265671714 183.15076204964228 299.20671691397825 609.4610758413301 26.195444209383428 
472.625934476729 187.65980084229693 445.2006451726754 362.7639757685956 387.99149916014244 
453.30926760261235 99.35840886851156 492.21384350686 337.44160406943735 449.75452306521925 
228.80704767172108 562.2960306098796 504.15372835497794 519.7565247919104 247.6249120415136 
278.33154737430283 210.9132674142615 114.02198627649759 426.74861441691 200.28542644683202 
458.5052785357596 279.65297143530705 343.56468690081255 304.4280123181842 527.7169403201751 
245.6058689653068 246.28393467806768 611.9275045147092 84.79470152693364 182.50338079482765 
47.942278648644624 436.7173048935964 380.1997485417303 164.14326837537607 414.8717131189892 
154.9820703699472 80.50551230309298 508.0476027982094 364.4854089611381 548.6062226473183 
23.28108081224594 422.39637424288003 337.22031539140323 324.9284452411017 134.80417100901025 
436.6890055757438 57.48142935901102 365.14626358316895 100.44744120140605 443.477782067831 
448.4310901668546 603.7141893233133 527.5818648869181 328.5166928762441 415.4674459630014 
191.07921616188173 290.8410410304044 116.66960238116462 463.235436314069 342.09764453779644 
299.58996941163264 310.92144818830826 61.01435256249424 422.4765799418722 77.44224210334279 
251.83624530811412 421.3255928700563 175.58426546391127 93.66931827362227 274.80552626628 
506.6043830770372 141.97272298358357 136.3456143264218 392.4311173563349 28.77919203808859 
273.9565998630218 367.0731972734028 379.3860014882678 556.6026706787164 497.5918162505452 
447.1298267619922 287.09684150847306 195.57765120847472 524.3980573749365 74.88408447900036 
565.5921066700103 255.32235312951119 565.1684421891325 224.32130506224223 519.8594521243623 
469.21809554809494 548.2104976793727 324.52416793892144 578.0561197701019 281.18356855045187 
394.362016067826 569.9515524645087 198.9161578511478 464.41929842666633 451.12546377885724 
101.35956495470744 195.69810694061445 86.96608681272367 138.2649440800496 547.2083086917974 
404.0169988767676 188.92116135246476 207.20919898386202 565.3983457310859 570.9043833423166 
486.15577771639295 366.6045405623269 175.18041711840985 492.4401347762388 165.37805975293395 
376.3614699519183 219.0822764670997 377.29974983901934 185.38477737595713 262.53864621323 
444.69642255242087 163.5609641164238 449.3458981379881 255.40806614060497 446.17229529925976 
266.1134206344283 362.9654645714263 603.0450769532209 55.25697563092534 382.0149908826586 
43.36289699775098 362.7870963738182 121.72779709264239 331.1387893729995 193.5180637806551 
422.90471120040723 573.0609499507411 459.4543438499271 607.1241963713501 556.8289886440061 
593.1795974398296 482.2868593612123 418.69218334696023 262.2785061348554 510.12530322700616 
594.8981947677414 363.75012856526916 87.63031384977398 332.4966965670986 427.73344966796753 
263.9819177431111 297.8780182683664 224.49872271280452 573.6767847860847 102.14832542414929 
482.5212680659722 559.4467760926327 164.66023521864167 601.6348313264264 257.72992452838383 
541.5689431211127 324.96934075436303 575.4694411069687 165.12701451194044 535.950450988499 
78.58934819154473 459.65461347860287 219.53407446945397 196.4639471554393 237.93559082072375 
595.6568167040315 308.0226214673577 231.52929015743516 351.3119564591809 376.89756159247185 
192.61549829533428 197.5467848986041 336.44116096368543 324.0897245965476 618.9819314118232 
459.8474759843432 577.4104212133072 304.26269968069965 583.4699638900486 411.0042132253341 
412.37662446831484 458.3204294872688 360.82003505273906 186.34740237583182 489.3742617615568 
151.9757605942027 244.90345389680243 66.529061361359 217.57038763123194 614.9050526911328 
104.82956928856314 306.9789117744661 291.3098872624917 282.96683962529414 208.76528121281305 
84.09638070353687 614.2952373508588 208.32807428302948 317.8107541708148 398.0222024401627 
301.24408198803957 452.34190277984743 202.27499936224564 321.83326714229963 584.3687428278897 
326.0206653276654 82.69514651309045 137.00467868998174 202.0211859987862 492.94786808652884 
247.94307645481717 444.9825391707015 596.8472744475218 299.47276525491117 452.76321296510196 
294.7114177608838 600.7940740501359 47.03160415992245 447.08526567484415 515.9600884957878 
34.31387677190699 71.43885520679623 139.455557148848 598.2893918762524 597.1088746148109 
43.992609089085875 446.93079300013727 405.505970207509 377.7599107062077 259.2375480555595 
33.77797520050468 165.4454857493161 59.583451373431956 224.22944564745703 91.3242325106433 
124.92932638249692 50.06028155397382 214.14489227474246 61.300254781417145 209.73826034963906 
311.17961588074076 209.07991941306855 355.0211899862376 179.44701348259832 418.04265082284394 
376.8814209557629 70.7486594436622 316.9634137588478 523.0690490557243 216.8550042694171 
61.57767409426314 442.6159022557299 453.1502070974772 229.1930040844989 256.192245871679 
592.6330687556964 317.0930790171345 524.9665555201229 84.83329374761485 251.85908706751604 
150.69827761166292 541.5253297342963 212.82287541916833 380.54873066827787 476.81613198012184 
578.1487167400655 333.988116230479 25.085696209672918 407.7246508795041 616.7922958073464 
526.3289959371822 452.46807195557454 267.1729143285122 442.77314106239766 22.273342553921665 
498.4045669356928 259.43373108508274 430.2380128110941 595.8631715416622 568.8654228189405 
62.709428680737595 107.25787937994716 319.21572404540296 484.9315751174547 174.2342873021415 
165.39267247953345 190.6033647907754 510.78599019525967 584.417649605836 528.5701098045869 
86.49570676117263 54.69076704425768 307.3711238792137 446.12205425162233 239.90797574239562 
82.79389006839688 245.16402439240937 124.82253404099109 597.399299251199 435.6092531311421 
613.1503724768606 564.7708260690112 157.06457977720098 187.01387239953695 503.7116424083462 
213.9635971369685 339.8638022574286 335.6058322440592 115.75861586339025 406.3996886669164 
396.6325117088852 468.26685937581755 327.3362831576836 498.56142779236046 603.1171544762196 
385.7733064087545 438.67569594755906 369.11609960758585 345.3791128971982 430.2991136929725 
463.0360524619635 496.68145899336946 547.9111044913188 404.65469600973813 92.68134462905915 
180.49886762899868 246.80977100391883 123.10533638532632 417.33486157594064 618.8579569600831 
60.348115000069676 583.613029143911 222.4555078266863 510.1164697873052 259.2916942772323 
101.34533210492229 444.67969112311295 191.1591320717648 489.3020306252869 293.29504040497443 
511.77243868011084 478.13911374474776 547.7714158941619 353.8545413631245 444.43153703306325 
524.3461044611597 567.4324243761813 211.18845276319297 547.288519692118 360.0444960292303 
309.08614906046284 304.2483100945914 266.4500876544423 129.1255946377148 415.79285968679676 
270.2731956980306 340.9238808665413 187.41747531260705 230.86873805811922 182.61984736978894 
525.272243802304 377.4963525507565 132.03266123025855 328.7662153668365 310.83773784596667 
544.8432360245957 284.04646899100084 468.3320008961453 22.884289514813098 310.1893385036729 
462.19270859889457 260.9601137380439 420.997472400952 462.89447427377013 348.93358376648314 
303.9027206677453 280.08793256639257 90.20166933014444 456.0947208787748 369.1555317522629 
579.3414955038932 507.21215457044735 374.9176001310458 579.9843493443639 76.45991522397485 
202.42427171789404 206.32447468315675 616.6872720409185 194.5357991102244 563.6800653392371 
373.73930811974645 591.4366186604311 98.9055752259636 299.36337232006036 570.8087008349793 
182.04413885069337 191.3243262870533 419.6931329881168 546.3665189154908 564.493347393584 
598.8060127670843 392.95564136991055 178.9857446350257 34.08262481387563 584.4730836933102 
441.5195168857747 43.46166893611279 155.02299735499338 157.7590646547998 492.47713732038835 
221.56991371983185 428.3341986954542 511.30793829688116 247.75634666642156 59.443060102194494 
417.88288623579285 61.914036463457464 188.54601227536293 523.9097325564102 224.40653833378386 
422.8462369095251 478.8793834940181 160.13985698503134 547.3671958904075 184.90014351233825 
283.2189111573521 402.93975041626885 124.478293032423 133.5221188994731 162.88623424700415 
144.04092577136163 488.7487358236479 479.34876348561767 166.18118531112714 407.7262470455496 
532.8877643234514 229.5056874845972 177.03346284035268 537.1373138791847 120.91441270773636 
577.009371054138 237.03081772518465 443.6066348656088 336.8152860551989 535.6157311521139 
505.66741540066687 221.3585803310399 110.09448192518879 197.4592662576992 73.65612692631345 
579.9226068778722 508.05930827473156 140.82641094721856 594.1487011797905 496.60275783767617 
534.6855856079001 65.4070295926449 446.7071646106358 41.34700792122357 225.90632348589736 
482.3675694138281 98.87061977957637 276.36021034266815 581.1674475323293 36.58979768205711 
480.16092771052917 82.8045589220277 221.09442517655563 388.4188087089263 333.3711189454138 
116.93109545533203 211.11340815507077 132.26411365940135 457.98029102011355 247.98619720832605 
440.870744484152 179.3973781236484 110.53867184882358 380.23667764110286 499.2946254452204 
582.2907769487156 376.86670955313537 311.4572698166676 135.14251913047767 127.83967878612495 
80.91181010856685 430.22433570718056 542.8781695013079 576.813205173372 545.1066056966299 
404.35941438868565 63.72201367268411 176.8767029408185 267.07240642758325 362.86639422354676 
241.7186488545745 226.52969711371938 327.51159762255475 223.7062125940393 524.6651167269656 
617.3030904096194 94.13278284168065 169.7525777136766 249.74379314169335 31.559422370018545 
136.45242143589735 25.27263843146153 303.70369116083316 423.239931874803 616.3165328212677 
235.27633348410419 597.4336836928928 558.9020796161443 368.9866141144837 100.07813600502453 
444.77176219059737 146.39141286116546 239.63301699299342 467.41488451204464 85.39372591279968 
228.49140672833477 590.0799617108357 234.46359946687272 541.6253243369913 68.8951330144457 
440.6457157655766 162.10293639514845 349.0214126278351 507.8423952674935 461.9216815236382 
53.761982435171966 450.556004167397 514.7662034940488 181.3342823976336 101.20026635115572 
494.2668471077228 215.2922316667855 319.3333158870747 549.5627022901666 524.1984134217851 
419.9350822469338 320.0503814441213 584.0530109831676 604.4869408244922 231.83503217975255 
491.27148509952747 490.5698169966005 66.43128639968286 460.87914269231914 318.56718294129496 
492.6486393994888 618.393451351865 321.5503045337231 268.4242893852685 617.0539342193675 
308.3723434936451 241.84809651660865 145.22273137724903 90.3647592095383 279.09472182422655 
360.6251765216509 416.90147164785157 318.8978214399538 205.46692110235833 40.68297106520145 
474.156997223062 54.31167939990543 454.23117112901355 274.97034235855176 538.0184080704294 
297.2358556544696 355.670327690247 213.22906601427755 280.64265125768054 41.26862727253915 
127.20455718426061 186.42982067985227 574.1737522194103 109.68715619107863 338.723993048805 
356.3424556987689 532.5096823859493 87.21382955144328 159.50092836468494 467.5843319566729 
160.82086229155843 499.182494524141 576.5253168823381 329.4903634319468 477.663657784108 
340.44828331429244 324.10744636059536 205.14863954486776 324.533024915579 606.3849408519338 
614.5913374175221 434.94527817652147 27.697790775648826 28.313230160012687 110.02283460046164 
371.9624028626371 27.162381630877057 565.704287671085 124.61600993040415 456.5727554527281 
137.5988030264844 157.5015437187001 597.8616176400373 607.5749673798073 456.09258039522894 
184.9051832924943 528.121439407671 257.2130231828013 281.5464156565416 47.96264158357127 
506.55215598838106 107.4238097868307 560.5852549393793 608.3090512946654 341.20266948118075 
434.6563522387065 524.8066883148472 600.4013463480369 511.1283824934647 520.6067232801252 
334.2201755063718 263.589737799918 140.3663897339732 336.21208887511284 91.71910340009578 
197.37036941247246 531.6152626391049 356.2478636631573 143.42920061571482 392.16289104383 
49.46319033884819 331.8715680946792 529.7773283714721 337.9566187263575 493.00811733402327 
398.4573567499326 602.1239717378546 63.16917605592134 247.71381553469277 246.06462631370627 
569.8038036712265 306.0612187070784 56.345535501779345 29.88485599119533 292.4173374679097 
171.0511232859037 598.8289465539822 248.01003072288756 382.21808920377504 372.27328256852803 
20.876202807011396 363.8667329286086 31.4385384911063 516.7238212818686 301.2228492775799 
300.6594811263362 529.3988486719205 29.337450470547015 297.3193201825521 85.1670390577112 
184.242113106778 472.3392701361309 259.3207569767356 268.23553741640796 114.13970869865791 
561.2151532560725 152.2189384928497 499.31218098512426 322.8106708324273 529.644596864405 
75.96000155332463 382.3631284674967 424.1988183909759 245.73967777191618 423.3918651168718 
290.51946534219854 331.151243515204 231.93393155263635 165.88484410449865 566.7949777249291 
572.9421406380955 490.8648862516751 206.46948666731495 88.21930334873134 256.4854866420516 
589.5940381488045 290.33516127393875 120.73060127213505 436.08052431797563 404.50782668923927 
312.53324409556654 342.1710705564032 406.5336459119021 479.24375801422605 212.7287415205521 
460.72926729640085 384.50052611964935 497.9849346895549 596.8438540597352 606.1729928108489 
192.89221307399768 526.4671544756484 375.43749081795147 421.21646544802167 513.1889328075563 
223.04209054719792 458.664334670278 530.3654817574243 220.50537385035074 372.14039861127037 
497.6572393306818 613.5843375980365 266.2511314493697 442.47842873474355 412.17674173590825 
462.1283803365501 123.2301987685116 422.3524275631273 594.3713949363525 343.8857078963289 
558.0231085602459 334.3638238050122 228.49270044640497 155.57197968783333 245.49558137499065 
581.9193977275823 516.4083228942709 589.1219848213435 290.2773150919615 429.8501912879882 
548.7575760301281 89.62170464495365 270.05487465550436 471.4927316582488 111.59245613092348 
132.12469829295594 165.5221603384744 84.5765007644018 468.34854713679596 294.69652593584493 
491.8324178870238 228.26116548304304 306.9891316719593 155.0308730141706 296.3953985084608 
483.66760393398425 392.1663539577558 587.9812823724521 37.86362758619566 390.24627380461095 
612.2433186235618 191.3521262829393 311.15114421427666 280.326694394115 261.0207255540983 
117.29258669463663 133.32899677095986 564.1919235893114 544.0118577236007 136.63747686305376 
455.2406822802324 368.0216181759299 49.10967861759377 113.5385162339023 113.68175666620284 
177.04748270117096 471.4896907898373 217.72994091003622 388.9870495184381 86.26492327918096 
432.5925312022577 551.7721286300813 282.86933943424714 411.0446087372245 383.0297000855735 
420.6169373037678 181.35331247629827 159.98762585410728 329.256609074805 20.838681901571235 
517.6484765272869 422.36803390663795 473.8562872428456 276.8742833407865 199.80468867715192 
72.50668855996696 609.2777743240935 301.61654545807943 317.9942589972003 143.41983186355264 
254.8728213832668 508.70410712168444 196.2642565442002 372.0864033252114 477.07466447084937 
353.8520032215516 603.6027350796429 368.6777074058028 82.56270162666135 232.56642182374787 
289.16266080942415 612.0933253517795 24.256673370112907 411.5876135791557 356.48737138785623 
424.1468128308377 609.9842530345593 221.40443785476262 541.5812456732496 424.745111521034 
253.66571413953764 287.18452402932706 409.6692480760839 320.40539940288596 458.8593710519338 
525.4636978246026 35.489290737561916 428.45300839148285 274.5117328211078 583.9383963040498 
281.9609835022509 489.2442994610131 212.75585633265297 551.7048957538037 542.0746925708618 
268.7581730725671 368.60192360243906 517.2890716074779 358.84441968234336 603.8999932989125 
431.3635606480493 101.81045651504442 88.16857023283676 92.86165263093207 427.6637752377675 
444.62417713657123 119.44204618474608 182.88154244837753 585.8642678826884 468.78490679997105 
118.7636204147613 357.7482053134612 61.76174750294774 403.67616873438226 509.5822295197645 
77.39130442983435 415.39525200280434 492.1489705561438 155.62608361492835 271.903833946973 
78.80784143501697 359.51345787650587 560.958091562138 342.3392188635634 404.60677574795886 
471.7273665423604 52.0016387438439 570.6270181035345 235.16577278367816 60.124992671573345 
556.3802292315236 190.95107174331093 482.3130785407362 440.0304287017635 543.4149266458455 
124.93378361219045 157.34908395083167 600.598824847245 41.123163672242384 332.9703400112849 
241.2373498231445 293.22946441611373 594.5628589993371 484.0564797770062 134.81273397227312 
195.8942916827885 580.365460817758 196.45384442230312 378.8502810180216 280.7258014673946 
242.30168130320203 51.5362866531665 283.8387610978901 62.2079425283437 362.72376026835207 
533.1612062267448 259.30250456948175 353.313698050338 234.7278123011344 394.9095104956572 
182.51540553263132 306.93333955097864 149.88036826517146 307.5379422694151 296.450656311852 
469.9368431446175 566.3523570258795 388.98760926600335 476.8101706655243 527.2144331941948 
472.30477685886643 169.292390729305 457.9772891548616 363.03879146353495 609.3694409848764 
92.73097948950102 157.73655903618652 617.092874449099 571.0687739966897 209.56637362292687 
590.6044637415008 262.5069887623765 541.0182716099879 259.71647317050383 609.6145590347539 
283.2488750169358 585.7554440414002 100.69960054157796 466.4011636000445 478.21063337559724 
167.03895826375734 182.19867605820411 529.424913627664 569.3360221646799 88.46179497141476 
119.58780021148435 450.1843783280468 141.1322801055189 241.22205056905636 168.76495173325577 
617.2570861726749 488.9097040568648 463.8952491906728 354.63465587274845 88.01400232980414 
203.09319093288988 581.0518621173482 555.5842202228013 337.8510440225273 466.9492752037524 
35.563787841841936 196.2974327183904 316.78144628927316 195.07237443477803 79.44353038173594 
551.2494487921604 253.23272133644815 289.97412742872825 238.05989614435723 211.22643597428356 
594.8920016115802 444.11949719407886 112.57382624584064 215.21400243467676 26.443326502386903 
264.75334896019456 335.43826058346565 99.99805375082329 254.04097124416563 448.8614123907839 
243.80570867815905 469.8216081905622 196.36223936012735 485.60915493223916 185.6872134799248 
238.4417825273332 172.08358028860977 313.6025335627736 323.70664690364595 245.93016128250605 
223.62387820488544 310.31419211209504 551.2938668258287 502.56081058611557 266.99852782234007 
141.01895071812453 286.16067878007965 62.129252368642334 307.62811188829926 144.58241834104973 
55.90312761153967 277.04646785018133 311.94539897728987 83.44622174370397 340.57420090886404 
337.5514561460114 74.64452547084757 435.1538919649313 487.0702951303858 547.3863230775914 
171.4158165761026 152.76098663154855 60.17555753549158 138.27734107137974 437.0104544890788 
571.473180681528 345.1075755372515 575.5661295780849 358.4782473892632 88.85630170501449 
266.4083433030497 257.334258313948 523.4226850196371 395.96162673340456 338.0242052070244 
259.3654719304973 213.11667311952826 186.71076984062114 209.4184422105104 128.28887864750652 
180.32298494297572 422.8832851618319 122.56043770275467 75.2471807561967 601.6629607107681 
382.051319164093 544.6348966531208 272.43346387099564 544.377336766655 465.80461111775315 
391.31518424715375 104.84044849331 37.322954332959625 295.6098492676685 405.4443606757332 
379.5658772278175 586.0489390634506 573.6480079884942 405.96749992241297 245.01777581184274 
121.79639186134419 535.9735437830002 271.9595263593829 522.3634088198224 124.2649720539221 
375.33898153036256 276.5917144326642 101.56561902959002 207.9904893875573 161.0289521276589 
135.88112548010895 404.350286375867 612.1770334561296 133.04711011350838 487.0663907133674 
66.44876088058035 183.8273591656199 197.99989853976936 461.45374336848204 541.4589026673818 
394.0154815309579 204.0207908459102 166.5770264510038 278.66849851336775 277.1450508864171 
322.07895465022546 242.51538685530977 277.1849160331433 333.03735898761977 411.0156855805657 
407.2124672206385 168.71453696046314 581.692542616096 393.6529092162745 255.64079289247465 
131.33599602548085 310.56815255919537 221.31695174250433 327.65511617796955 86.61066407482765 
604.2182567152882 554.121765629895 409.37849125995 382.37437958081074 96.13733013367752 
34.35515515761181 582.9648374878528 513.5541041154147 332.65246283737275 180.31163823987862 
489.5816258293419 383.35310807439265 88.70756156320854 277.9160749896363 220.45665630731304 
357.1487243253474 125.3834651877691 197.48132844054987 400.8324673287321 111.44608384010948 
428.9976902067334 412.94412809412927 381.67221508990735 30.231911218448708 321.62739970067355 
50.92263864165004 203.9607919524076 51.07184333725681 582.899549083385 546.9395603108153 
150.44491021551914 613.2952372735296 272.8918512396109 436.1545179967018 249.6558978277105 
310.61107825678175 295.98835788604856 555.9494538682229 447.058910111257 600.4988420405136 
95.53329529215122 87.71084766487536 508.1724336825948 472.7179448001053 419.1270987161085 
615.1524123197785 68.50171958733358 129.2796304764091 44.40818981520458 126.52208465342447 
595.1299368958767 478.2250314904268 305.1644100934973 438.0370615921599 374.8107418931074 
393.5531231082416 207.61779322681713 65.89057201571454 193.40616586679863 443.64224926706265 
476.72637028096017 524.1742285651139 321.5133780474069 340.50916812931706 222.34687394735602 
176.05962716355023 171.124177530074 312.2492102390296 65.10200451964596 315.5829447042306 
138.1610076599613 551.0012963817484 511.79603879883484 307.3763859420622 495.73308296118756 
238.7816449507198 120.22252064637271 161.69011828448325 152.95662325617005 203.5298935688295 
543.2078456652685 272.04844270028684 44.18265541553786 207.71134406960667 491.7343312070967 
192.8840674295136 463.4763550336759 21.819113701336672 406.9867138251014 284.4941120138541 
409.1916164578347 385.11996871280564 181.16574136717944 602.6616680975019 553.4845597153102 
105.98752930740648 616.9125201970024 560.2865847510327 201.60972088115895 104.16660871308324 
265.1875306062183 38.369353942084814 355.842799833841 147.3125228763413 431.44796643564274 
373.6917236722769 548.8735375976705 584.1489860063031 89.96714656549435 200.53783840822013 
61.51256592702781 526.588441888082 396.13973922919996 473.7996907882525 489.55602931897846 
283.15855795016444 236.6166764509279 150.8105724740408 174.65162094357805 396.0785487207876 
407.1133252177898 159.2502857769395 564.009846089553 584.3292657643781 557.7346988095519 
428.46594250904934 313.80427531404104 245.06059109293545 195.66168169849936 111.55199993015653 
501.1044265504963 515.6800487916837 185.0416535812875 475.5332842445729 59.185266351209805 
248.96627467188824 133.92759771413535 486.994897388218 301.05675941217515 603.5511737535414 
408.10919087190274 470.50255639428735 346.0574878491908 102.11440986116271 261.67982152160744 
567.1572208447116 214.3559615979081 559.6341867755191 524.1831184675433 70.62782144630572 
304.2033776561613 34.037772999533345 234.1829052661156 268.0056725475623 516.7815970627864 
101.5957876957129 159.10015819720846 362.82446657160585 43.49012862370403 309.4038205527726 
491.16086073845673 207.5895449399726 180.5157407579749 207.2952824393804 559.2984530286438 
323.160169119146 85.52862905540434 111.52903725095543 146.8545323381353 32.32857130113196 
141.34876538875258 302.59586826964056 354.92179360521163 84.93960222731859 141.42615500645002 
309.48712827770345 301.17268277192915 101.8945187384414 61.97891802151823 82.76972062180303 
494.0176759824485 515.3829297255763 535.6327563197068 208.81090798987128 471.9369211280138 
232.68646541672163 291.4056463066249 267.49672505913395 47.82894469514989 600.8979785675194 
575.8815107418549 585.7879432822041 448.22025427857426 599.8999989528695 320.4166162025154 
189.45701081225093 587.1794011345933 140.946263139032 169.22241813181913 105.35000971149533 
64.7795432428523 298.1899738777454 33.168577663351485 316.5172277876183 229.95298831559032 
250.50263345369925 184.1500733422941 422.5561592145686 197.58159181937853 460.9271276786297 
454.8618681837627 407.51060727827837 459.66678896183447 171.10881992675695 58.825158007497706 
467.66971681481647 480.42295242400854 238.0484526042401 95.50877324778594 201.61069461810902 
215.13779667640512 290.520566273536 155.38957689356778 614.8288621004729 42.64367712152857 
332.5012293549896 389.79555145701545 541.2989281231943 351.2434199642962 270.948676867832 
160.3753952737942 234.31108604726316 367.93458022704147 595.2809148834684 133.03826291876268 
428.9258631546312 170.77568781452823 385.89367010616286 431.2075460362481 328.39128625696753 
374.2384282195285 379.0627367836514 213.23232489830318 516.8662514091463 127.38930436334209 
365.5742836470754 588.80027523137 150.79374648105858 214.74477533564166 150.42699873918048 
339.19581708695387 131.2677921532391 199.64335147279562 250.9496750633066 456.2472679449871 
109.73772773816242 299.9786102466151 460.6781819673414 64.80656777841764 129.39366715956004 
236.13679568695835 556.33537602133 43.605655662437044 454.57689007241356 40.98271100028421 
375.25782924768816 209.33290919468715 490.5588369937839 171.73775039187004 240.61305810281405 
78.7736503139413 246.03249577887138 213.59376634273983 461.7510729545173 173.85831206788004 
140.66002265605425 414.9064797682199 587.0339359244084 384.4620329889942 510.0202108117145 
243.81229471205702 436.48705296235187 453.79962678675696 510.29954692058504 306.11213112570005 
291.61604448431933 601.2592782726986 475.0708575327353 314.2661955012092 169.73289808900327 
447.51918591777724 526.5028342077452 347.3432179707756 60.13514486651566 556.7905243104201 
393.3447656426133 191.76816057793295 149.48170470000395 261.0306205791975 138.02967180663597 
102.71190298170316 213.70946840893802 580.9702321385681 445.2399671641255 475.96681642144205 
503.83399838434826 208.7983772571673 74.27927268129781 470.1519691320891 602.978241221182 
267.3486996843935 227.59405219301465 569.0915655835521 81.97316596951279 110.63107364462242 
537.789010220444 424.2105817809993 130.8737878859798 180.55212198076447 325.4798239973109 
266.7912034701377 93.73453154032639 484.6685012779939 330.3270171557004 529.9338014964856 
383.9875853833943 209.81663121971215 267.59477581685087 470.0663238539662 607.7681256355216 
536.4625476629858 312.5783938384945 327.8457805573029 472.5299409022941 268.6159366651367 
365.2441524345302 318.2954371229886 408.2954113725205 444.15163108771736 97.42528068545131 
90.02180853570788 178.88348576409066 40.382765590348086 534.9179317954166 43.354796793735915 
510.45948917318094 439.7290459842375 276.8206383301022 47.25505049914423 314.7503558186341 
470.32404712591403 604.4614003382941 244.83209075201665 234.26927629917066 586.4051160203965 
282.2557310105592 387.31703594534497 586.8931968930665 103.32987031025354 602.839657315763 
286.33375135175305 537.1373080394491 352.06286434943195 578.8214517739539 524.3119208225934 
71.46983883144142 367.9761403470533 133.49566812328908 312.88613024111766 505.0113438341393 
78.80766146315187 492.86335091684055 339.12445557991646 596.961821409391 306.6210180061265 
131.30221979471725 589.4303546316869 502.09973810165604 448.610515372585 373.230390013308 
90.9617710059203 135.69654413607475 251.5951198159725 103.10758643927502 260.4109320658362 
279.19045506968166 245.04514269690011 586.1174796453253 499.9888432754687 503.9632679311777 
347.4854388149003 151.87491803110802 30.458117093424256 140.56398241984934 511.11875360536806 
43.501787424279 301.0577767850028 270.72287479963927 219.51305291594372 284.41535702169665 
66.16408903159437 69.4999157583654 403.19661766759054 565.1727045449925 568.5307751364016 
174.91121116053046 88.00453594894769 302.7150213559532 618.952766464111 112.37722732361627 
41.020415082346645 574.3556809785985 512.1968852059991 351.3364573945641 28.957147375748463 
578.8555901414462 269.043468586602 521.3684737406163 453.8202436449522 26.9297549606812 
44.28252770980659 465.16997375739146 80.6977783267057 413.5287378399114 490.508266935514 
155.72754496129411 322.52043791532634 74.23879018573146 417.55570250622753 55.031065223172874 
296.6356316068448 278.1442962816438 37.42309455600759 41.67129860743733 618.0391782350218 
159.4965145852312 234.52401615776458 584.6654819741383 444.10864908265467 440.5321310917268 
451.11268860471347 390.854869609928 35.68174207172568 47.785383041108936 327.72644681509655 
503.2175705995203 249.3237266826753 474.2378174647147 188.48910263679628 377.44082054715363 
125.62758991620615 489.6489555805288 411.11878830899917 414.0962682288386 488.3906052531681 
551.4120392918495 471.48419537902754 373.7619225762228 619.5111829136976 418.2783051420759 
402.5529299123004 52.43482784082694 424.4495937310587 619.2937518739446 357.57565342437914 
344.57778600405504 253.0965277593713 580.2919944674554 117.34986001316281 571.1442881590474 
290.8929860533566 160.28705904610558 531.4069457091427 99.92516615475891 385.04550697242405 
100.10983222507907 32.966407110736995 435.56069260454086 120.68024779896965 35.63189859160208 
517.5008923778396 506.562092054793 311.7799006714666 77.92049330215846 424.75574048492837 
226.6859902502875 21.746950211175992 112.66844206757558 414.0670492015997 558.0056882958094 
178.43725631340547 121.24268587056979 372.82161712923204 453.02287358733474 398.5074828931883 
175.69522245362904 247.90286731687115 203.16376607109973 385.92039628944605 110.0802273247096 
539.9663436541973 471.00313736019484 619.4514512994966 220.42105667852272 250.3885075850591 
233.56019679669075 194.04074666249753 295.6708547477532 420.7326185644118 614.0099563325152 
30.83386184100219 432.0107049104477 554.5755107387653 129.15392973628826 20.755411050060275 
32.82872967318238 561.5389196328761 29.993818232470296 416.4590990742892 546.7242889626197 
613.3691400303491 162.7519352620183 537.4979673008517 245.88069525610973 451.9088163523822 
127.68226834006518 603.5585921570242 97.15040275896634 438.8045170822142 263.0157027120495 
60.60302719830635 328.19632608753574 186.79396159473507 131.38335395764415 314.7622018619197 
441.0330534407091 362.4165107056859 136.06163706192237 138.82453683921028 575.311721477706 
199.99082953304043 44.382853700221304 366.16349355215254 473.6922855923415 216.7033295146473 
345.65512642181716 436.94788474269126 251.64699303473742 568.6512132381079 520.9352513724989 
111.47861448629008 124.0386361085014 37.683903270553024 451.9984099998647 615.495643345983 
590.8176030007045 188.8864864193147 546.8484141994385 232.29896767770376 534.1812364174546 
188.5490395477754 509.11214371348643 506.52718975612026 429.539343238815 322.46556225470556 
428.662122931879 374.43770466021095 22.629718523380497 604.4062350198773 220.81074838538314 
85.53197776979958 375.127138155956 214.60670577252182 191.42022583943853 330.36986281636086 
531.0899382785068 58.118342532488626 255.27152711312743 139.41660868290188 206.58756874259817 
82.86296285569586 285.03663563776524 267.76632161194823 254.85326107523656 547.2359553819856 
618.1974221722569 330.58565171584405 609.3051311411045 377.10147856056153 99.25505759143292 
304.1214659780484 356.7798435820568 302.02350432962635 584.5737556696923 357.1162095844114 
543.3223146790612 610.5764231178337 587.202453262826 327.4746775399767 264.8754421366534 
314.57908970288327 489.018413035329 309.02618004224024 145.2133429054382 462.0957893664091 
497.5362086145772 363.2254435868021 453.46212777584054 89.04820504616576 274.7260549674367 
520.6363966792309 463.55171621038005 449.2818872764052 315.1851629277503 587.0423564726622 
407.9426352110564 312.93105280759215 501.0058795045932 619.0263762846439 327.97146215130874 
72.92555791317486 410.68429737009126 83.86573075863214 473.1585826778876 149.48363534609447 
109.41325161888543 468.5839007626441 251.82222312544366 332.4342186010099 298.10321285445076 
53.00414654918284 85.3423078497649 251.21267937338413 248.47505280888186 311.6483129008864 
468.41798916375757 112.37356494294453 501.5683211914555 359.32451222152775 487.66258356638576 
394.4642463092835 57.00874622202881 405.2476109287649 600.879641249259 540.1031040402463 
130.37885235444105 530.5360980530436 229.3639675077013 435.1061045463442 306.03524224308774 
453.92923904730867 65.5712381043738 214.50538927149117 62.71653033515 100.56815182645592 
548.5000227419326 85.30382339061791 199.28546173060343 338.6846231045608 109.1300151549905 
205.80902368644905 37.94909193378127 399.04137804473896 538.2601185749724 211.39072725937862 
232.30070866011 41.967536353056126 579.090207429875 526.5053739002503 157.52741155492856 
286.8331064121403 396.8902185028717 552.8314016817593 610.1267404153668 268.80611200511623 
128.10055781465755 373.3591420093295 494.4765762262299 537.7362345179522 461.20717694013985 
162.2791579040038 323.60162960494085 464.00866798885176 151.73557771561713 40.51254071928976 
311.48054874151285 366.21189554919556 523.7069336441621 266.72712976390346 184.2373145861199 
525.4632768496442 159.90060930709484 603.6833175538479 187.56061115341413 201.23593596883697 
333.2664136107565 249.75313247452198 517.695013039747 513.5310673860656 481.8305954852204 
475.4564985047569 153.34765567069834 206.23904669734466 379.43919949609653 254.85829672825187 
415.8542348454196 456.5333071940647 604.6825888203916 531.6699450000226 134.94804132833082 
245.14071320047412 260.3448826876821 509.8994468287654 47.47568482969809 552.332145420016 
45.72204868233694 108.89346938055705 606.4034321727001 394.4769442501471 334.15232101212627 
72.61521838051098 327.4578095181636 266.0052705324879 258.10288630462753 373.0019782718468 
150.74418333820103 501.62167654041224 354.1564052187542 97.24592894680046 244.68718011630563 
223.61414783660115 70.24119967410911 358.84211187918146 429.6365745285169 289.10191327301595 
187.44883938837714 522.247188265442 548.4825284349544 602.0661004815346 558.7828547074465 
380.9928217709295 261.6237880845896 305.00676211547255 517.1824479992727 79.09733295853674 
293.63268162942023 515.0701579652515 455.16471154910505 515.6195518737347 108.96064505032209 
419.4900193741139 228.42939857067603 522.1984398672816 344.0280336541218 495.18652461495446 
385.7696971564442 453.4222774894906 473.04199641800153 367.36668930242473 377.6330761332318 
379.87129799138603 334.8860049378863 571.9700122600901 45.67557665042848 423.6772726939882 
498.42504224469246 236.80310326853817 45.65373022580888 126.44401269767401 193.5700208933465 
246.20697665202422 605.9974547243936 489.3725211806209 85.44521654138298 604.1008757103531 
574.4079167704235 475.4343181937936 519.0024697063131 60.24623595766008 54.82407416609312 
313.4370521810913 411.4259463889214 214.57464770444207 487.1015873037721 93.82578155131603 
319.6711968406367 264.4235466439077 371.7478623191942 296.06392877187085 160.48211987785285 
509.52339016098404 592.0570624938379 237.43760770558146 210.22989835677487 479.57997202912935 
435.9887031324805 183.1269466809407 361.91726734250574 499.2957539126914 370.1336530131085 
407.38832706423756 566.6921939969964 55.673915513796 168.11140350432282 245.69116429421962 
137.21454082594528 282.4488632007046 345.7420574085074 327.6531019739183 340.21949179593037 
26.486939189760154 605.3370997915792 530.6171610436666 455.6214962461436 311.00108452890794 
541.452532497688 143.71488897352538 429.5025503391448 360.42330971361594 210.44815297773755 
282.25900182531603 598.3284413349029 301.77844455123727 116.19676923646976 342.30933613470773 
511.7368325470711 607.4033295586759 314.28702870897155 235.25601920595614 231.2407650919298 
493.85479086929377 287.0636126382108 492.26334843431175 432.1916018104419 41.850404471731565 
191.8487464557099 278.41831060043495 186.34483301166134 152.08575385479412 34.68837987596046 
106.42747762099681 452.3727649475897 601.7718247828581 71.96723307584733 589.7059370085526 
451.66772077409587 216.73643350093337 492.23607608073 124.70207846148638 56.779457513260084 
323.93332762348444 380.59530808834745 542.3019887144271 469.8307014630069 199.20279789161683 
317.97828878881324 518.1571464298358 418.2543848699826 375.1274355823855 517.6784660601256 
481.77928101987004 245.19644607840644 423.82693186935927 351.4638102119875 314.24595753912337 
21.927914551651575 179.53550474436676 467.6224248137748 74.3608901181472 159.60998651708962 
315.8059079140851 453.28307226721535 343.1124343196411 547.7559333303632 142.18352234477945 
143.3543634602106 126.27436370523297 396.7334454916077 235.1945072205963 228.42630942922685 
604.9922871174189 511.6513929905841 268.4916674509097 363.9780335405204 374.19978067214527 
274.97447527314307 557.0016702753021 333.2354270542422 358.7078278950678 365.2097280949369 
379.91765702198404 366.0224169415842 146.81139612780765 189.0085259576891 97.38064563977225 
465.949669052148 31.256693463408496 154.0278909317444 425.6937655890824 548.2843910313493 
397.4132427913528 459.89475997125504 185.91292187773155 340.8450714960845 448.49411604566336 
234.6171690472226 590.6576481950605 550.2648869236975 207.66833559634608 393.7858050390732 
283.98595603654303 345.9675099444624 286.90912115382747 549.9098881803349 299.17690847995425 
164.19900131878558 62.42166279121311 249.23118021591966 449.26458692446755 384.45971151432474 
446.4943532638753 563.3596206206955 615.1673985008186 380.67973558342857 195.61694118412865 
413.0745693211358 146.25620917962573 199.48185172644168 44.709721514783254 151.63535049470926 
138.20529051913948 67.87554535580934 307.307122121322 484.94474061267243 302.96970366031 
282.7259909319959 531.5397804947503 555.9093143479971 295.73287158198286 584.3416067971982 
351.75862584705715 370.3402781030475 513.6681643897853 66.5241670365754 225.64482376287313 
291.7385751386405 531.3581368928077 25.42484866451476 296.64935341911973 82.30806640268767 
87.71530135617012 299.5503814499365 571.6058018649867 117.54038775576961 489.2480612725323 
203.2627278519901 353.3604180652818 351.7154709761256 244.51563092610917 306.1162055702878 
418.26287261868924 561.6612353640917 494.6156783509602 260.37577075367153 178.36167197666694 
146.11633451045878 554.5484136391004 29.06018214668034 218.14787424019525 108.03973774003488 
30.300882551944788 616.8538491543311 345.69091677930624 397.2106955187536 126.4953080900391 
556.2310081084598 248.01034133340747 340.4632036117422 509.445011986822 151.13617723773174 
390.52693626468493 436.8982247080471 240.46189736217147 430.5643960437671 350.43745266151285 
345.4179834651065 44.25912731949214 114.38516829305298 323.85620385778293 41.92548192995842 
327.29276167502707 43.75379761137182 296.56764695055085 473.5335647013198 310.8860894211629 
78.4538873689196 518.2334481068931 187.12683725171723 193.98049510833428 613.5147251352837 
469.89796483948226 159.62041361628377 610.3563955816192 617.4473457441953 264.63580350396626 
407.25923049119496 395.16834900718567 444.4429530140902 171.18518403198388 301.30155973153325 
425.63767145900545 422.87756121961917 100.41091767439761 267.43061275374714 450.74668535273514 
172.46644248282627 444.4407074168342 296.2379180063259 574.7780467558904 152.4123171750577 
408.31859919385647 442.1221817295746 609.5431730432026 492.8909226721518 324.0191728644506 
237.94745174890778 260.1432045152367 112.21769638829697 186.66639495246727 102.80432581498583 
259.1066689706561 472.03938277469337 602.8008159920181 170.21792141710065 513.7471442694148 
472.89434044154126 490.5387796716076 514.1463530534818 481.58500294064254 342.4851579238155 
421.46760824894994 300.11355458433655 538.6768155044514 119.0075196522375 244.12019450178698 
138.81997360422494 255.69629539575192 81.8788814760733 178.8731479709394 69.5753196764067 
446.6103576889599 432.2108749474267 324.11178718010984 150.89648656406098 404.79423262621 
75.36907570957823 263.5062284066798 585.6150851108715 491.4292195590025 507.9639523810272 
614.2418760990655 257.8377560797112 591.0269641913717 561.6166536295283 106.0482838829292 
509.1034179699711 98.92391178972491 305.843525823703 530.8702321639594 131.08094545769782 
455.589779014309 162.40297872338166 253.02445035736733 102.15117866922976 592.5936568043156 
33.44854242242541 319.68608456167055 145.21696009816975 405.07160932332414 395.8318179418006 
561.548459406313 534.0848803293163 515.5395646813776 263.8990082244644 423.4998638517818 
525.7626752485512 543.8950986898352 273.1249867396899 215.16127176998728 546.0157636773258 
48.451849250771374 86.9284071641065 421.128633206248 405.5269172845748 452.8506230829418 
479.0117532325551 460.76344598497445 374.0026545327124 423.6904987622979 193.57006021380116 
237.3754626074609 89.57015828556298 113.72398330872346 35.71198805713472 166.64124657422775 
30.808527881946084 435.4599330986715 394.43711624569903 324.10230344022233 228.75798201848824 
480.01780012671054 150.5130733473532 101.5865320277569 46.250899241303394 546.0772586124803 
271.5963668285606 512.3968149828102 601.9083347418549 393.7666790987512 546.940575295941 
35.110391281556886 166.1458600235068 488.33435751559267 264.03572849784325 235.83285222449368 
606.5324311893021 348.4462301068949 579.5225953651045 358.75047058025183 509.84596701458685 
263.95371794369896 486.72555790185663 424.8246552426332 558.1695258392998 197.9756688490417 
32.14798343052739 128.4721471856436 86.37177585459307 38.13791081866793 583.2736523024885 
172.07493236434374 498.31536618665496 111.81429982569738 500.0181848709383 228.1633845282785 
169.1372643913151 430.2130040813652 312.1740650706061 469.11655548077675 410.94440401175075 
276.15168859285535 455.1929942944933 554.2233269165591 229.26884639367188 500.36554325601844 
566.6495975953318 313.9480686796946 347.62576017716975 241.19159927692758 495.72981804097077 
521.2447187400207 527.518266197414 332.473424681558 328.08810618799293 489.76292525971985 
161.23291165926327 614.5296660592849 478.41695060914157 188.79000064527622 264.76917311746274 
113.03039765938364 53.07253010343085 314.7725112407889 348.247239395465 200.62484780424012 
235.10040456343498 509.26118550264187 591.1374337414125 206.1644145646222 394.00464514901637 
263.1228883155819 99.65518213749314 286.36460771594454 572.6046023739366 596.8634828710057 
173.6652759815158 124.74969928077806 153.32260993659776 556.9052607122811 60.4391974761178 
172.723849316636 56.246773727525294 117.66268537198289 422.60910842295505 297.6125026653348 
371.3122645442463 229.26026878666593 497.66250768575026 452.5175953351942 476.9451074839819 
500.7362588588304 276.3210820236277 332.8307104491992 447.5121234732699 558.5759439406589 
577.1475722743269 534.2474318577447 301.9206538067204 470.41825707952574 44.724488042760704 
77.12715604849095 395.7121567778106 573.7794992109059 248.74827382744155 312.0416953885698 
408.9929719977943 599.6379043718174 211.38281785476764 171.3566695811165 532.5463817187687 
530.7227901245029 240.21590208334672 281.68937152888765 204.46953744822224 384.3520207338336 
294.1625695849675 602.086840736386 99.67904589498183 459.66159334336487 459.65886918359627 
402.76786173569235 24.62891217398196 139.0710612824829 464.4899490886614 549.2726966633477 
519.5847371277889 83.82854663504324 106.59618739176939 406.8643365287087 520.7976565859303 
213.47908749437855 225.20107635325877 430.0248880761426 384.9221027042422 409.100013920547 
391.6046511657471 51.89095677740732 528.0209064977274 230.14731707176938 446.98617565072965 
438.471808259469 481.50145067021964 84.75643283467734 564.5598621643401 222.49383342797898 
317.3268880630156 443.34152512472366 63.42736946076977 81.71540804569753 544.8459336600965 
35.336694651727285 151.47087814119794 376.55563179295143 331.5850085436339 118.92318491085967 
324.6303041524469 211.88074699676997 50.34665947980086 463.58606036787484 499.90872265446404 
437.79211097609266 504.957759837334 435.3442900180926 109.44944202143891 54.2592942019279 
337.0114378706078 124.49793033500589 533.0286170113754 234.4422363343837 465.9464034725567 
205.7360412746817 596.3072029671445 331.5460189244056 564.8073288565633 570.4493646279537 
212.18588527397736 384.0521555497035 324.03031637086485 321.0911614581134 392.6067814660829 
184.17014145698556 405.59686303543566 67.4303049713223 608.1457334916263 124.35284608524765 
539.900252186888 414.5400568498912 22.738759540987456 186.71976323348576 167.6681439195641 
282.36658316251396 280.8866841132152 190.2315815481753 579.2851024833822 46.72066917403924 
474.6814039668829 360.46013032701865 453.85860433884375 241.536657876431 267.99780415991665 
236.7971141404736 250.37267183146602 512.2421117966346 305.1948131170372 81.94572256000251 
453.27250184246003 60.08213796638138 581.6696422218276 108.53858660908347 424.8240510936353 
367.24204101253764 603.6086944017178 187.72603858582102 566.5922559173893 342.61201626526497 
514.2790218000102 454.5782496912094 442.3817095889624 578.037766889667 114.2040449910023 
375.14517976014486 64.9834079765927 554.9006451794802 52.56740042128619 590.0178732961042 
299.0714804840654 390.8711439039564 617.1884094862123 599.2351299839021 282.59347680815597 
266.6795121900791 300.41319238678767 503.3789542413412 118.99817565929551 422.74718325046314 
68.26500511261611 165.70285221730362 442.6444278534265 565.5227571466415 210.19764835256512 
110.1366087848641 209.73499545303065 73.36641812306726 196.79556691190152 220.01110778760773 
217.11898430191502 541.8263553579485 122.76462701837865 252.34733323709855 201.3066841102431 
358.1510443145035 62.55696210825322 332.5529403760953 320.04063248146554 544.8811765858239 
415.97404881829914 344.3703599618742 568.7664443463877 462.36480484428716 471.09145294862753 
279.92007055341554 234.34743330240312 510.0397187764737 361.84909866834613 164.68288145740786 
238.36655291208103 316.32656050000475 347.65088070847486 122.2649102906584 572.3595101155564 
256.97657464384463 492.3172180042962 93.78900393654841 177.32280679867273 491.7177027541635 
369.73446240887284 76.75640755252718 169.8403873277413 259.04272498232456 373.54479223234745 
98.22238123245187 67.17269726670006 318.9832972978892 358.22038352935414 487.12955556972173 
213.6519517869398 183.7135022465873 488.86563641065106 160.6426944325753 360.72722676060323 
525.8268821955505 327.09113754259454 389.3287590155116 103.00326492493886 304.1303719200799 
130.30320316578965 56.02583866019102 422.6166503416505 496.79920229225763 91.75263462270595 
373.2448738022165 344.29313178011597 81.73638415065552 598.6865620180322 573.947812533072 
253.42985106642834 53.98046413183622 135.94703035329968 440.5459875528197 179.54627043817678 
220.00545211554586 212.36010988223245 486.9624578208456 97.44746106960687 58.756536068371595 
437.25931466845753 358.60202568433266 448.44347081115365 89.26537217905224 24.48701721471727 
365.07284813533755 33.96880434690186 334.6887940579834 551.2176654969577 410.5030445221123 
583.9453001901761 422.614518787732 148.94649474278538 336.296518878888 452.23257630161396 
611.4777517116293 53.987544758013534 441.17127850035604 241.50961932256774 182.93236162457453 
194.8246974925322 493.32438198844466 109.93117511812795 590.0204254351053 243.6594964753912 
499.5669727412129 461.90291348361706 500.98376478903316 509.4994941027689 46.273383589963515 
475.31890400944036 28.56148383007673 200.1308124127943 376.98790713519594 467.6052910215264 
384.6169026000219 330.31889131866086 321.53301632182536 452.9138610544326 349.9380606567314 
103.58081936135629 141.4627862664808 592.8092611342488 99.05505577243159 344.8733058900665 
506.70538681392776 392.79361944290275 269.91845934582307 111.53996242282653 168.23818672905466 
247.0122864078633 518.2821136235791 359.8614737682029 241.63929876833424 83.48458636964666 
146.63444954676496 494.5527066401916 366.3594686354157 212.20303412056714 547.5217778392404 
178.55019776631457 355.5577928479352 28.44518809908401 351.1074641658093 330.43405581005646 
101.34526239751625 573.6414201896007 116.8106332021589 386.82778616284884 250.2796842852723 
306.14278732311345 558.8683884402772 457.1199522273373 313.95584817468233 584.2323787058791 
45.66483047316963 347.8513387093322 29.534709291218867 313.72427469766944 262.67124950287456 
184.1113561965917 335.0551731786544 162.4934151708594 278.8406004720111 305.28761629239204 
