117.79303815825214 157.26641044824123 257.91889017696053 400.1926243233585 139.34149545630953 
55.655511526006165 395.0547395111859 381.4506131031128 321.6175739209704 366.69743054593243 
423.6113644711303 389.1300668445084 281.5153273686129 274.6710094262561 160.61798335142086 
323.63438670446646 357.1955623918864 79.33089012029097 247.4268023759362 466.8971280363303 
364.37676916201247 422.8481222824022 78.8706596204639 269.1523690673811 101.19166854867716 
359.55474333479555 52.275567850667215 440.42308986988104 275.4376338821634 223.57048727994788 
372.65603182643116 364.30561086837264 153.04899422527362 374.3895942016347 275.4213378612668 
476.6284400118334 351.6193470945311 25.506059338604217 152.92100783751937 376.5633953141894 
327.8021743455647 486.1552973991446 196.15744782799553 62.76728856185231 232.41759486422959 
271.2503188567248 287.9940096017874 312.1322492333304 432.0936632623696 159.59074034695152 
509.18646163729716 343.72285149499817 121.27014880261183 405.4225284656398 243.56613634901146 
35.47801528465604 73.39303611303443 433.4267134065605 493.70279112922486 86.25613119431863 
205.12777504835665 472.21522133311305 143.37531207551996 140.80107096476752 252.41951008262103 
206.41187193268183 28.17845074210428 20.207715842531883 482.2282830624042 152.39674592727835 
300.59362965355604 325.4646832382846 488.7675253872029 87.79192801103513 200.85198829262663 
306.6526864969309 248.07371051145137 489.766952922732 469.9178133340697 15.376480164569875 
229.7355387141724 62.24183718934289 265.9204466050503 383.0085983198961 489.6106032618132 
57.06602797407184 70.36277356590875 492.32300599328715 292.3577944262695 219.2512297959639 
195.43453852873577 435.0967036030791 437.6134314618435 311.3363995763668 128.7583621648264 
273.2575273668568 88.6393901790075 296.96285960345676 76.89692731059438 246.156196793131 
27.271190141689207 388.73782259539564 193.94913784250127 491.5407814307141 383.99435755472336 
290.4642896292033 106.56358624542017 172.81163425587658 16.976994340572475 88.81556668713863 
471.6973618876966 30.135004852787407 338.88687319725256 374.53256547863975 428.4483232857804 
497.9934430972583 15.320940707792488 298.22172823297376 430.28905636149517 156.75101650948736 
83.67565632658146 390.8321705290312 69.03045198501422 410.81163452504825 166.28600088415882 
103.88964716412652 126.84324774119037 410.94842461872366 76.66145950122171 149.56596865585362 
217.6655081905005 363.38250195920205 242.64706214785446 345.6615218076297 504.32422837476986 
493.1889843969813 495.3376191006918 295.5793840962362 102.69917267467864 54.60862054052822 
397.57314140176186 358.36902431340854 409.25707043927997 405.84305781168206 410.84385551791337 
488.9175986573331 213.284291670403 290.91180903625724 324.4326272159292 153.3671811581015 
80.14617261094419 96.14920895644363 495.6231181705532 149.83593390769104 116.90100648650203 
473.9193186381213 74.80173991498283 289.52129148290913 356.5969847333567 351.12696112627015 
14.281531210668321 18.263407175740312 122.58002573115495 465.1031033666222 284.67607187474505 
183.646954045986 359.14081735149364 194.44257030634998 347.6515628672309 277.7192937173454 
39.829006615473105 77.37225031258498 58.88524900624902 110.40331827337573 389.76280689205817 
35.228042317171074 300.05822098115044 493.682922295125 283.2620863154794 443.6184765837384 
263.71075440534656 141.63934706694147 303.1330104131263 318.85324087905076 439.7884125685309 
116.41649927857333 72.93250751313113 12.214800989742693 477.7068284862294 275.1932813590972 
98.54055169199881 429.6510679696282 222.7634711374563 298.24118105711113 480.3684088969022 
419.46735693804965 350.72450147822013 503.14518347976065 482.5310309928039 95.59580960657776 
149.4147064719805 275.2661302704561 70.31168748966715 489.02023105659794 121.13881416518673 
69.52265246778387 152.24691911708132 44.93465823141373 204.76218922486981 63.57082035192129 
388.1600333867245 108.21358458837298 41.27908158125864 167.4596181946057 49.471162980052654 
164.77225150690327 331.69658032929283 219.8403760430978 43.112081024606276 231.3947260069955 
461.06231514684464 325.8082776300599 335.37387977800125 411.60839516615175 187.46413561461728 
416.45408771565997 137.01563600247886 260.1824440524324 319.82979951966104 235.20418442621028 
335.96218817553296 223.8289587374892 433.3548222963797 81.02704362094042 288.9191301930383 
50.68439629586518 296.38670867677195 263.5843837857947 208.23317278742937 186.14979885883554 
307.5935138128151 350.4048688914032 505.32605554845037 297.6676612671334 367.2449810197684 
411.15879750624345 77.02994097689884 196.01384056670685 231.43439339310632 89.11161972278884 
146.152685800429 45.68234611133464 23.06917410631464 454.8346170554026 392.6008576519033 
381.9413575380538 198.45842107103218 222.25073960467478 236.3887992071012 77.13844721496737 
393.32554115193085 32.093842514705145 258.8618276743996 23.83326874570917 197.0739572762719 
132.85926013867447 373.4615774353021 427.3356769542629 29.134221268592768 414.3240530714639 
482.3618158723006 225.22759681376564 416.22047222284976 373.71496704750376 480.3026321495261 
276.4465583142214 94.32448756079525 219.60213711409696 91.95136251028762 87.50913650165714 
484.27541187523553 443.59684802458986 154.11811832934106 468.4525228827407 214.69322816772268 
314.9312762282179 79.15432146218131 136.0720911730756 491.1642316679723 377.99854302744944 
360.86204234868393 407.03327671544764 235.46646281114036 157.93100055436597 109.24268324913005 
248.435941745333 43.67342289018682 404.2950168069654 225.4126344318778 78.4091099709787 
136.96399543184612 327.9803713867327 453.0145313723906 334.3144549869121 103.96683348349744 
411.3622636827549 167.45184136572428 451.136496768705 358.4672736951961 496.81428728759107 
389.2751207648292 17.63773803094803 361.3049517024818 483.65020475211327 133.0480027976069 
502.8567356744533 280.29022812299826 88.57294724504382 328.0210597346918 70.52745458864034 
386.9674618368005 249.70869930143678 171.94161053676697 123.9977239464799 114.05342240260829 
379.30440009357244 404.3276885339018 349.2252140384656 322.3788000487842 295.16664434309166 
110.53419928752605 148.4288618164072 451.16111626716827 285.92021372500085 292.93947201165867 
481.973973203709 350.43690776686947 390.16425540998796 70.58032783626149 261.06909798099343 
219.48163955304773 94.60433487038893 493.56364104662885 58.85271531392477 200.04511185436917 
281.2384205744388 83.58278852787642 32.448075326543915 298.2308129388774 378.6749643642122 
336.86684061385733 73.56407459948954 433.84707567422123 297.66120592240173 50.89081778905612 
330.22044021589574 41.058426542046156 355.8997049358581 461.17498937736724 367.1752753229888 
269.1649439842971 22.23148640606947 299.50150513869556 357.6331924033996 457.33801106594956 
435.26365742818274 509.8762502256096 323.81201644369577 182.14052892636627 276.5197058001009 
483.56432245440317 68.94628791944356 301.65956249657347 203.19078954338414 299.52705587040856 
68.30564091655977 45.07974199968478 170.56573223387988 81.5887474180481 211.8062378794886 
321.52548484402377 99.21836477464562 208.66136459804557 415.79328787719174 47.00002242475647 
467.0298577285747 239.3550519208664 246.57291555916316 413.24964289558284 31.12451720522479 
37.30295618267836 323.2713071096171 147.3809518870727 509.7969603654508 208.52813994412745 
392.59948605374 436.059551057326 179.5089162956351 87.18091324841531 93.10166385060508 
313.118022133218 467.0337061508561 130.9746398063265 51.46538029089869 434.4016200532008 
241.82657753827374 212.64818004662737 78.4715611732834 288.67946973766425 138.698958215943 
418.7830086330347 357.16251828774017 18.449658921955425 365.87482270478597 92.30327687959333 
140.80617936719878 149.46626372193117 78.50726296596588 479.98678688514633 103.23453950818455 
152.81635291514348 22.733356158554145 471.31512174170433 109.1344913366315 388.37522739966056 
280.34550631141263 39.9909992202348 296.8692303105563 103.46794453891366 69.15740135295522 
124.45097035409974 491.4082396988395 285.5652534694117 179.14260959580818 308.7016756099831 
89.94407025426192 292.84207676139096 249.42405025229135 289.80755282382864 187.77402715345946 
311.42669058627393 216.19244030883604 243.35850388956197 337.0248637379463 313.16867545106936 
386.6317250925534 323.2452094871532 455.7985685518375 312.75380082945856 218.92982210077676 
157.07058021134088 30.31753520022461 347.994001431377 13.452659349760745 323.5252531797009 
377.6469891822912 232.12041100044988 345.1596403729739 423.05530583170747 361.5730394542153 
251.90784607438064 192.3386996643922 478.1504126471438 79.21430710704357 110.45859011365104 
341.7390918731019 24.580389252801197 160.9453834305847 38.473799653115364 275.18000776410287 
379.9084278769217 451.21007347379674 122.8405505199126 367.7130894711053 200.6090095985155 
462.80279285671554 26.36270048595634 352.4170982436933 64.11874147165352 122.19601061446316 
397.4636422777808 131.90272153297255 437.1480853454154 448.4919977949665 393.68916429019623 
141.60580614568724 16.582327042430947 433.576934778406 367.8384221460162 94.9469111786657 
54.29964468327785 16.055610962992674 390.5512570747623 65.43556059583909 402.2346434461228 
166.5446766528376 408.1799201319614 485.797145039045 139.01533848345093 226.90271432012358 
459.77332274794423 269.20064039331453 264.5017260425617 270.9751896601799 502.0019955623388 
382.6653646440465 73.55412940264216 379.4324564794155 15.851842505553595 327.72465369941364 
445.3593739934194 346.27879015303216 193.91480875351223 108.42495711217752 409.64299693465443 
459.6108732869232 132.104568143383 391.73806673619316 476.0955043832863 124.20346617681193 
74.62545670998465 190.46491592184526 338.3408856527777 218.50078628187046 386.0226200948715 
23.708904429566573 188.77554277779495 203.59137028406838 49.141664817713476 134.9970115770358 
505.60565449896603 126.74482001591208 112.82580723900602 473.12658201869016 298.41111471439893 
287.088403268209 138.17870962088855 265.8162441135361 423.56429161541286 456.00160156142334 
317.22109769794343 141.23880430169905 205.8316171680028 169.80693724541618 62.76934543946376 
377.514335301828 227.4861302229114 237.33498202133262 493.36408043687015 485.2416703535337 
271.2591654550528 229.9417041617829 362.0769546195697 453.1463089754299 28.45926298638789 
346.55648493146526 103.02371196403392 111.92285333069867 308.5864648159639 171.33865228528398 
294.4117388775836 196.3502749686839 111.77004683418711 466.5208288184952 461.9500761847538 
310.757873989402 50.357930776135696 268.017169288644 271.4501491782418 127.92030863057063 
230.9857615610471 176.37459469402037 284.44532504747434 276.45959830223853 333.4538831969171 
360.64522861355573 75.65731200292497 496.83243709042245 247.74034398366527 417.75799750656887 
136.13770684960474 270.9807617330294 255.47789224761314 354.9677310624416 110.91263454734178 
255.72378815488904 367.22332803401764 87.95975782624565 44.95875298365919 474.96965800556006 
51.84717571569735 472.18803789246846 436.33860002448085 350.82479380273753 219.3718082512051 
10.025226498921116 20.323582145505327 278.6789960915056 443.58624509561463 501.3024756196864 
333.33256308302674 76.34463081671139 35.76562411221439 29.81743071912623 230.5143108288495 
262.3277726806432 205.82358066404794 303.3881366335489 155.80178748510787 243.3096564085781 
172.2255975635284 490.0314550288764 88.2665961829912 115.91637992547743 206.99146592680856 
317.8436738733001 213.60150625125107 412.85509588239756 227.11496158932852 331.16177353752386 
494.5593298602983 248.49478827279626 168.72892555799544 320.58327210545275 439.17620171292606 
443.9697401921405 505.3438047276437 69.42284256173313 490.60741952346757 336.88384536035176 
396.48781526019803 184.18379952764846 87.4039378346184 105.69385828462384 78.07681093121964 
401.62268918996824 68.05770644134455 63.8497394074382 230.84204491929054 389.9849273573525 
218.64386774000948 503.77018639202265 188.14393341994816 186.98976026710338 387.38803779975456 
295.73152651653 469.49988662504444 42.142586209122584 214.9868084088457 71.74803525215 
251.15437132859756 55.95279710586758 154.50942294682878 449.52185227114046 10.019415986331762 
133.63533830264834 79.70902038023746 376.5405860370233 202.3134952472641 395.8738812114455 
405.5713145510189 299.40075214590075 463.2271128179533 314.2240492064621 269.9290322749053 
488.43520735165055 438.94306810654365 463.73455788697663 449.97007800173515 472.7225866082157 
487.33958767147703 410.3645499182262 312.4676628732751 165.5570130951669 108.70447456007003 
375.7751681051135 221.56048141454514 385.45610718620344 92.78834107783045 447.07352397488523 
452.91107311136005 102.78545629335278 493.52511160132184 224.08721355699478 288.07041858247874 
367.0776572282113 167.74780509609653 421.74744450403983 87.87705288539331 495.12407438653474 
239.22791433766653 70.15892251669658 268.71867488363586 224.91745147455316 474.3663207165158 
79.93468415112153 230.48439737889314 165.5234045993194 180.8639908446092 65.3738712348406 
410.03586653025656 497.9590648266272 365.70045717433607 443.0607345524337 259.0253021316418 
507.15693155641935 13.748399627858557 448.46280614768085 69.88848982931765 150.09196267535296 
473.3522447661271 338.10655398050983 198.84108604967474 490.150242233216 60.19904361617833 
169.90851416476582 359.7060767293674 452.81716592118295 115.8096825217179 179.24003943649896 
287.40083629963704 482.76329510880083 381.97865460799215 393.3038863214989 194.91150508237018 
307.4061289167866 177.49030839020972 251.4006045631274 72.58331408892393 137.0257476421417 
488.43997620516006 123.66304441143626 503.5544300929502 256.5126254414396 208.48786546767843 
245.83691180700922 294.1619536935426 88.82551716001684 390.37399249702446 212.6856535329012 
343.14780342741983 435.23783269692365 495.0222021023059 297.5977104015333 298.4929063049212 
222.4503404634291 249.56137758337076 490.97429761533647 175.70758056543244 211.64852019267948 
350.59214883191135 274.9758285990992 236.40637083953362 249.5825891975299 374.0269237924309 
277.2050557611345 50.995493459678286 266.74836214666436 377.83165900123396 70.90521956986544 
294.30085780876345 352.7470913906041 308.9972726941883 14.25110431430209 447.9649890864625 
363.90235477546304 451.0689858162598 146.31125840739426 208.44075505274483 143.21216405308095 
273.56162480872666 282.25954209634546 24.410270557229598 57.714416704748075 169.58901131959252 
75.41401084442217 312.4568712379252 183.34374880315323 193.03564780175026 438.6812860724727 
24.818466868067205 92.35804956550923 31.598693759253106 342.98470837204343 368.05022161396136 
323.4126244419724 77.0284974856003 135.2540933274689 96.42492756189785 239.36017426005262 
78.89567432910488 143.55543348759863 428.8988660401424 102.85481196241902 493.2129553510556 
461.9387056259535 263.4716683803913 324.83804231492957 262.23993524748266 432.5817133227523 
487.7678998641796 465.98505650744846 386.798708706951 467.8082022386963 309.6688971250825 
196.18931545305455 277.42869916383285 479.5584500601452 156.82257157632827 42.163494311432174 
495.7087026470981 308.89030398996164 318.8596830576287 378.2352426044954 122.07430539775198 
173.08887148894559 131.14446390891027 240.41535188759028 111.45870913082838 272.9629898790406 
123.88776611391665 168.81701258703197 123.08532750603639 327.9066097327172 185.45095072278022 
408.5038525501613 435.7399306379362 431.3031096262943 413.66849475614896 423.845129719582 
184.85079434200074 243.8509118748962 454.01760558048244 306.4561849849864 282.70477623376036 
167.3881821335149 248.46282913297324 281.8020396112015 508.1274885300336 266.7950458118105 
243.80384885345023 144.54268660541 376.95576161563304 332.5512941769265 233.3545771857195 
77.69776298179042 29.630400586486907 101.52769644227499 130.78166572518415 435.7090517036934 
497.2375070636611 278.58914031102 99.93061410629394 196.47873495488943 332.3263349616084 
126.58759433763372 89.46746587092557 412.461694783099 215.83192642809988 17.323177906189137 
446.1643719940831 115.88977159147234 276.4305972220014 461.05125395766726 405.65707363795366 
258.20631004884143 483.6564171635126 257.1139159466195 384.50237991974103 388.7890705324751 
101.10680335180577 33.273772983592565 122.36386735295822 403.03944451867847 311.0653233559074 
66.32829661023747 348.15388047289 314.91644319044866 246.86988195311483 401.58282315331553 
268.9599448219079 133.99325239120697 294.35439979666086 413.76026276297597 305.5836978823811 
52.11464065459397 148.69210170756563 76.92577671958134 123.52054971570303 269.7333971442498 
237.96850434593568 336.0043958833585 133.20811556524313 417.00374723214713 249.8123215394883 
97.46986794818507 258.3715539506461 149.71004548398048 122.41231369462623 481.7826877473357 
396.29396054470726 125.10876456069447 486.24828094138877 105.1555870966282 118.83999233844021 
187.7619717712357 167.86424506405638 283.2244794009878 288.06071219808166 220.44031551090202 
492.0120757480884 174.20311688341582 385.20791400132657 240.1738288043717 243.49348326059237 
504.09945938767424 476.985899830088 444.52843435204693 275.0287336778418 141.57194928373522 
367.86912959455645 38.18653652988917 372.4800646563955 415.0038516147905 112.31342026791995 
294.90953631260743 113.75791571746606 189.37361187100092 185.6892752940028 434.9607328014732 
82.73822298728233 345.4996550243913 237.76515173234412 23.066428700171496 424.5187545273521 
429.23744782491093 477.56890670155735 216.9934836278341 353.34272502149975 363.2071176069048 
363.4556143903927 321.82155357046844 349.5177814375837 238.6296917498842 397.2097008994099 
229.98792880909178 406.65840844096266 329.8501877129077 446.0097558207457 452.1832645051379 
315.58004261800306 99.1254725001393 141.08385978546727 69.17623921602616 96.17282135211518 
84.25523696089358 26.88386511709028 59.64529023513897 313.58328148764275 186.6340820128317 
259.6065396012681 84.09559141425758 140.0319746022875 502.3028274983279 278.8896864099765 
429.93929197754125 148.5952655946195 463.5772978077027 501.51154134568145 447.81728256793895 
450.2792627809019 183.83257949534226 210.92147476213563 434.2405182109885 410.71425424120133 
23.02088208781965 441.42998267761817 40.62900424941001 307.7974533226903 16.501254355069374 
280.8864079444857 413.8266798244148 416.61255842527225 434.7591345068278 140.67217855046192 
398.17020437429846 132.95383684518058 366.5938860025532 166.83794803618196 254.1898332974659 
371.78326387871147 343.35262153729343 91.21262254480199 474.02057078968073 101.94849774225922 
146.78807573623465 446.3124024431615 398.6014842541735 503.4900687739124 68.11907126426757 
192.8780949764997 466.7416923946567 358.8657162096794 10.871379861497601 433.8685986535054 
51.13075120239829 414.42018766966856 455.07727341658745 13.738923857120657 461.37180466108043 
73.42843837258133 425.4118534362087 426.8306839054897 319.1156676901396 407.0404893344886 
230.84421932920424 83.70330557447518 135.37364563148057 94.4559896036679 368.3817240512203 
109.23403114187312 45.087663856903596 28.656678457536213 108.48529929731298 471.3148231290082 
279.0354484712003 449.02478888816614 404.73413976648214 363.9743220309374 78.14910444555117 
87.17560692887126 395.31766535570256 393.7530240902973 380.32510410237137 437.3322318736387 
388.9331141373398 243.15969157028178 234.80395405514065 387.5707482166052 352.6666812522302 
110.03720355998053 24.19740078746368 73.26377613225714 44.436515594120145 346.66601995504635 
199.24163296470016 439.0507864121963 57.575530395935985 347.4332170524708 356.3543592888628 
120.66300139282909 170.13226881306537 358.89539033701897 113.0739480439315 382.9312789656922 
16.467925900442317 11.063476030357503 361.4588163413763 475.3049092381912 223.7276153417143 
493.7375895400425 104.52512482787611 391.20953839724064 280.7639860525746 426.72007766572284 
205.80094723857573 142.5723393333868 32.09149680866557 97.73483427095002 507.0750115360602 
285.8425504456444 314.4491522716218 366.88105020092115 394.4181186884545 60.83546120643595 
378.55014639939986 161.44952538563956 17.55542150850502 128.72805903912052 363.59631719730186 
109.92965057888553 492.6676807829204 20.53440491163249 217.13569115777548 489.0351829471924 
43.69953582750751 32.388792011231615 77.84105487301173 282.57691923392855 162.25303708254063 
428.96502685007806 263.78794765242094 276.01049874609976 491.14446670802806 441.35973442973216 
133.8099194967511 235.48725734974872 261.70269851860496 170.76786662680732 214.5093625792525 
345.23651745846723 239.8869928325567 134.27866933045726 110.50198037778108 202.10717187096327 
261.30260795986044 314.12006770179613 340.4730051678569 291.09692781574716 60.19227664065306 
196.67966920657858 366.6233509551511 490.6971249382333 222.48147839888665 412.63057103394783 
210.08372687574106 281.88145261012784 217.95593982747945 214.48987725464391 169.87494657138018 
459.56651382401276 91.64927514327309 152.93838427767176 287.99246974399443 270.37246792073836 
19.51899413713719 438.2292617277263 328.1933406161339 25.511829797694944 58.488890440370525 
98.01397496082686 161.06365263385135 362.6346019662217 45.93610801325453 167.91362279245413 
72.94468551228366 455.45782083151346 228.7008354469745 276.1637392152586 141.2957210258277 
95.00760043102667 326.6968924571509 108.66066935069745 444.07185873183147 191.30190029106564 
361.2011842372283 365.73771369799016 495.69476724917587 369.302156516906 202.90035883047995 
446.99917700178247 427.1946364013137 457.96164142297687 419.7725277048765 225.54030346036186 
53.10135897739858 296.1990819739401 129.8824554700929 397.88138733271603 92.66309938765143 
404.6253241120923 189.16809754735203 20.944156150277493 437.9704232529195 196.85136835096066 
169.29676879680082 472.3983989419701 486.5640297205763 29.205753700324234 205.66903425466424 
195.70721607517189 181.10427172258724 12.689559423177501 420.64835539042156 216.19877743953546 
23.680569297825627 135.99705756922086 252.09478047663745 39.49286499344056 457.3387857104645 
373.4301330484947 142.2806491517573 168.61026893924446 132.40487637749408 76.53468672896484 
167.2665438891437 101.09315335962349 200.18265309448378 73.28705263999917 311.8155366837607 
292.4645909663306 401.6040443531534 23.658566534447857 219.92394504333117 197.35523005676004 
343.40982462503274 205.3864621775884 376.04655991369617 124.62543116538609 479.4390108655494 
28.779251242098503 297.0947421644279 267.81081042843346 439.6050220474056 204.38449123112673 
440.28520497810194 397.2194787200733 474.1366844935825 112.34737670539756 156.91778563702368 
325.00888750147055 405.66236880863784 47.28810666519256 147.16035560165113 379.5706933755556 
106.715151188833 137.52607220766404 495.9189004283165 250.55144425542767 145.23725883272036 
362.47924571870766 494.8708699917166 190.8375624691987 365.6620088824033 217.06660337830252 
80.74010995654501 186.83235692866793 298.15113926394105 196.94195851325512 344.89122536928664 
333.3536030145725 413.5658637916904 403.3871158073525 194.3218251502891 274.47941858051377 
366.7496579384758 191.6926754740861 369.13038287313236 196.67091884894853 495.7009250971535 
411.8544607318876 146.5382780954092 485.4994866347661 469.2137471758486 415.41369279607216 
186.5436977485844 282.3069357788722 100.56467936262547 127.26921827826465 99.28596557633605 
302.12672087697604 469.8239307376102 106.2896561624767 439.19798285433563 399.1941768880696 
122.36880488665041 143.55379532564103 456.0253148532585 491.37401993888903 236.17774591981927 
72.04726995925225 57.78970686082001 79.8332605469132 275.4830614892369 86.64363896895642 
65.77540403714488 225.28751098373854 273.3602547022921 498.19807924796226 466.61628616197385 
467.14897583712474 10.832457482540406 470.581643812472 491.5618823489207 296.90416337290696 
485.0676998339772 414.48442508016547 478.00056363263616 422.0494540181664 184.2474367804448 
336.8155780052258 93.31790772357678 181.91261944620845 311.68430212916235 69.52843531752161 
126.168343846429 101.6885366181594 226.76723143336406 426.6987403599495 175.23833645249834 
196.01703752482968 495.3121505457425 463.684248398004 190.57907788637385 258.43121721474887 
66.89629390658796 137.19368836796463 447.5869376213047 498.00412967615176 221.7542558260616 
290.09329495957553 158.7096865723745 509.5222053346899 54.81396183907332 509.779055736509 
52.95676272836185 188.5132862070356 389.450689469235 33.94270065126286 378.2915109296944 
327.4576459997669 138.5371280399733 502.559612185397 406.98368911041865 254.50986511666588 
255.3678639143043 479.9268660109831 149.0003340190747 501.0599390396921 42.03609081154796 
295.5793233591423 103.51299933962554 109.46155337669715 207.84096511009747 377.9121228272853 
503.59962686539484 317.25572150191795 195.30352871910233 379.33757104202755 134.219149328838 
479.2179229732815 416.36944433953516 16.804537765522255 428.53682104449024 213.55689022378377 
166.37660353324202 176.5085746543137 172.67865436468932 383.59303642465585 108.36572948586748 
456.6208148296785 273.9927681156097 151.24486200738258 345.31218016857514 446.8638165892029 
172.89607444198134 463.6512470606117 222.85695084987415 168.76238234153195 103.38426296493213 
459.2578814073424 130.11515244299036 225.39767628152157 32.28316967990812 404.6960338763626 
191.1398864089941 334.49251915082675 232.31980614878822 398.78147671436096 364.6199230862844 
43.65618732644715 69.09108798437224 204.96209820351922 94.38897378148275 51.61669516510224 
207.00834819155432 198.54201570571905 278.325011921107 184.268854318343 64.29581964968204 
40.01043535081832 448.2174894784355 199.3659809128556 472.1212430809286 310.8034319432883 
178.18075868861038 218.68367469602293 117.93663950285782 472.8266457102169 364.19178741025735 
211.48355221707092 478.1073699823951 138.06708809142154 142.3301763981591 78.10522030812454 
69.9077712838355 259.6222878879655 338.2987642856439 507.5144501665968 477.96122573249016 
480.4746533201449 465.8028993217434 407.63590163317014 235.20309172234315 501.33944894930534 
416.36636936384696 332.29829463685917 263.44431221112734 453.91425183868284 108.16232621593646 
453.6203140714784 203.61407920241697 390.8583194352414 486.4372144395818 253.66526055900363 
90.75953919620859 128.829618063704 393.10578368274986 234.1927072871186 453.88073506836474 
305.9080152952616 448.0954293468953 68.33509714533913 45.678810338584 139.7324558626759 
210.01790710977414 243.02762602868282 32.29576441952985 497.6804567461961 508.7465431898687 
366.01931300566446 98.12368422394351 15.417886388326021 467.47710880444356 436.29362184603684 
45.76179660172835 125.14733758483064 356.8504918829931 501.72648617628226 96.19921855505692 
479.88301058124443 48.71515939945669 252.81013628588838 219.301798132261 385.08036749349685 
462.1077855288295 226.27064318234767 449.68088942094533 473.9486496705607 19.029893705225057 
417.40745498333473 268.02251787101784 487.77441108432083 252.59881700650237 224.9828673210335 
252.9546638840796 147.58411838637514 335.1510968887028 277.48984068280805 333.53116932864117 
228.47398934341683 418.8762633422537 314.6259238239658 97.41015510508981 72.93523577490967 
306.5594405934379 422.8017669573221 234.8051377702008 404.50273741838294 95.01057613676538 
48.51207698757242 323.2869978407273 428.0553836265737 58.75860683658551 338.39727870305296 
283.51489465360504 328.0960757941304 166.58868398383157 479.82400613908885 460.9742468746935 
401.33968329746034 248.50046184714267 340.8124682333822 413.79995176468555 184.9369346695629 
455.6657541434777 333.13887631757456 111.76292876649562 66.66237660594997 280.96344748346803 
47.44107814827402 376.49805993992 488.3946917225889 32.670099151203495 334.15546308710196 
18.051772995361194 479.21723571577763 278.8840225920218 129.11327940775945 247.82735062828175 
379.46717052656527 405.26123953922064 447.62451402134354 73.00597721289074 242.0611621930455 
53.641269791327545 95.87746442204586 502.52183379943637 22.42578529984778 334.1410071856861 
273.4821047156862 19.66919659425264 293.3608821049252 328.2946267029603 365.9853196538619 
401.4198088887416 346.16378355967663 25.81787183115535 351.1862538224855 89.52855239695423 
164.3427781382416 462.5746782996268 368.07982383046016 443.505535231048 381.24768726323276 
452.32433057477334 122.25652516326684 330.5328646181561 457.9458848149702 429.82721526130507 
426.58660017366185 132.40396454291368 442.6717573472227 47.88743858129823 301.01688141348603 
374.56394111246533 298.17785681484446 295.9102267886051 180.3081942395584 307.32863603607234 
408.3156642052157 32.55246237250819 403.5415993700424 394.3610237530457 500.1743090111329 
450.0442190288333 284.22158656696627 288.48263357931603 343.10525606931475 112.75969668118279 
184.80428032915867 499.8983730095948 210.9610625583002 337.61548286044024 144.4788246506342 
86.91277999743635 218.87643647203225 308.8743293836607 234.03007105862616 324.215905261509 
270.91959878006577 444.93259788320444 436.6107109092686 428.8168263633552 479.9421768654027 
159.66947744555364 478.2509202757708 48.703050484301336 45.95568733024746 285.936034778411 
156.93370683585977 344.30384862499176 204.3627053755253 53.76236780358367 344.0640308186242 
117.8356850229501 480.371028438907 140.86084486315508 457.15989314282615 70.60778823693124 
110.9186891533122 438.0036147547711 327.59339947687914 393.36617297979114 120.43815138766766 
296.8525374216071 12.21009393539523 19.753991510572433 161.78771206995623 152.81960502884243 
222.65448546082504 497.966564645727 358.67829726801074 40.53602187866072 171.23010158328577 
60.67904943126972 10.923716206281899 144.50805387379532 257.1220037829711 98.32494079888265 
148.8425579687445 152.53773775054302 141.8100358183047 365.8036063916323 48.13972378565489 
304.48665392352206 387.50084727764846 377.69480228787006 441.5960292487745 153.96081963548474 
457.4068482337289 72.05842468833328 288.8935378019356 185.49485037510658 501.70017823678484 
447.8976501859821 90.90519768730437 54.81350958599756 477.9699163061176 506.36343283623773 
359.7766262334436 344.74876855282486 280.01052947436773 450.7786931863818 481.12832681817645 
354.3905598177279 173.76976791774894 225.56006689894357 329.7062382717068 64.04921562775439 
464.2841346117248 99.11564871067374 124.80909204280488 43.60787534933707 442.42996990729307 
120.79655838373797 136.82039866241638 196.84286452640987 285.3183870007838 406.98067125847064 
481.17326688131214 359.2902214847643 209.16210241762568 336.3664928012255 361.0762979739401 
392.23651199498744 298.4423267024715 359.5554266244057 245.3285462435492 40.41205201722597 
60.20383766723297 253.0004190974997 92.55165038500823 445.9645337537969 377.3063455100607 
272.3992859055603 358.16748064296405 336.29149913314563 159.4602460797893 285.61061799227735 
145.4491419261536 28.309361653237822 115.87498708288152 90.17062067285363 486.97362938673984 
16.73746913665968 198.34808017745564 245.48891373899605 367.8041889670318 38.975143018802555 
388.6228682674321 374.80127008691136 226.7306533454287 134.1498253682468 128.8433081840917 
16.957756549583028 296.89560089298004 338.91456355865466 318.9337029794357 233.12406447441353 
272.1347459081439 287.5727961532235 429.73169244741575 298.4743186388648 410.35953067571495 
109.10874070152525 405.70249942735944 433.95353575008176 310.31004077015086 138.70139543855709 
156.0625803181741 158.18771192203656 223.0064786448807 86.30025069486219 58.14086734746192 
464.6197588049526 384.2271790920822 429.8410163054803 21.8056802436135 153.94942049744836 
479.3414202409632 425.67924848503895 288.78540917333453 276.95524562983866 476.8250472066473 
253.82018618203594 265.7111322743506 267.77676537548354 191.78709872776315 440.52281821536445 
314.7092957227768 472.73501510855954 65.83556938883733 325.8563831727136 50.3725563349625 
404.769516937529 274.61038228159055 468.78734200034626 316.9369258191671 178.56979750274797 
399.31171587710855 507.3750215385973 144.49332040216956 206.47969610323003 23.55182329292154 
116.6540248119488 108.06170337494058 360.2523624523605 241.8585063534162 331.7815206463472 
138.35587585370578 428.73440401854737 191.15823734129205 129.02757175255596 458.06702506943327 
326.55692206311886 341.5672659271296 282.1865654194333 442.494282922459 133.91186280384113 
407.8185588884609 136.98796928586427 328.35025882896326 172.4916873119789 367.6529808859263 
71.08441300530114 319.56978842013825 447.67047737217564 198.5026495895838 32.195374150996926 
263.9499403518586 412.004618748819 68.79466853198845 171.98439839536942 199.44954141214555 
130.13117536287655 345.2033460697533 218.2481658391932 193.97609454617276 50.14217405396392 
402.1790255991121 352.9954713597986 27.488525074748964 211.51271599124559 345.08162423132416 
488.9940918525576 390.24362600073505 344.6612871448313 383.2470982056999 462.3639770385754 
396.0144700412674 442.22019505714013 214.31483166324938 283.79456162422304 334.1088716217918 
507.0944037430574 406.14414098169914 215.96449764968983 209.0159988317172 307.3867200353868 
387.64808873526675 69.74201831941261 241.50929680878824 93.26768143552144 284.8725349843263 
236.7437590396945 130.03385607959993 355.8680950605448 463.64881739874085 100.83053380372147 
496.20627183935443 333.2723356028155 265.1479022383176 96.11780696761323 63.255265534022655 
93.69075794989011 45.66437906771041 304.0794069864913 241.2309992440128 150.88901573116226 
256.9582567132244 107.32216627484475 417.8114175624433 191.9527271207495 428.48281040426883 
42.60997788082387 378.5335660935733 122.46540209758493 37.82642643104016 120.71521018377112 
405.27808342874846 259.17777819431313 380.6967948440203 505.6755344456554 226.83510257276617 
125.24689244316905 176.77540025216325 71.03462424107099 120.37936007195692 428.12266029611993 
272.77056066251544 475.6443233857599 87.68310271946588 425.1604419643514 428.99697559401477 
26.607013334510977 154.89447460502936 507.0374824383762 300.8101265404712 221.93572823961975 
469.70983654899095 454.0514485888172 351.2234425866997 490.51060335444265 494.767875776496 
445.37919920359224 56.03652582403478 271.9095290734838 221.0938945416731 26.373843723489102 
387.8024201497122 203.69111573110004 450.4222137888387 363.9782814112134 189.9621920193167 
308.7083369138725 320.22485331782434 245.3332953423487 177.47479556090912 200.030684462538 
370.2746815854946 399.65840412918203 425.27048689474117 446.05313213801344 74.57109602771499 
348.48349733706095 330.8558159465274 363.3699981724361 387.4563488027438 114.30939417430041 
162.39834511418155 129.99186584401383 477.75071667604703 242.77560100975424 428.6192832634707 
236.4835219114455 449.7345964198977 218.413150254041 431.8220316755916 417.6013067399955 
474.80557916143823 479.06083713673024 490.3849012026389 332.0077800756288 382.63878994353087 
359.0228523994795 442.04603823216274 382.64190630948326 385.67846770098237 416.0461088109765 
164.308710683366 195.3229127835382 235.78898623478793 222.19513658909534 473.29509966955817 
398.1658722428518 236.89342177214235 323.7029089660595 387.37666981832024 469.3872188645808 
162.42779691434765 199.8755363119525 366.90932721393125 46.07825269444681 251.43912518681637 
176.12917142591795 266.40138207415765 211.52486054731315 82.15537481742962 371.23693402523173 
360.44249904892337 403.65131821273116 246.85547223215698 383.86437958081 429.7218645945092 
212.1667484741182 376.8675197735544 48.47121249591806 18.463422759962814 456.991872539718 
191.52324009762654 215.65775760077338 99.6065988291721 65.54451391000586 369.8969223375081 
137.03399054264497 509.06047018870396 391.4618536328493 169.15687131358064 159.689547911886 
135.35952446808702 242.33755696966784 338.3575268450598 60.34253630995234 476.04920646651004 
509.05195296312866 501.500422080733 474.24551277107014 297.1292709780359 414.2733086985256 
308.69200261756157 498.9266978874757 256.8831691063334 22.708413276989518 279.22657590766426 
177.84441779556926 480.4215038074795 280.6805468202911 385.4223568430429 194.03310086851698 
196.26775617480124 477.6129414919659 51.038852941534586 228.81878429445146 171.31436663308418 
146.99591043735992 363.1036779579297 65.68237815470661 305.47724962153745 49.41572555029338 
420.9768920574211 144.3486831594311 372.377038274388 505.22343114481316 371.48101325467644 
395.17951023785537 17.374925336947946 469.4215962086336 303.9248541350533 308.94866344726574 
249.29147505712362 366.34729289957517 303.8493024842178 322.07736909125134 287.1363579718873 
326.72930768689105 89.32301730346208 222.40781937901875 248.17722314119726 94.69769771014668 
278.6165276407197 405.5933278346628 288.67579758462756 497.3239558025729 463.08239651547984 
437.18297712973697 433.6193566926789 494.26977381697867 384.0699634446327 500.47901440414137 
456.7756814450629 450.12250751365997 137.70256999131496 435.2450274855739 297.3995828779966 
396.99571635329227 456.34548009527333 197.34316824843407 124.91927727086215 179.97245304585957 
240.59260449778324 194.3783410384251 287.93044289982 502.96999284828087 140.60009573331777 
77.42770063484087 508.826461620857 17.603576878950804 110.59509063906647 193.9333590503316 
310.39262025050317 222.62769925437175 485.38752901876035 31.836723871229978 285.69259991805535 
66.53287366925298 252.71333658777195 110.03223705307308 447.57539716128014 270.8760031686119 
320.2369790670431 395.2189107973686 19.13056162989023 16.922597932347397 201.0416271240362 
450.2276939198517 151.42026297250376 263.1787822815965 166.43494275355164 143.9027710383478 
179.81587433099727 86.39140650785875 39.898693268993696 377.6149434744874 155.26760364441228 
63.594290415877325 431.01025192570273 408.4852277250002 11.834968219744438 337.7786422350698 
333.1642099733865 474.39675706689894 356.806498485455 134.7660336930747 133.92212563165617 
50.873192932797956 494.7365893196115 123.86172531175764 211.81853420286166 194.90166084015942 
421.72773958217726 139.86675624685594 418.4514720589401 55.77838398309958 151.28631058490353 
409.02670821560446 369.6854412760867 258.05521926035465 358.0798466879562 46.495487053005704 
94.79516823679845 486.6650937593928 450.9241669878303 217.89194575941045 217.37806434665046 
229.30450549208035 311.3283048132944 482.52781551465176 466.86362670135446 256.1512838422731 
58.92542576282227 460.8848169501726 444.44795879765184 41.99565058616116 330.11788668193225 
93.91917601051941 192.28134737507668 460.8626912640629 181.26448808279338 386.77169609241616 
239.7372654719454 208.2045273589443 352.73811593213264 154.46139100066267 425.5906819032556 
30.740049465910182 255.18188118915702 412.1409682448117 419.934021166817 469.0205875896212 
164.29183753552456 177.49217839174142 494.65869496349137 442.7994867873004 235.45443410785253 
77.83916726117423 216.33053816199336 134.28377430447907 74.56688425763556 279.55794726209723 
360.2871113723219 249.34602425688638 226.36849166506101 382.36025504229565 469.7850204190497 
361.77458737918033 66.61100679817716 46.02961000043936 109.02549427531332 170.64019876166836 
209.39637914415715 242.18807552622422 483.8861668577642 125.85728383261667 166.00971370850274 
148.67153379271758 229.18740482616178 502.0178227703941 116.57584563770517 329.0918232295064 
286.3210187544505 125.5761941858881 280.8674196923024 465.1636873365394 420.06983020216103 
85.46285453414819 499.59276549127173 34.37476848326242 48.44585382188315 382.2051511611148 
262.4916303433405 450.5768002439044 184.37561546042312 95.63336758825835 44.56687059634722 
310.0759748684829 413.06027225713615 276.2500493465352 436.78027135365693 10.800754924385194 
453.83911157640057 390.34076484184203 182.5406290163744 137.1252286426749 480.3842922181111 
273.9045395531788 356.3121435657788 127.92603586010969 498.05490182896744 175.48191315473548 
45.67132582524002 370.4511168279223 202.23874157610777 92.95885413782428 23.140507594233462 
487.5783219542225 366.50964005967404 234.4246193596105 19.12611891551962 211.04208632229648 
434.4286292947611 58.16172231405058 332.2897719393314 358.20621077695375 113.81704923494706 
471.84606402437726 138.68036407441036 54.96085283835782 397.3296864251506 396.0354462318941 
485.95531812083027 472.3220635334256 58.15605423420405 22.02447235164611 84.01899698580449 
469.31167910629847 294.6780655412108 219.1440968479215 128.4065187108361 159.6959819290653 
322.9120004351087 171.58383222544265 17.74103548843802 45.161017805336925 340.5631278349274 
449.81481095926455 451.5927061220716 482.50289085559524 411.5209692718373 346.69178233975634 
20.067243068308695 377.41106846323777 444.62335139893156 433.31223783039223 21.452483306991667 
122.42275297462994 65.51736585499984 414.7106368813099 369.2508530025249 421.62663947943844 
305.4454165758465 490.4661093355871 74.92598521226795 269.6939487264944 155.78441730005852 
50.301468535452855 417.691520792648 477.81504332559024 162.1663230880659 159.75192244125574 
37.67035548424957 264.11969137910125 357.0080027220455 415.9813876509208 313.7522850954031 
51.15907335228902 454.2787512895097 378.8247303027824 12.478330391985029 238.02767455727513 
355.3334386422609 407.13389462888006 319.2797420417208 339.70322238947665 139.63943284606944 
355.50613510818397 488.39993369309315 11.182754812136366 339.2255066543037 211.4724359214188 
472.8273100095338 98.99294570012883 420.68072828512857 378.2243001293402 20.56730851951626 
487.6528145168664 23.531570612533237 432.95694384735594 348.58159602619673 133.66702416658313 
128.8252884795783 315.9071411682845 130.7226676567038 304.62772685775866 456.7477721670908 
30.16368432562521 160.9919420316272 166.0032102487316 17.10384849510187 57.32870857442384 
178.44939574383932 483.1914564481681 361.4884126788988 319.1080288213324 465.1030504193282 
331.4167283056943 210.9761649765997 139.90850278765808 453.1062177134333 331.0472620377451 
258.1584656352851 290.52057146229026 202.59075963580935 50.91221415155022 67.35505609556057 
317.96417416752524 236.4645340531208 347.19606464689093 121.82913388455351 491.5761331153238 
343.50093631079324 30.488486622806835 191.8335775859924 320.41708929302047 86.04891171379252 
378.5678879941757 322.31664167930694 222.07612553421455 373.6914503905943 137.49668387412117 
364.1152864401387 47.951244295537755 89.18063008122105 278.606494151299 97.46404173639527 
295.0838322697378 377.97741581389494 403.95135834563007 121.64774500088276 459.6251340694528 
337.7243751434401 317.8070691392727 309.6262198527125 112.0129825961129 468.97933537676005 
406.7947874469196 251.45897115290578 398.9368418559584 373.5381153814894 96.20706649924247 
235.35803374690803 302.16933160651394 311.6745781952746 275.1143621218933 440.1971810645971 
109.342248617314 354.6259917454614 207.83020511265985 138.30551534649692 176.74542156628453 
493.6518656655469 74.31313897621554 332.37357488626657 189.22629142099393 191.9944489585591 
407.0835430397072 375.3002296526256 247.26848354566405 491.06891865798207 317.2334777362339 
246.80822128401292 236.32746827412038 407.21143306051874 27.107698156491715 285.6567864572039 
58.501401100927936 480.31322496762976 352.2338571716386 301.27915629324815 431.6153398137305 
460.668696168594 400.0801969645571 113.67342668130625 85.79685148794263 245.36590839415737 
378.21870929437495 195.37451395265276 312.62126999674797 300.5472643354523 29.471947847422342 
214.33576156593864 446.90457597935995 430.86878513312325 336.62155868116304 401.5478712577869 
486.2222083492718 382.4860051740517 264.2568275982769 292.22366098988107 178.23172340609764 
390.8944845439715 430.3410832147232 14.376595092809799 30.877629259183404 409.95335857943076 
225.07440729586423 423.6211828811868 325.55635260478215 383.41971252584415 19.630450146285607 
508.0234854382418 338.31960223503813 45.32215231631702 232.34579890210216 111.82974861330513 
99.19410494702473 360.5016314241788 144.93970768725683 151.90137585335117 144.6960043071134 
341.64755090132655 486.3426114055695 125.68431479137637 343.6179016642093 104.15742724860692 
426.7113029105587 334.5409631793581 501.16677398777495 145.14811915330387 249.20906493963255 
371.2727835725708 71.53082615527528 457.9468667617677 92.12877439041327 45.66171372655308 
433.953411682127 218.39007119231795 278.93719954527603 46.85847643182538 312.3921726510427 
404.2581610887123 378.818504096575 266.44593162700687 43.84150675682024 334.17455215041144 
265.2952121062521 331.00570490059147 25.396508498178974 237.2967893949007 65.50462912584791 
18.01592602293666 295.136444003918 90.12812768274813 17.70894753357887 353.9085835649165 
326.90597730551417 81.77753222724198 379.61709464443607 318.1142882666001 244.07220381814525 
193.9963434434162 155.09646596829157 201.9228133766656 282.33563806173913 507.3196288364996 
31.852762359451162 295.98733501107057 456.67329706571303 469.64043275698515 47.655808937028134 
205.30069977349658 12.491978060227495 488.54501750287034 127.68977941054315 215.47165386195937 
366.06985327116985 333.73715385936356 260.60576702006085 259.1292752224258 364.3645586527873 
460.87974454641187 205.854876130817 156.28376276595557 319.2657913417645 493.1817231803459 
249.8799358791296 427.47152246169634 396.37072305182846 222.05848614296596 153.7439987336789 
103.51293901553787 63.36012125809408 113.19393034952462 59.773736544818206 80.71072451797971 
428.05352636842684 429.33217922028626 249.79588577013038 195.31710983643995 421.2214251598109 
206.12728963924636 272.54470171199057 316.0979601253623 404.2326904459007 442.37878751140255 
82.8189050061852 378.82190514070726 406.61535763890646 490.9814327355783 459.9657709982541 
411.50270356792413 323.60875857754223 261.9171915893517 98.2709532800236 224.22284636831336 
28.785392483278983 473.61752304515755 386.83177025409486 62.36659972642488 481.82032717392593 
314.0242140591447 21.492452866496585 147.09063788972264 36.48660352903887 497.6768144725028 
216.41904139707313 151.86026904277605 278.9544400614688 330.15476873109986 407.89254493181824 
288.87957959585174 351.4726174572928 16.20242544830435 467.8980923849165 304.243332392104 
341.51005227998667 72.8650853467685 70.08837949560831 305.6391193018802 441.4356603043099 
333.96408606482294 475.69951692196264 471.4274882243409 208.81472356672802 157.23916259435416 
131.9974609220908 314.92853378904016 382.39978336674704 70.48616006691176 100.83292685392036 
302.74279471224537 333.8943068335976 218.01823707207961 459.8832612819969 250.93474220967536 
360.567115765031 93.77867720305005 444.15904253727024 47.90698181720925 148.7958365285356 
172.43344328814536 220.35382218839916 377.7931661738917 363.6173634570254 174.77157337677457 
311.61492255685346 243.19795346033288 444.3635684522788 328.7415864661823 315.3135499974431 
211.11185630992844 311.4603423604347 112.4519858616062 181.39229926403743 430.8294164688343 
314.4680555465043 90.46400952974896 443.86814104404164 97.698598450896 376.4416610679452 
79.70472651405218 423.0690909159714 161.52960277017914 414.68842729141915 506.32863994754865 
41.1825884837586 203.49127139407196 243.00156433097342 439.85586965474835 18.693907876709815 
30.323118361544267 285.44775722879746 415.91511585652876 344.29236387313796 159.69121408888714 
56.78683672918476 283.91943599128984 35.8238620792971 495.5159376810669 489.6015670392372 
441.0030547927978 334.86765800448035 117.09982204572765 313.21588200978 438.54722846210547 
102.51539290146054 230.88352475442662 314.47944854718696 72.62342405216687 308.9308337319692 
458.65817552516893 435.49691476661604 194.68178647376195 134.2681653342667 261.0620475891495 
288.3798073790318 103.81311326315245 323.5269604039845 420.1898671457035 292.0992830856122 
506.91246970757027 62.922260235868265 130.14275659714735 261.51778415359354 158.07251173205637 
270.3474261763167 369.3469283271252 403.67786627708654 413.53466777020253 317.50834747124685 
353.4694488143991 301.4261706658197 63.526325253410775 326.3067511408573 492.75885829486106 
89.45069298134527 427.31210216070735 307.05102447717616 402.63911850060884 152.80961536159614 
322.78742749482166 31.072485785769867 141.38479662344156 303.0295971082996 146.9423211367619 
155.3253165271155 473.70565628310294 11.851846157490067 428.52389869311327 241.54825811707425 
84.06883559382227 407.704019644529 339.2252421938385 437.56622321203434 288.5866974278013 
364.9760260894242 274.72918088125886 213.30991356229106 419.29843138636073 141.1779824048232 
241.93487254244667 169.13150857755343 179.67365276487718 142.05829021905458 413.69531611848254 
58.99478863433887 395.16596998880476 19.760133145364613 337.39412190177353 296.11747042179144 
207.64479188394512 434.0943408632732 408.6893459546311 333.6441593338778 387.5334095881952 
432.0069253684859 346.7528156431411 437.92794579894803 62.481479181614056 25.319216630834077 
32.33284605178277 496.9987264543581 286.40010002952164 171.81894399487462 194.96866613941148 
131.79642979404338 497.6875292337937 489.78017193616824 60.68452518257632 502.74729797725695 
40.473723461775734 160.99035827677244 196.49160837698224 329.26125168945873 47.71172992152788 
102.36264836393515 413.02604879274475 264.72856797466534 109.94427794030724 111.2114386222342 
211.65098946560067 394.59393890844046 278.5733805734526 314.2694459177309 387.35088223688643 
250.0860255468371 77.46133122818965 375.5243049685104 23.746159663671765 355.1806830538885 
321.69109471932865 42.95293396546833 241.55635857844044 449.37596026708894 167.31425049866266 
239.23167201126415 186.8399396531269 153.8569564712047 440.9146327613606 26.500439717171965 
370.3387437111571 473.62868706862895 422.8156873354232 400.258870686395 94.25538502165763 
153.1951862029428 382.75988004729993 492.4727658064122 327.7915856494178 28.36274842944674 
291.8880535351551 388.9688218042137 17.775613259025207 141.74564552274316 259.8469889717861 
391.195803447768 445.70703878830875 14.552358350874531 370.85327455964824 177.43030828796557 
367.54673424563936 92.23040286106908 217.5415845230852 443.505259796767 297.580442530221 
506.54795029407904 56.425511438414944 228.1392219164467 422.6839326621808 421.6903914526808 
133.7990966051626 252.9445926445637 258.31789723294617 356.94981044803245 355.9071230679932 
232.19303416516271 282.58069114439513 503.58568538752206 102.21233461908868 232.41594755638604 
409.64708707371824 178.4348522083169 105.5877310721972 286.9183756620313 288.92111320486674 
181.84880697637783 448.2620249070048 95.28432469646124 41.23114493823448 452.5365728449558 
347.346361146282 262.95168327943406 168.39536454822212 36.891188365880446 28.770545751938762 
160.9348151519363 497.48566736807413 15.378009820047435 113.45673166553887 110.77303034661934 
146.11824395563548 153.56280602931741 64.55883385643762 224.78297008572932 120.0988609400646 
170.35796870139274 369.5957230859336 356.69308410309804 279.7509470685703 141.06485029749936 
256.3063319148568 242.73832879534285 36.2548089017221 177.79027307766654 366.05486794930476 
38.29314941484296 264.3258107302106 154.81560501833184 433.6141151150477 80.12100509480213 
42.55987668922017 371.49615940971324 147.15508873583022 329.3183546326427 457.7743172813537 
170.26941441051144 487.2711108877659 75.0314698554586 334.67218554736945 152.34983544441775 
468.86443396931264 104.02398331790334 377.1581837221212 258.6887557377975 334.7234901348964 
166.17343657340126 332.6343367908333 108.77712396005516 374.6190398179908 190.9748885059605 
415.60353201419707 114.86949603495621 168.74712190307815 335.1297940841217 351.9090626063242 
14.207247722474383 179.3471644539757 66.29809008974124 29.938226205270414 86.81920995079622 
239.3231846349839 113.091836018883 370.1182243535831 451.4777519268247 111.69635105066521 
236.38841748803452 149.03234284806987 457.3886220382323 418.71693027296607 402.04141819905163 
139.48475230850076 314.1924784431491 364.4637603963311 60.06736523643279 52.84174863695722 
227.85628152479407 299.75950808281095 360.3863904203924 394.97786584979735 435.03281165797154 
303.2295501892981 260.19501621462473 472.15478153679084 153.46621251855046 77.33297858276177 
103.0490828351963 408.1612499890045 91.02189416336341 83.1934537516174 374.7350883893917 
159.0420987339932 280.9187743427383 463.05841699497205 466.00790281159794 136.7445123440056 
135.74206188794096 424.2144426772357 397.27314605150275 178.0096280798878 237.81464631741778 
383.18713229642196 85.29215030349945 219.83767096168543 508.50535338347004 294.05350694227155 
356.9879047659916 167.85464910333718 24.051918361703883 209.6950577486521 40.42983193897459 
68.90881827600853 370.4771938499171 249.819623257916 88.07567846458952 324.224992416812 
55.17629859244465 274.5801974223147 312.3486861686993 304.4448531681104 117.75317566785108 
187.61874402789303 438.6279351527028 352.8813612411801 207.68446399637756 417.363259101704 
305.7303188915707 288.3154040629792 21.388939163484267 250.40603415318807 168.9619724068026 
143.6628160274107 116.28053554931388 315.79141768991 185.8174383816442 501.8398424798908 
244.3832243868702 144.04111354017613 289.4047387392634 415.15530669119204 473.0856740570591 
349.7451085317582 279.67425284632304 19.557390761887664 485.6140380239025 111.54649530195364 
87.52980455593655 80.06340519736753 78.80079299278097 248.34807789724383 291.89992258238186 
328.70043946830015 500.727909365083 315.56916377352 94.8473821236233 81.28516026309157 
395.82240695727455 270.2804410310097 84.79524926904968 244.3708993416668 249.98233591389794 
379.04520665913213 242.94751748202614 448.6899959486103 353.3115747839331 167.29496755999594 
272.98239005660383 170.4197331353754 423.04124354615703 334.067639147573 459.09643567372717 
326.5998217737306 154.21606022300304 180.93639681887595 382.4777193850558 456.02961142266884 
90.72373316648739 228.95731941249562 451.2859536105167 221.97323142539653 334.2454829624157 
322.46395073134113 324.2179018628639 98.00064395824447 233.7058195640504 143.5369741242946 
432.73606115891005 223.29284593572905 322.79970957964514 185.97694366439725 432.0389117100612 
38.73930207644388 398.17531520438087 362.60842710576253 35.85057731259505 440.1557380005925 
255.85028698420726 44.74349298096219 315.1083601189578 309.9504166420347 228.43989248496382 
457.6328262405646 165.6259894852292 413.56703802152754 290.77504873595933 480.7324085218619 
274.81086603680683 272.0323446858423 126.4882760257736 26.61411822898151 42.51339769248956 
246.936628738791 173.14588306333016 297.3481678849661 36.086526249787134 199.17518924123166 
288.50442715903455 342.1856035528575 184.73356734866653 207.778961983118 305.4694874928365 
465.36901847965817 43.22255554882075 460.1622623712446 368.3350447184594 157.89954557272128 
80.04510930425224 50.1160385243966 67.88141928897983 352.0882175325095 70.09804854844853 
44.874519440200594 17.910043126547862 422.72002374688435 296.9658057509756 307.5834802367421 
140.79312505484964 483.6584063188677 394.88183708173403 186.49826637827604 54.61626482497655 
153.71884843329397 285.44704846667116 307.2396983052592 79.49223634078422 90.6390850927472 
289.18350650112967 329.43588289403 505.6241551018881 216.97460060407334 117.00140057585217 
154.07826550791214 390.6958369631574 186.74719244031056 71.65750755537003 192.91975907526347 
279.167820273883 266.6748076486221 414.28325574895683 436.24337708850226 361.05697397948137 
430.8108970903615 476.060427172328 180.3292628389874 212.77792160504066 92.42122918824369 
220.12273267600756 400.9483741437222 387.6242521323439 21.926441994364655 83.76134736731754 
384.21089841798147 248.4679153277406 124.73830878165481 56.01251051675076 351.09750461292987 
60.254552740372326 377.81807420360644 70.70534815619783 437.00160745517036 484.8732923132855 
348.784676037377 420.0479666804352 12.610724430256505 245.978836058032 346.40125053330104 
18.830128396246472 457.45510467239933 356.3440371844548 376.2678816722358 474.32033753845707 
122.45166177362887 425.3211947423217 200.5487874628055 41.9357855329952 342.77143065283263 
188.9900870778594 425.56211592151686 171.76302500445183 487.3586736301903 30.570879029594092 
