402.28920382376856 400.6014723912143 465.4734508069353 254.33928164285572 162.11024242691076 567.5311134245752 171.28348435859792 301.1044700444418 
501.43375974706873 434.8639251997028 595.8461643087895 53.969912768044466 619.3385424658818 355.1279378142892 585.7384208267783 580.8071754696734 
187.88592914926147 176.331026706493 312.798106777338 169.9557176217304 264.278537654816 100.07610303143393 273.65465824052524 356.4717266013306 
556.4736707886382 364.0293605985909 168.88612578234276 217.65167318076675 432.0950294072773 576.0852784151176 326.64647054024687 240.17465962163254 
410.486462743554 277.5721248187461 85.60681578661021 611.2070973674889 427.7516578432875 62.84178294469903 302.0543826312116 535.8135486081266 
314.62331460731224 332.587603277145 495.99293016596613 533.0175145794685 277.0057396182923 308.23392868603173 501.08842424261775 212.85579476579255 
519.0344901833284 84.74136873874681 433.30359872441505 386.77032950842 498.49686319106706 249.1710618857375 143.06528092399 513.6811546578992 
254.45702561719602 342.3522660600942 65.80820318298704 34.08424219303184 396.9293354078766 590.9964492350049 135.73899796207706 294.51802978735407 
498.44397591042576 87.60211766106892 177.6641296893427 314.74235513189404 577.3482156523368 345.49381707793486 541.7256261385579 199.97349517680567 
312.68740322690564 506.3392004054254 95.8881703603691 350.5191468001042 380.50924601501464 27.487789433591786 241.02150087452023 371.1570624771498 
251.43513828451842 226.47544471627043 363.42171243856654 532.6010657003955 139.34245843569585 410.03788955563346 289.61530228320754 387.39821783757407 
541.001274598783 64.97743192241066 258.2896748290905 92.60094611446017 156.50956163633458 138.22640454286034 474.1938648385945 541.557721126097 
330.3704000488666 183.45107807685838 58.853187547100056 357.1662142620326 303.0550497301546 301.53998336058123 162.94171430805096 548.9325994453751 
112.89561493980081 152.32011600620558 555.1560543085493 186.18071052414328 538.1510548586446 64.84500850593119 152.43446158919542 189.75493776179093 
419.0902695056753 423.59831747633723 106.36488650571121 94.56040936249235 249.9360198523695 457.95664743982513 410.6257539375986 385.28443535538344 
80.51347002764163 112.25544206343879 344.30310973311066 357.64280000647904 317.44703445340593 423.8016687221672 615.9281546242512 207.4946699760917 
364.74933121498555 386.1769887262189 423.0785701726179 600.1700128445052 393.64596473950235 425.17514354972093 192.38767833154526 322.3530831173577 
281.4799435568285 564.7175936171576 514.8050314103434 568.8658032782625 109.53933551683137 110.09066165772587 540.9521387499614 566.6948339285829 
159.6521495217741 425.8483557647226 451.4173336975703 588.6060845859673 299.39194332958994 535.7244773276594 166.83314297257442 358.690284837977 
595.7380526095787 21.89769276555376 412.5803363551284 202.1834791811189 347.0342313788871 450.95338433546596 402.96196961583854 441.90626640729374 
