24.00304342900416 356.01091010578835 378.1607297396916 435.17228861509506 186.03908781587208 168.60005061486208 347.559039080719 40.538893775780394 
122.00749587603632 196.8161768625893 467.25782621407046 376.4106877377747 140.3203565091622 209.33963902629947 259.55572409477423 376.36251097232963 
279.3718828018703 259.3012283944301 469.3389821923019 484.7019340531079 21.394677566310406 178.1142445792412 331.1755494860177 301.43977205692994 
312.498754718663 141.60275265094717 307.63116935557855 355.2206214220213 250.22168564960128 451.0041781561878 222.63549509648422 209.29186245593877 
424.91769770900993 296.42411417492315 338.7263558629079 230.58903610619646 26.314149836348047 395.3218273800937 52.00031215316563 477.0158630971253 
451.56329069004806 23.604326078256957 503.5977163216338 282.9969295299866 276.11751196579183 81.90716054586788 31.550227242666754 248.3811692141323 
73.7562071480216 464.6401874431546 11.819035588516648 460.77437916777967 197.092452109818 124.37633078451398 262.3519164848721 406.378797973354 
254.88738311221343 349.16145576338033 308.9871387633091 149.41780833732426 147.5007382125224 395.32354064739405 437.03252266291406 485.2240803868386 
146.80535940166237 243.35922951421097 77.34754481521344 397.06909411850205 131.89406560069148 369.47589516442355 200.75686804634546 271.8122718499302 
216.90676461705186 50.367365762451534 19.623191105318174 454.4478192769016 132.3061136079072 343.8014333660025 420.4077101706139 346.6273756015822 
345.92982339377227 12.59715260863741 176.0462623326262 379.23664956574237 35.147629322468944 284.5703121916522 111.96920076032134 314.1041008762454 
146.45116186234785 466.0249347129107 24.5932542888354 454.9198475820185 403.8047657018426 51.36908690599994 276.113402509946 472.4429147691395 
252.08551916074683 96.43304580714812 114.42297812393814 174.07489709983224 346.94040210744356 248.0680842968259 391.98997175544713 172.8782362436802 
327.38883065986306 447.60373899424627 482.517873926379 36.11721925446392 232.4987266565277 450.74199158974733 319.21897350913747 118.399731302869 
48.46418743855773 431.466260120885 103.52836167157868 409.49808861059745 497.412830796738 62.543441287416 358.0867804290526 351.92678755574264 
304.2711078672281 90.19709775138301 122.82029286875994 208.3556261801224 303.0154911919533 45.52987132999974 217.9451265033298 183.93603779372052 
368.6378568042902 360.2733389621284 122.72558858775156 133.61891781828558 286.15306068834144 279.4433588284335 143.81331172430816 309.5420704125927 
292.9768906366734 88.47908997839225 171.99595583235254 228.56527662464342 156.00249443764878 297.44372166837496 451.18343481776947 365.03124844905045 
269.7034467907766 49.8651367421684 408.4597828430936 498.83057111772035 386.5914851006952 148.79460858809094 219.02887381944706 173.84862605589007 
216.35722183453353 217.66160326717025 404.8820605924946 346.8728091731765 255.0217183069442 138.50284967646704 391.0158245089984 432.0380406469852 
