156.05689292054768 262.67844919370515 
517.7691888270482 325.92036746499036 
347.10885394725966 149.3160484039104 
577.2412694948122 197.72955871928937 
49.68776992817905 432.9048551478316 
238.78666239958685 188.39497424731823 
490.55929825222245 565.7899159707332 
360.22778336579324 167.25183358040394 
311.3421508582431 367.4521664083511 
486.93560625097905 384.8408766341158 
479.3378019950403 137.76437138306449 
410.2361992155106 465.28422784791115 
586.2875499642929 155.63513689214076 
118.04156549962772 157.09609131329924 
581.1504030654713 146.63494879870075 
258.79820192997636 101.02247968791548 
532.995861223641 53.197821261963355 
589.8474254023769 423.50330573979795 
170.1051037523502 590.992443562192 
31.29095655886414 514.3509365012478 
91.37447144822802 425.0564659714313 
296.4556723249574 497.23873110154193 
96.11493675377052 149.28771954814013 
220.05119980948092 251.5933269817559 
428.3412847820526 602.8861669690023 
455.1141872369692 394.4846917696305 
481.6448285799432 607.3402496359179 
559.8329020632367 181.10719142768033 
460.74337695321526 557.5513611162331 
45.34596959240494 32.44600040651429 
