456.2241959406084 293.95087828238394 
243.9504592248427 288.90312592418456 
226.94614442661924 441.69625760087985 
31.58918324189957 319.4296715714941 
64.10279489900927 40.45497908433947 
470.58474347399107 268.1789143348676 
267.8897530057336 132.68498200085338 
175.0433684515901 362.0495802660617 
151.91643233521006 390.09135176421825 
269.5651442317953 82.78097759476138 
294.9422041980181 491.6519146317333 
271.6107357564058 199.2907210201667 
417.6430787732986 369.34906606527977 
342.06255313584415 51.50771987516422 
401.9870190166477 120.43601098659228 
484.05875203439626 447.02873225989083 
95.79607999590961 10.065558767367357 
395.1779451048215 156.92645382801734 
170.07329996301968 113.10964000924567 
303.05299502135097 122.0373799926247 
421.6728226756546 268.99752031625263 
239.4917921361576 106.05756297190132 
38.89092768239088 148.40105320337537 
333.18322712083494 156.7742826494084 
472.55651886564453 355.5948914645073 
326.0666155205459 361.76187560372017 
180.1989081435754 115.319973066407 
143.44243813038042 509.8698046121217 
135.8711205249744 217.97813756196558 
472.9027249020996 394.8310751474299 
