406.512081909741 454.3228892144242 571.0151920202762 281.3903413906849 413.61247377521437 609.6913962116979 291.6648482509284 470.16218327777904 494.30250066473434 165.51450485918858 
145.32693032179378 460.30027682235675 87.26585213404188 539.4913629317574 179.26536850441053 574.0210872647767 70.21458651491626 69.8193601499441 105.95905546395741 183.70943426233737 
595.6699262793165 265.1198626292986 597.3971518108283 426.90181499602727 486.5455136969169 161.62720763370186 243.4735834229714 101.57951034924673 237.62650759812777 371.2346462224219 
495.574268930864 400.3657306000736 619.0384764944546 153.99094149721827 466.45107396769725 92.2201473527589 427.79983990719865 398.64139497586103 207.47611551326088 110.22483122156292 
83.55141529535064 344.80706691290413 34.370167064943296 54.0552504466515 514.5571487691097 30.39595862373208 422.4989354858317 465.72997891625187 130.06943051768596 197.83982875540522 
542.8310004964636 287.2331308730041 25.153006082594946 542.7504786155455 259.65107590150586 58.60288020606299 114.06104980799037 338.58918297313824 361.12241481034994 565.080318535352 
238.25735348471548 220.94310591283977 143.79205817603537 591.9118267052387 45.17812052369717 465.0023736863177 22.132753381838693 595.3992183643827 583.8273767898913 239.8315860276853 
184.2152287888947 48.79113870306347 513.2995286655398 73.02947810969192 264.6045481561748 371.60944505328285 370.3230303001146 309.3705637815631 355.57437836768435 301.0044771060439 
291.91865932327147 497.0224588541066 227.73287202646435 113.73289427726898 139.2664210927175 584.9325943735732 381.1539402357281 57.35174210760006 318.8745941643594 164.9781661713838 
298.1075590121909 99.22267109670256 547.1448431793219 542.472981457379 218.48305005481276 451.919867039304 554.4270414953054 168.62498168847915 308.9989748436627 83.63565649672401 
274.6576090574664 518.5382589426026 247.29328327878633 172.17727047520424 216.67508383221198 48.353206448930244 591.9877536947877 411.1488417035054 463.30666524386623 215.11857133053238 
259.8201553546344 226.91206940724615 494.3195775777034 292.98928713891104 180.93813896595987 314.9195062730457 379.33085320850535 469.3436351894023 553.448424904169 54.01413842840928 
436.7693970291831 454.4136793322163 268.3151471641262 307.288994083347 204.98402581593655 188.0225723418937 25.70107918692493 268.1007154102198 121.59133943414301 377.0225668012461 
613.8454252399313 559.8303956840107 457.1568896336833 147.02747618405496 571.572077840186 347.9860320019138 599.3038654361114 42.03327149110073 605.5219041999532 373.2398285492143 
133.3425418153086 155.52066196180962 83.20293089206154 563.9944280390993 315.5145631525311 126.6333675678307 472.95220876089377 237.07161474741199 484.94579543546354 85.02574852654834 
151.90292776333303 45.11740136710057 310.4012777700372 577.973700706519 553.0507738718927 179.31710121789922 317.9363066879624 263.3424240483087 572.5130932539907 286.014302506344 
495.5371435856008 502.0049415802811 108.07471727879641 105.82728805713286 520.8453564253867 333.3050074452519 150.11407168013764 593.8568395626711 508.0592458022845 267.15814293676 
196.00352624491106 29.57912623400732 120.1064156803241 476.3847563556042 509.0775323595595 175.0172995052662 42.181041719716376 122.868768290663 93.26241090674364 489.78573954394255 
362.7395354013713 501.13585459683844 604.4614943069658 561.6005439267258 158.04864413729106 432.9447063224001 169.78942708274326 460.8501550593867 326.3793592382323 96.48531604055759 
235.74930638834738 277.81971223004547 467.9407032195479 223.77790888460757 116.44641770887443 251.1630114633117 556.6469516008849 549.8663891606838 262.9324304559467 46.2157440012311 
299.81211481148944 347.39981801944555 24.773616438830274 91.74384740469739 31.86541864107753 430.19597634501366 424.93696934931336 233.72058198673844 538.1815149707078 159.38052387214225 
419.0880072862011 114.72625150795054 555.1192103974463 535.6956075242595 460.39389058861104 437.5641584937505 442.362422135518 611.5717026746146 340.92556994869994 221.6866907519763 
273.65718010017383 406.5562676319154 30.753039637493057 311.025142861552 542.0382549168647 259.6932498625487 385.82702189413953 141.817146859005 25.639449809022402 502.44689461066713 
145.74100085007376 129.02540977086687 510.1809617634506 85.76377372882791 192.4675534168262 579.9414668158579 614.2279259225497 144.86675807171687 391.1624350630835 193.568268624291 
113.31351730994089 35.37467692205874 284.1302293289429 354.3754141166072 309.02070148696805 524.341410152987 59.04553309302099 579.0204763495657 539.1161289460528 169.80813424423295 
162.5230617572682 24.630621892306806 74.83008155409544 472.46256173372393 480.13086541221855 317.23791292628306 401.376149136181 132.9987655818469 153.93992838881752 308.9621484144528 
27.80439699128801 298.7715576700699 458.70428514502794 522.5351208017016 522.2818141889657 233.33898161873924 107.76520652530442 391.759818256458 618.8936559171849 192.4867326835518 
109.7733166498859 356.49851597069147 392.0596798366986 240.3282660811979 47.322207883041045 20.78335358348689 444.6587600720156 89.07440203332438 198.58753483662383 532.6433377750341 
405.95581173909835 396.06601453572733 73.06522191329725 294.2412374561238 585.4246750427778 101.66372390063405 282.50249265453385 260.9144491807882 578.5607622038924 141.58822031211838 
418.1155029192466 437.7133136182227 170.77721012646185 617.3051429128571 155.1874962645315 532.0307774273449 235.4782571282827 258.04792261520265 156.1408478119781 470.91714512067887 
