234.39915886605976 350.79003755210266 149.02841370594732 196.52211120222285 77.58776345639656 455.7332645339472 170.43002924704453 374.6933602020476 73.53533811632389 49.83713170171238 
356.86181596202164 179.26577981760965 476.1479143759286 299.79511748021366 357.04861032618714 141.64566955913858 405.82018433062535 268.5145481793724 231.7249366322741 222.03853494434887 
112.90946500528759 456.5522960653496 249.7170112584054 432.56513168733755 127.22653446442982 335.5243774373111 352.2681403930922 500.2028787515397 139.24645247393568 250.44257701949863 
193.81073298750167 509.00593514579987 83.7424207778276 192.9311374339549 292.38785454465017 86.05687212681495 21.54595598305597 72.27676299815727 447.92770370324286 320.60320960997285 
40.13630718122273 236.26494308529567 211.57385154413922 230.83187883700379 18.762424827831296 118.75584056615767 314.2746367530348 217.73473481614718 228.8004837884924 15.952746845068413 
87.83464969959763 70.51830351782993 365.05013668751707 118.31633783297518 36.63150112626239 213.01078675872154 228.6725936005853 50.077773348318466 343.201065551953 505.519550735355 
407.47373030395215 293.3037960576841 215.89413803890528 41.59216211837263 424.23524289078426 498.46700283203654 111.80789186824524 504.1341045363275 448.7969876371534 308.4743216959496 
493.19497518965846 270.33630269003527 294.5937660721494 448.1068784215058 400.5536602678368 79.86565025634212 45.349526496575415 455.82434927421474 250.60188711632867 205.77149373365958 
282.63212642068936 59.88701003965351 392.33858161386695 192.56142857561431 509.97187675990375 325.74843255185965 79.39517557547632 350.8992815340679 494.24689677490795 326.6721319844359 
141.88057103769412 323.37866908546755 370.0384596169339 214.5252241588148 265.92265876943134 160.8249499824275 477.6594133439815 192.70210928329223 414.10941347567905 473.57909964024367 
30.558831191693717 18.131558026951033 45.03291039887662 347.2161269598557 332.80602439347206 284.32006360518193 415.1390734436002 337.1516767809573 392.3569931024244 362.38469794518284 
371.0866075628053 481.58952424844716 400.80648968793093 502.02867460956 165.81804846586317 397.2633621420507 175.32882583877384 219.41259205080092 456.5460284840456 147.4258370467557 
283.51046736045623 223.87457850119458 267.8580083033733 196.53806032524813 196.77767848381595 260.4524350055483 328.1426069280955 391.1126950563118 443.1221589897221 370.160889867858 
312.54038842923467 31.16369216347752 354.8280440003791 194.97716905270067 150.62269605216972 221.71584022781954 131.90307935686468 79.48783562502159 182.00117244556512 318.82734004492517 
66.91741321394238 346.15024805540776 68.07144110162022 409.5782964737454 401.95290245345285 246.12154204574648 493.09385971613614 390.47857333064053 413.36618455751835 212.6084447241661 
312.8146901732162 333.74778839232795 445.0685290268641 168.69093389757748 433.8304729285165 455.9208905357579 236.02575996368458 266.5728612209078 331.89916283740916 128.23221156262292 
12.68116332151963 60.212764312891736 242.40072852029908 493.23125964788176 442.00472632092425 238.28793079815796 181.15064937687612 377.0832698945846 165.8716113575243 169.44476421683117 
78.76930663947655 312.0077901102503 262.47318582421155 136.7887271229353 436.81036357592063 108.30820925366518 105.46363310864925 263.566885235786 38.851328672383325 40.44556999728765 
216.54521659339105 256.99621248165766 374.74941553311857 336.6096659863859 332.1954789648171 222.1907441198495 61.26580019533578 286.2405603491282 30.239392778833686 423.1407713180486 
167.26141567308028 404.9537011273943 386.96951734683245 492.69712339292016 476.667373252548 221.3216845008529 260.51754669359593 218.5137497072747 347.4332211331987 374.9658824522665 
421.1799870009696 156.90162881329172 449.6560740577454 340.41096712011597 374.40153827879203 451.5472056572779 291.09378354719155 216.15554476121662 347.11887024812916 359.0484477653746 
63.26524571392605 143.41189804180635 33.16823679314595 108.22169514866053 466.34107959898574 43.968157613194826 318.4599207151731 345.13227191248495 296.02757556610834 491.6257936570359 
331.6225768909826 40.802276452346455 200.6472919850064 156.6657967850869 290.82078966908716 363.54831333018547 141.61925561584098 387.7964129014842 242.4487375174315 142.90260233985862 
215.54196883868065 121.03581258826989 412.40329193216184 177.07043274662854 121.0823020745051 429.98260805097283 15.63949950019743 260.8770964609226 178.8734335633455 156.92751995388204 
494.7117703999984 436.1574506704196 437.6249409231523 189.25913325884912 283.0036663538997 91.54129957007255 24.648195479112445 70.61707792486898 313.349622492277 163.58751847141778 
24.00014516055542 261.2455773075664 117.75163397865522 316.2203520746475 290.4486183287175 487.0005324777749 488.89394755809127 100.42065744789535 232.46232746476213 241.46341684917056 
299.15910552761727 221.12557192598425 222.42860449848754 130.61485503621498 197.84825935649684 163.28940255011915 417.30210258647395 374.5212087611439 32.30891791585499 54.05915393083903 
397.8874700430682 405.4872337210595 463.67340144801335 263.0175768373867 159.9592275076706 127.12787318883383 372.9109389923821 367.4470240106511 115.42190248049293 23.81244969926665 
277.89657981540404 234.567185492646 386.7136113320601 434.93417530788327 107.20018811223629 97.69979252929294 302.65609448985185 433.45834235665393 301.2984270320559 128.31346292231177 
128.95451039135364 373.2021785639556 336.91302737170656 130.90182531575925 191.54993802756104 294.29944152570454 395.1783401218291 112.64798725960122 176.02780798452827 501.30305309465524 
