538.381015415611 124.29647575163949 355.0601917627342 71.19337914015425 198.8254312285576 455.71015393916804 401.7323176822185 582.4233671928379 
182.36088155176574 574.5971951173977 302.72286144470064 578.4679919067111 618.9027728613182 616.7161694478409 552.501896341301 71.6124090235329 
596.4775878252667 499.223700502539 274.24409088401694 115.71315128245664 294.92400630871174 55.165971056712195 190.41344809752346 175.52239415771794 
481.44709467445165 585.0967722994995 200.12284053265805 176.81063912383598 195.36923560212207 290.6657044244529 265.6122691519588 377.1314369386245 
199.4215801722852 205.02031761056278 260.1894993111972 147.07193660202674 124.91983301919186 184.86609192812105 579.9768276436872 501.833056824657 
188.1679421923005 79.02774566685787 71.80778059280905 372.98301649023153 505.4337325180435 338.35579297240275 579.6174849884848 160.2278823649728 
183.83993340251928 81.82216662393398 561.6703817729398 453.0430359410569 315.5145549299811 383.6483932152769 580.9691350301983 162.00916849335826 
152.34422860069094 296.3103735007785 421.1884029542975 249.696666003426 488.6744173891771 274.2632775199602 130.4773631438031 200.94205114447385 
229.30008017402594 213.23047762217385 45.47448451402692 322.3602590447001 470.0905834615362 469.9001586453657 397.87856785462986 310.9365436628207 
568.5927717897977 576.8733629672836 55.919685904810386 281.5416707937278 231.95569916287965 117.70737343378497 103.07368287554544 393.21426159338125 
199.52091054994705 376.89786554715215 106.36420850790725 164.0539202891032 247.42200378675832 129.64398672892736 276.5957543719427 514.56896973125 
592.5372938591369 86.23971804425281 72.86175243175907 329.32254021113766 323.1390997994959 55.935582324912495 153.67116334816654 476.7207592052756 
433.5837220451704 45.1142373623433 327.0376458369596 176.7867382969514 590.3855634344093 454.62380800144035 101.87469432105338 156.76413622766017 
507.0193946335561 291.11273273488575 193.04082278351146 184.39418655440136 154.79428422649758 257.20969699688067 482.37832064048024 318.7096782926921 
387.14316296746887 335.39271932865125 288.0894216126036 368.18977355097275 304.6715558393408 230.39074356754048 344.7937019865762 596.1195752193468 
438.3094737702188 384.96186134658524 46.610205028585376 262.9978325096633 577.9099226545575 233.89168345927746 455.6084789802143 345.83689857556124 
423.6381154089359 111.05564015958787 327.97171694451856 124.19839506470751 587.4947776534719 174.38907316877416 160.21631573295244 272.8085771324428 
422.3176551007623 63.60876087825132 607.8111716209587 50.5969655277778 105.60468029855302 155.52961882064244 378.5406679846813 326.0021185815451 
155.50268776095666 31.82040912326583 52.95512427179872 328.3882045849681 106.30547935124389 124.04219654582836 434.25229918072097 165.41616245183098 
20.804775793507172 50.81313000672601 379.93387396334066 296.213258674008 266.8381199267758 511.94367612002634 417.5805757808048 100.18468094204034 
535.3771558201722 154.3855215493187 597.0896390397338 231.3109451480797 427.5002733667659 574.8384986882721 381.7185015668158 397.77500201204765 
487.593261521784 373.8587023002555 130.27839331606768 556.7625473570783 310.1216692301933 126.31198622397065 272.82148647892586 464.27954297450134 
97.31885248543857 83.01643246054553 432.16559102688683 469.8304923375654 195.1331338731014 168.41739613340576 293.5998633911849 595.8013305826659 
484.77808433370365 589.139134378767 575.1155346609693 491.39069206434516 457.2295278420065 318.2566718318988 200.50519305969323 600.9332226778491 
348.0131312155323 470.13152184669593 327.67455108525513 236.45872260725162 259.6262378641884 530.6551441014728 234.51029912882953 394.3309342144259 
348.937722757103 157.7440214790725 214.64788208061248 105.80962214607453 506.90961235517017 216.92970490274791 385.4829929623991 461.3797469630532 
507.98431384063826 466.8880264106428 60.7703295225738 598.6915447720887 556.4809872858681 459.7509230276453 90.15366264328793 93.95505041357234 
507.34507943618036 171.04476326340367 517.9706775587861 146.63315831747747 388.59453933787256 24.098855723741003 463.67653391664385 297.27656635610157 
202.80662272761722 123.7680003718196 76.22984260934176 168.34473703881758 134.98890823233353 464.3126322861902 364.78469695389975 267.85633313624305 
44.1784278253953 426.28051232939066 458.03275566033943 245.71304303194282 266.1124943551332 227.23367997712066 394.5388587045037 342.54048087684066 
504.3150972990548 541.164224860651 296.41407966868627 520.8899472043519 336.9425881405395 251.4429007265322 128.6699325940649 318.64473955176135 
216.7323164150598 252.14416965869913 196.5975251496792 214.47482109760125 191.39819263254122 362.5913918129998 283.5152644032403 45.1836217971708 
321.8165753723606 569.9661463702485 281.22906346070494 364.79062356376016 325.34662416048303 564.8250547410071 515.548668670946 185.19351738876645 
321.62858248046325 84.36822136830025 119.2038455560795 288.2538119360294 508.2038419551687 328.3028553864436 354.50425327015313 449.1493641088414 
143.3005694456824 262.14582638397593 138.08677703919483 60.83792123133263 563.1285648199616 372.80896339803496 570.0938846347723 399.47514981303453 
311.0271892522379 191.3107833329393 20.127004321829926 320.6310125505553 605.8100630981734 47.458489222758196 472.3185037439982 126.14824122642045 
526.6502614480506 271.3439021788874 381.8660481400721 291.48669116309185 441.8498181617189 206.49707356509825 445.3731632240139 493.3972578369903 
558.8372441358327 149.541460288148 237.3396693634681 327.7690742553113 222.73681249257697 481.1942085807412 415.14577215600787 257.4939245103159 
140.85341925842687 203.4554425759771 144.8735699154169 280.1913641261177 260.4166425820342 247.83027739365747 550.3096692899107 555.6385228457863 
576.9279029371036 269.4273412788808 537.4727723426121 582.7482190545848 300.4543428890034 591.7773789918024 297.00985032026506 265.93913349939595 
557.213315459927 117.21597579884225 336.80478085154505 360.74189948792304 353.7910147347332 367.6738803869038 247.14305038990497 538.4846739434332 
281.3392942044723 170.7188632328757 350.7764925196317 59.90215825734165 387.0941394345015 455.69273627147237 540.2314985371615 197.51160202296577 
390.55969303270166 374.7873943977653 354.7048273885235 496.5997720037906 371.7016516622164 313.90353593989994 298.89042008251835 314.66442388992425 
208.4935173318319 508.13581982033554 356.0811802576155 429.1540580304095 391.15981328105863 326.72832664747773 197.88937189133338 253.34995714094944 
390.4596885785071 442.34388923106127 342.9295019527709 150.23386249162004 507.3548384663343 49.49118211489446 66.80722722834656 484.18534468865676 
81.40549090478336 46.95328314181737 615.7582827615139 600.3524893054399 85.23813153973856 449.0614670043851 226.2809756068611 471.53972548900134 
282.4287756618445 240.65785885950822 603.106147462045 102.45636862334314 476.1454727911573 240.59095382972043 257.8482437552841 331.1698616380848 
525.8939373924967 88.5875008292054 60.68129887454497 417.6073352175624 559.7098348932727 420.3446268971487 307.3835779341601 558.9492345704307 
559.1416835641821 445.68590164222314 554.0946445318745 221.75881629917615 444.36796848977326 494.6251956290324 422.1284920740477 130.69118703366962 
136.79237007474586 46.181893729521576 325.18671822838195 303.62570971990823 426.4607077833339 504.7914379695847 21.315196797619222 473.06554310539 
