325.896264017931 340.51883259618023 121.13868315961956 478.7077370940165 420.1190266461041 339.1914551382806 219.64685282118657 151.8160930446783 
378.9978679140079 145.70041978969073 459.53674062286166 275.2440876147434 94.89616862417654 467.4220353858431 285.4042433862249 172.97369203251282 
448.44017255796695 324.8952940928903 385.0122304705761 269.0703073881909 42.089606441511656 333.9230367618463 60.083365945545744 448.6567093061172 
95.35988392448729 102.93800133526092 298.7836199572884 464.8157063429689 113.02396842579891 138.2118910934777 223.7246605576823 346.5001303927561 
62.622202530924646 274.4855566866877 214.3130956111826 387.5278404689226 422.6080931133426 273.5985069709279 127.2747672246221 421.74016070398903 
87.4581400726575 358.6957345608177 164.18225830441358 214.4017133338229 241.07400706094472 76.5901418976974 59.813660949544314 424.9198924183273 
434.80496935302483 505.85855002067154 390.17080726301094 220.96198004382822 231.4188888034137 453.2494752563835 423.9850011142132 249.04813213249886 
401.3498112331453 405.9808609059913 66.53844770966555 291.6983287363595 282.5502387488241 132.50574425420285 69.62950518622168 66.21134085254681 
40.276339975168156 449.3241018581966 306.5098023472686 245.15399117661568 188.1340948240474 296.41899872760706 35.62151439414878 403.63868259947157 
356.71458835250166 388.89507946243344 201.96262098113914 223.46737873243865 421.1464913109376 337.3975828394081 449.9086880406962 409.22022260760934 
223.89394565927915 254.89001104593817 146.31891947619877 396.3668027493352 254.12792617988345 492.36857917280304 337.75478547560994 56.478256489296484 
269.9991958821585 271.091542637109 190.63938705051163 229.61837245791222 475.1410269105328 103.90152442139299 88.18556180542008 38.99170703588327 
485.7297413207781 23.219040383215198 182.92090171770647 67.9269847320497 449.43130676627027 258.28519923481 328.6378630216745 104.27374139200056 
302.5619334257719 129.23189838171578 440.5970607460234 282.2904764783263 276.79105995122177 50.557473593500816 457.8117752613457 77.10240371211268 
391.71452203021516 161.58600076092694 206.24199808017718 231.80684652443983 294.6263770233349 226.48839025189164 86.72592878224872 322.30449054206366 
433.81721924921067 71.4433342847498 136.47718697752288 289.93462523772024 176.727299189986 451.5163111612909 137.9758784223731 396.9924193311685 
109.2824488281302 364.83471050326324 74.08145510123192 185.20641050018438 377.74105560676105 456.6372125542053 353.19574308235497 142.25435457045953 
59.38010585086816 280.77559372389334 353.3040816853183 406.39546200671657 173.3484768116649 311.24704300839375 458.722787581412 464.29734196263786 
68.01558385313783 221.33509068251183 388.38104010144997 422.1354768209524 46.14351351424666 72.93731957930248 239.46527843757963 55.0436853170198 
214.210797394618 183.65801623278955 295.2543522999325 464.9934456060294 167.21587191550918 64.24374965933454 270.9733788789585 302.18033147618763 
245.28842733265836 443.94015798838143 296.4945886524782 129.9956603107189 223.43676928389482 26.34800149853316 59.713191119392434 138.66144581357125 
420.75922861006114 243.35657973046287 159.42644241624458 37.606824882166926 340.4478507655402 399.73264946371154 341.5439645250279 81.66410007086348 
76.91246388687382 225.94308651519611 417.45752410546373 311.16236213749943 351.3531742965417 481.78917110144954 288.3983541877563 210.99712096404227 
162.1095263461276 378.43087010757796 124.6101634291159 118.75371935390798 161.11438655181314 211.37912639011603 373.16587519186044 336.96297662342164 
492.7806361895235 222.03419690592867 393.256408784453 29.566907270503584 456.6489595453738 330.34842604866185 142.77941473812388 107.67286850579326 
480.12463690009673 506.1912314892785 465.0561833281771 434.6741123144561 12.631610816647367 171.99474478153607 149.50493996114466 305.8149207452407 
77.51195460179548 154.2580293152654 65.0984597895347 282.27846773309614 342.99877681761075 326.4880608332746 290.43429340643445 84.87548556907781 
198.59073169184475 211.1556501397695 289.2456514657116 377.411897950303 448.15630713885724 433.24431812747065 305.18107989259374 394.8135685042013 
356.095959657251 42.97035118009101 274.6810815637874 496.08615908175705 407.8902044859289 350.2521476601932 181.77974534140063 347.1884292532125 
271.3618606698974 38.50692335160748 403.659616570927 63.89691542157615 69.9805109887565 450.35289029172037 220.78776189413674 269.74023530572754 
204.53729816810335 62.79518920436038 290.4613854217121 149.0810493407193 84.51831476717591 294.47350742936743 507.590878335957 200.4238912194568 
255.5044138650317 412.5495917790569 301.5486403419677 20.02696990387053 33.925940082454076 431.8128229109527 42.9116034663664 70.89598024111802 
385.5002490400773 23.581885558357044 358.92574819321266 17.238192150994138 408.68016833792433 76.98075708748551 281.5206802719344 329.4548145418927 
409.4416593123289 180.16702264570327 276.7023011418631 489.74987784446654 178.7386352150515 414.0907654466226 329.15184519918114 253.43362759503873 
208.9532062464306 476.36209633595246 380.85932802673756 45.998661782040806 210.66937041731447 277.8053662928939 47.61954842737869 201.04689751978847 
416.09829773703444 279.2784277594862 162.2187070077019 369.14548427887144 280.4834092413904 461.33475375940793 318.1399294392012 52.68978276508023 
317.813297775071 444.30682167683227 212.61559695622867 346.8515900060821 432.1705914596403 401.3886488879373 212.8548280970965 91.6906664078334 
231.04496694899805 32.295875939797256 194.27407012709673 265.50768946058633 431.9384171287345 490.08117643583995 324.55899886344264 74.51687239570208 
98.59083507496457 278.68347500427143 92.38586042955315 318.9161750327422 68.15409716016052 263.7888530914908 504.63036052642553 240.4334680526304 
55.64280770440426 64.5813594612869 500.8922086714868 181.42651460642105 46.98967571803219 218.96183238454597 259.1634490697013 10.615193825402594 
217.03387612389872 139.8128796197477 191.46881595248388 395.523744460394 233.7702952247162 504.88811199310703 53.30597310300588 126.71153144705943 
435.18794947376125 347.9038102062522 215.71405049208707 323.8700949986485 490.0256002489861 243.41099774571722 273.7984457766785 478.86490679188944 
278.77277545772864 103.02631931426497 290.54006889184177 415.79975303492614 356.2442392985099 225.59955982258012 99.71703846642198 373.18197899322223 
482.05608002892166 368.89610277850915 216.7672429866098 38.266719653287474 330.33152784660643 235.3723903550941 31.419458787913292 488.65811640686195 
114.96469135878527 389.6225610399994 80.92163524012123 121.2458344252198 491.77019436217483 250.07429361996375 327.6940205793279 273.554891782096 
223.84695728810337 422.51214143629585 490.2356009158589 367.5868803016116 221.48426522215075 268.00625527988615 101.11179036777916 31.23084623473065 
192.93811725867076 222.82486454342913 90.85152819914832 277.32183250952784 267.40612203410245 12.9084410763614 321.58194070483194 445.42527242770353 
76.52894537529791 30.48383712911267 119.22869764400022 236.42527008023862 405.7465860826453 265.3963702609499 478.11012038128706 294.99512499268957 
151.83741500369857 308.73806091633486 236.753257219416 420.0278345245004 447.96825714238236 71.35018553387911 148.7600091592986 108.10514387438035 
442.58355254232316 484.7781832547548 397.5513613839297 260.082873490833 343.4618198100186 77.25708281993542 228.81802349421147 505.87097825588694 
