560.821995725589 251.19298116345928 197.9226505296391 392.02102685169035 162.05828926124536 
144.9614676677282 506.40101332910916 452.4182615078977 512.3997193069245 539.1434050957789 
240.17280390111677 560.5967898088479 26.023777671146036 428.02779563666473 107.51779448297634 
335.5411207364015 288.39336706645827 405.62018680980225 156.1693657403528 329.54250584662856 
234.64333274705973 507.8322393319127 591.5630814144268 393.3561039595142 228.58954117849296 
305.8798676395236 56.254668604034364 321.8634086308719 200.95422126883267 146.98348363578896 
204.10118738501436 551.3339305386925 155.4013932143269 188.46446655154753 352.7991220599952 
229.37967317579816 100.97606025577862 21.33114362021718 348.37322691468773 328.6962375188377 
219.5411001573343 29.448399986096124 525.2096844303276 425.68428629047025 426.8052500720228 
380.3845020590099 395.22758317192176 115.0451811330332 435.53634959347477 294.0289353401404 
249.78219730601833 581.4444473146189 379.5532311878189 385.0749526906863 407.8940615566115 
199.33687481550737 407.09032892787 225.46063853853747 194.39743531160917 382.0469506490152 
202.12845283813218 222.86221628705252 81.60185911582982 251.19848043853952 142.2856880140251 
261.3333641879879 378.06085770884016 247.58707175311582 551.8621206337123 300.1842445909234 
198.0411307453807 154.58914499828833 458.63207733468886 477.1940967678523 595.2862361828599 
555.201461759346 412.97769183221817 212.25097752587706 294.66851427536443 93.80461734665316 
277.95754336630205 157.5125758025986 205.32285929766255 263.74456343604896 448.9040601548677 
190.1817525123656 48.856234460143696 191.82560308369753 111.14358890205236 593.9905574943876 
586.2266131340931 40.808892715924614 94.43259555149773 525.4865312930699 476.8850675046588 
601.0099514879494 32.704090558516846 611.2149497442572 353.77480847031654 592.0891097940372 
