298.8542426970749 104.62475288959749 115.5807783689865 464.0319688607486 357.8620422126251 
208.46119703098535 287.8770771177991 10.86522098293318 31.62354966317087 26.286358842003523 
125.44106086272137 361.0332716453962 289.37595918050846 57.21998346774736 446.93409797979194 
296.0515714628851 257.35004997452916 90.13554565193365 438.7084950651291 317.61709320365236 
438.085186965689 49.081585328360866 48.332240557288344 231.93649609411398 380.2144303005888 
426.3800224958843 173.31011538942298 432.08290683483335 269.42259274732197 305.3545795492238 
178.20455076632123 442.83431604631187 36.28056266705103 99.64250070521074 398.35924994559 
417.44683659486986 201.6590780104702 261.0426035645355 413.42873432593166 400.8158709458709 
305.4248033743271 332.85287107505314 498.91688660113806 298.47839301638265 389.12206320472245 
350.6506450137402 288.92765500803847 115.90932834458971 128.34340728261967 217.46856592342655 
308.33112181218587 157.56536098263246 335.491858664091 305.31942865481216 157.54782811332757 
500.12908014967286 178.63819529937663 160.02299786705598 258.1548077088933 179.4067689748271 
87.17638744947547 311.28797126389816 192.51611406412843 155.3328191472823 439.9801509688623 
315.0021758967949 295.64125214891266 244.53401047330345 256.76392856285565 279.6841890373191 
282.4744668279548 334.9067099379619 238.35129261584336 254.04939071920845 318.81805742053496 
321.66011378729246 126.55398111605237 477.64371023283115 69.09289735919276 329.27871761387206 
479.3646161524238 121.49806994715928 379.1391460243077 408.8570746315906 82.16630533341001 
270.75674776382704 377.2604844208737 25.260001045575677 340.6621569768018 26.23271745771937 
401.71479844447833 273.56135948355694 126.22800255266058 226.84313232931285 287.85454827053024 
389.2145011635365 169.3911821398202 419.87804495082645 173.11993760355298 241.40753874224245 
