449.59052501464225 403.44318239615586 298.4568670711411 76.30940455733375 298.72532525508853 
271.6026746712398 274.57846058270013 418.1483373144945 174.2931988496816 235.88722264465756 
38.36873621440979 592.0196626834922 126.86979082796972 31.242049276418122 290.18330518626135 
506.75469014515704 157.03485336497633 612.7425947082268 322.00970132813455 411.8047194731744 
41.971956056551775 162.33035354730902 596.6732610438646 81.09483681658892 233.49155379162949 
125.37043520642848 99.63825118664968 246.6212160263886 567.3210794151688 54.374673750038994 
278.24794444960577 134.1359360779761 273.50590048397714 387.23401758402406 533.2473977546304 
103.26292534516446 527.7648833051151 37.30394050234685 377.4327092393049 544.3887351234702 
133.64429180037035 422.68659101701684 126.27048697325534 334.67207949376814 275.3137688568504 
112.05356900619324 535.3312915926549 105.51569640258714 230.84814111822465 414.3529080260316 
149.3807815139415 123.8443821134909 285.838852991197 389.7440495030823 77.97229162299345 
139.53294613080323 37.17870376651176 109.10466878479288 262.38474844442385 301.3277912286268 
226.86368915872677 539.4530185655177 248.74934423320025 593.6059059195479 195.65567927858484 
582.6295200254857 232.20914568449726 596.3150231698103 596.4497388125657 344.5813610774417 
86.95501053016086 320.43869246221396 157.18964707986416 62.59395275782243 246.98180443340667 
21.329898314117408 33.175696432626154 467.81281987289714 52.40852837859389 42.257280805835045 
38.608143385405015 310.39987081404905 126.20620144620298 90.50728277277175 597.2104043507159 
124.66754665670715 496.1772030471728 498.3864088566896 401.77551788814594 461.53493303790316 
127.02978092592726 371.4669523618854 322.47966583055825 365.64924104964746 77.39162123122549 
276.42024547157337 253.80661047097377 224.5166735878726 46.60600367988364 470.7810346394107 
339.9266926521731 66.9862040935456 426.15455881190843 226.98674613881695 168.3741004211081 
138.4302796553481 520.5501369510441 353.0353732251271 471.8663794255942 529.965953058784 
552.5437030512618 362.1058527112427 28.10962202412231 389.06027246683084 217.48886986120527 
493.48449700892957 397.4333286380055 388.8637775338187 501.70804170164934 337.14140755095735 
88.09862418585789 283.61574735336984 29.70357118161389 364.30044011657697 89.12352361627994 
327.46492834267667 155.0580844324717 216.34673291214878 260.4690500781554 484.0495796889315 
159.8673816560406 354.41522934862036 420.4299131554767 504.18055104914055 77.54981375614278 
22.004157193833688 320.073608820635 498.97114519251573 603.8759754734126 222.95720449539755 
44.57157253716831 585.7574400435432 511.0622805167078 167.15804549806842 131.2660460002274 
134.15300609920325 529.7722188777716 386.2810240066003 244.3167762137256 289.5815103941592 
613.8691613358388 71.94176811741396 195.7708542349103 401.63121004261404 452.7643638173401 
338.5914409520318 52.89971840800705 134.57496511145257 46.20386227380902 63.49837002319175 
421.6470093972857 587.3994206958466 306.3382013157901 506.1608537439026 546.0309933871608 
300.6873321687656 201.91848610017897 259.49491006209246 413.34532569629687 177.6966700645244 
309.4628124674966 35.140582446834756 605.0018756436762 296.98012541028976 586.2364977713078 
335.23069784890293 382.8595056130078 543.8890498266834 129.89017186663295 412.9658393831336 
50.88227928427625 338.3053215712976 239.59919093269784 474.33911990131566 581.9711305596037 
85.94501538407125 243.5484112451289 223.35462202109403 249.81256202954452 530.5776042368043 
307.6058258060744 203.08334558946376 155.58818545991335 534.504468027746 390.0289355444698 
534.9001392260354 89.3889368958194 564.6403166241299 257.04762174547994 208.24570279380796 
516.1774793496692 111.54159286623369 224.16718131496478 223.2571329722803 226.14283577618136 
218.72515448180036 38.03539435601216 238.61087973356922 339.2907518901328 249.62146592728865 
63.717209667463486 126.92190329109847 304.1137912967426 369.50565721931656 92.22102045948735 
590.0427339186363 480.18456861309846 369.750434903607 233.12002201881148 136.60611245053866 
244.51627057202867 611.7444391532629 107.11262808901708 274.1550703231665 511.5338931385644 
217.82008131751152 503.36557627930375 318.204238727045 506.50013452402334 386.5341206366193 
416.4834891607574 570.5759372756943 382.23952859005277 459.64524243188356 527.9486510036313 
369.3549703415012 419.0048702863709 318.1320529485931 346.874744462931 462.8058468674488 
297.3292002198113 34.595435766133406 374.91835633964484 109.59612381730683 283.7076458675696 
459.3888056525315 410.1918492034153 457.6696382469343 318.9524178246954 167.82031653632686 
255.02151082200533 104.11346674009359 349.0649948481753 545.7703940701734 242.3946988827599 
88.36218496644884 588.4691134823832 341.06872545498135 345.9396381415614 321.08331527898116 
555.4483590997826 157.97417981701557 388.2816634804005 201.08772733347126 69.63205907827168 
322.10152805620703 412.61978505613064 122.60866060021254 151.37332412289354 293.13865450516397 
432.3671410337619 125.29309351747145 112.86289822016296 152.69817849096816 123.69912915024426 
489.24934720392616 480.82259617750674 44.64689650730079 375.8531089375239 227.4945635429821 
540.6220831133876 195.25714637326297 364.02323786305874 378.14578909400376 441.6627703802572 
90.52373207420244 159.6942751020471 548.6985326311258 553.8724884085948 337.9899339859735 
443.258153128018 114.73646070945819 515.1548405942772 90.42679303078965 33.75698543315001 
25.415924715764532 559.6367958995277 458.70893865624004 500.5962256283452 118.06925649467442 
66.55842876003427 491.2311536559761 272.07191892567766 194.27034272322845 419.64854725277013 
47.209048541653225 405.55558690965563 59.70646429864952 216.82978284097914 41.20785520035131 
534.1805569598147 480.1999511452723 420.0971285200184 286.2429762976103 254.87357674442237 
556.2235537689064 585.4135299729595 112.7960632318433 372.5753329228289 368.25317584188167 
462.4663064532681 491.09035297757873 365.4937189465967 495.3017484476436 404.12817140635246 
533.9690768564283 586.2335739149531 358.9780735524314 175.466616136255 607.720604518008 
463.6465809125073 495.41423404862417 102.14534159265934 428.1940780551799 320.2452121876647 
207.4054828739049 248.06153287692518 469.54946328639454 170.02431572236455 199.10623090257155 
62.062782241729565 162.98549149755567 411.5341903184395 145.6259611765243 483.5872718987426 
312.7894142058391 481.0489270355036 499.86877410887854 447.07111628623386 507.0523169291365 
80.67363611790341 588.9603867573837 274.9664795813851 450.3936954764866 546.234422182256 
202.60622374537175 599.2143546981594 496.0390273321199 469.7948385618186 25.72443633846076 
601.0155703816718 404.5941712885815 241.6425539391101 617.6975721913568 108.74406910210362 
306.86027872772604 326.5899398112879 390.58666521775376 43.84584801551921 198.03295582773382 
439.43242367840975 388.6514368052351 54.56752075800888 440.6294539722584 334.4082941473421 
421.52045382410057 127.35837066779122 503.4877125764723 73.50372684552163 53.354876537492075 
515.78927652676 514.1807946776594 188.44673968907387 100.34966421348442 476.83262728526853 
152.19075855218875 501.2338866326315 438.9158849575598 54.34678120522323 360.1854118292045 
118.03346550058083 276.88800203647946 299.60885060915155 300.74193324833686 61.30882998000902 
590.0997072160509 468.7395867173862 135.86098287535492 555.0057736000612 176.67223149833126 
486.8641502313793 556.6151205201778 127.64755342623728 331.3588155394742 318.8523767423982 
340.2752291670851 248.18144529841612 292.2890421459965 36.482434382326176 562.2586782249277 
159.42042963357508 562.4567891265913 321.87163925801366 240.24313351354888 323.92394879582383 
158.29569712224472 297.01797292837983 137.78947610296893 47.16126799949701 387.6857005854109 
519.2962686313883 404.8179112651302 192.8013941589679 309.73446735716874 532.752784863684 
82.28073412510179 454.97312488406305 378.67752300088193 315.0417351590077 48.375712572136536 
602.339177564393 324.24074887909387 109.84779218151746 333.64365683549136 258.8278858048591 
270.8090793060104 484.6380947469994 282.2940960522693 335.86648021087655 447.74501970707655 
403.5876551886885 587.1027161688113 380.9595346628905 393.2008781732252 255.52177167660494 
375.22427833722116 57.45638497235204 503.7684172779238 126.71941890305061 72.26481072935172 
520.3512485802262 532.3095994975273 558.421047399583 521.9569940955093 402.95985666054673 
586.3122359210736 578.8848855975175 388.7820467222355 479.31619764998965 129.11437699292156 
549.8352508931983 20.882373333246633 617.133393672351 236.34099122381437 117.1467179609277 
300.60835064311436 386.1721077132242 109.89686449108231 305.607851740471 160.04325929791213 
436.8605253655075 601.8593955036704 347.60833099028576 188.84983773042356 114.00954592949651 
50.61500100563743 385.5931206595591 111.78252577866483 120.46690929345989 281.5829627560023 
338.12750555915704 263.2088691249699 595.5540408999501 574.8704700917199 369.4167016990997 
535.983995942198 123.12935463479076 152.20243530180596 152.123790717439 32.02190055486469 
134.12181829573592 485.4701083106443 263.32978764546976 191.90717281050667 118.37843654112245 
79.24195613978503 203.47955614171133 530.8910823126671 410.6694336237696 329.5808291759187 
278.15719815530815 258.61568750325165 65.69496515403368 411.51091100677644 332.5349406053242 
609.9096149950858 286.937011557169 97.47844256019914 478.33902533717156 463.999541240644 
24.200188591586553 159.14967707499147 103.17645059906513 179.48081183140687 504.68537346232233 
354.8901862789078 602.0662625247211 522.3910919330165 212.43969861202496 555.2689251285516 
21.019294039022945 514.7309257151769 381.02680725342344 508.9310011429508 352.5099110920759 
580.7746825390699 414.26108812847673 501.1828462582338 372.68357870175146 118.51582587576115 
599.8496270959722 507.6335450101884 460.1441062234852 373.5902196468329 230.7854991554587 
395.2360303831748 386.1641205768762 243.0212336171302 399.33649166680203 273.071995009489 
616.1627564879528 386.1303133570247 478.47265438548334 245.2241262396366 412.2940811842147 
569.9568881627931 255.57652120376702 168.07957088214175 576.9901397833039 526.5312690414678 
33.2799222486164 164.40823366300194 227.3023668001827 349.3443520342302 162.27096747593242 
396.5598017923699 539.8850667293846 206.35781027714137 420.9149371277094 551.1230773368306 
356.4647225382644 496.8986213657177 406.53295076432687 237.39156789938298 489.638937845826 
129.78153742622737 453.1820563612557 451.97889495375296 118.84863304225198 350.0034562189221 
340.7805977713529 411.9278853985292 616.3674575859093 91.35314421388732 410.422506512372 
408.65708896203006 493.1519090928511 182.28047113040273 250.7242554814564 485.08840373911016 
104.39616168872428 282.3683967741218 470.0483932474933 488.29965530882833 104.63509870845138 
176.75199036236924 619.4471953574208 600.0457357182628 592.2396192688223 405.82780810848396 
281.1703289556205 397.49230424358757 233.14757521856447 357.5976276235585 287.5802146739873 
46.505446107323465 203.67447504625284 499.9901644198429 585.3188703330997 179.8413849401929 
542.247431950034 580.5046394340636 409.56994276382 162.5798195100786 49.90619313618499 
170.51972897760714 583.2597435821926 597.1445647641174 229.41510753009365 281.61198507888975 
106.04091923104266 470.2554566267355 102.82953369055149 131.22714586615416 347.90271864263923 
494.1551603665242 97.36074627662357 85.04823173103505 312.2513502550311 344.4544888172387 
339.38281156554837 353.4042447821382 183.30436938467201 446.94035753379126 446.4253428494348 
169.06307675633127 522.6427530908344 515.6896389516996 256.99588784115724 523.7524563080365 
229.76445601293437 394.833109686084 488.0755683445716 490.7527241285065 131.4831803121874 
506.31296314504925 60.13193442582623 110.9050388276066 615.0161129655818 555.9777463174171 
179.4924700566094 169.3789763736709 469.6043322511524 100.35844771950087 217.92290469108372 
140.54305896872984 51.509793134734075 526.4694478393953 579.2537364549133 528.2820822773617 
37.23236540940931 346.9782155256613 292.89883083549046 379.1050585184122 379.7909818193267 
463.08731413738616 24.109934175556184 95.38729118031347 32.912428133634066 197.47261431354323 
340.81074681225476 26.090600034924076 557.9715954737383 449.621362115249 226.85431916789295 
462.30525244375514 78.52698166949295 475.91395022501246 381.5475184524562 414.95744528791903 
197.29516807021005 146.79308118970707 395.28644998355844 502.02605891855563 40.40789318320806 
483.3640496919559 41.14629021123528 422.61247828523904 343.79579378261616 225.7699445953689 
72.2696076782353 245.20710876180544 446.54218005128905 135.68552010006545 464.89671393983843 
487.49650252651054 606.0508483433291 485.2734696986946 196.88187480469765 315.05470066421475 
599.8716244654989 134.9467852141612 401.5390446201364 536.262648732977 129.02735049237822 
352.2811715377339 286.66102995932226 220.79934907728295 87.68607506877318 474.4208730133119 
558.5557409633996 519.0486121006376 314.02221832876074 266.3221994812612 440.9431818861453 
609.7649490803421 387.1104847959226 577.1779246433136 328.5571117854816 253.34263414007387 
584.696174694743 47.36676876601727 65.29508502393634 178.03148243343824 266.68575197434643 
168.2714826010562 386.7604672462599 76.44317992913173 99.20140441116637 547.3092840940454 
217.04035554335837 139.6917967875035 284.0432618667427 580.5185536804286 59.5631370515499 
206.5124493592578 308.4030661817678 485.0452581081344 271.87927047948176 354.7017383257353 
479.67316888895084 193.8732991582668 564.2092527994807 312.22357485399556 260.194377534571 
165.14194874944494 611.6024047695066 615.3244290878406 566.786540202334 508.3946785557764 
619.550209534714 191.00155473347124 549.9056527799564 380.1027825525471 232.89803019977333 
191.1679871324541 517.271096930145 350.8076491144225 327.8989182692138 55.858042924277164 
616.8069050651039 396.22551470403545 377.2532181475322 132.8171678650033 43.74075416355459 
114.65822944032742 427.977827117828 130.819749145591 486.70434780093547 123.0541035129792 
81.94871317269599 234.05870748395256 277.67903575326363 134.06224403289156 218.96063505275518 
454.9506954406924 60.63050488891293 166.42439317052583 152.1475640485327 552.700399837863 
143.67601966987365 91.04790515982944 455.6078189763075 594.9681457695926 449.6282382017301 
65.10352880273271 254.07747199816154 589.9839469264048 329.7592117940229 356.49203091294646 
114.49587129395307 166.45237406566764 455.6283570417695 411.0230457021002 229.30695895486548 
28.591524930792694 153.818102267125 164.65015425451128 531.340288220776 463.65008747201165 
498.4210822685756 153.1058517848754 530.1152172654201 129.24616859165664 226.12246251724133 
121.28020565949174 409.41235799518387 297.8716612197035 488.721253336635 184.68683952357287 
275.9557078916656 85.90586217563906 407.93439637113073 345.3601314518698 599.0495746562791 
144.48211809276012 347.32722012893475 314.52728381690525 431.0135741655455 39.551314678976865 
566.2141765449156 544.3991036182133 348.2599858389281 498.485785424553 470.3735492264011 
121.4230481488658 402.8567325168154 250.567629374441 224.41979051744244 523.3425937897539 
324.42012142901007 138.7048665541491 40.6774686172972 392.4063978712859 362.1807787542178 
329.7196039510804 409.40026284156124 227.07114599008122 107.06677577009468 600.5515467629666 
85.17905531692718 44.54176482669254 583.6475802600236 27.720862412446337 194.3826778974036 
216.49287944089346 51.782513781445566 357.39404049344665 178.47514354590587 230.3150565097632 
507.81765691595064 83.39660862692452 238.0530595498495 478.22978848102747 25.174833932125477 
610.5162713957022 492.4470384036123 326.6168539842037 224.17632840871755 430.44034574699873 
419.7308439596322 267.89779042493876 110.94930546593545 187.67131484224947 491.98193221881434 
507.3193420928553 475.2535429786157 262.7640831701708 270.6372808242061 486.9804721867976 
587.0762104906108 250.22872361022488 576.7881174547815 399.4468870244125 281.83753513259285 
258.44255407229616 101.25741883155473 493.2966206068211 274.051061970188 508.91532992938863 
369.30385758808507 122.94052498730454 289.2822005631413 62.25096518605922 124.79595695888675 
445.06150518740253 154.2489126839227 448.15009163015554 548.7001797116394 414.0160535367048 
134.90819274333788 326.79662304141334 276.7268051540241 478.54196241286974 562.3722361046908 
458.97252194577254 130.97721782307153 332.11598036452267 336.49780825326195 612.2442802057922 
430.43638569192467 619.3050715464992 46.992803879965095 180.56489519362262 295.1544063117576 
50.45513732740059 601.8836206046551 44.635214935137405 108.96066179529176 527.0607840030048 
403.1870994694872 350.3682059839121 55.55448341139156 30.160125115603826 259.6308402120821 
432.8000934095761 392.81601421867697 574.0981173761908 176.26558533436906 62.79192218887849 
280.1811034524103 478.00242315991505 510.81343180303026 143.8655206764294 523.9237735710974 
357.31526727929287 336.595711918913 536.5173930917178 155.1903037834346 187.72534806081512 
401.8840384407805 37.35443676274835 305.62846649169416 343.84330172187805 225.51865501410788 
90.39514964369617 195.4556967216234 464.9646593742751 618.6374931129791 157.88016573239514 
198.81001260689888 350.2637911808243 272.35983961732745 427.9357883754066 101.2273999429867 
35.76296921635125 401.268333628309 86.43427414986338 614.0894028825253 555.4199586229827 
382.53313852952397 530.3947205941209 160.8846829609152 438.6779601569322 480.5218156718947 
250.26816295491457 100.1283198166715 546.8218456881906 296.73891109280515 58.45068404922096 
499.7824861551192 600.4841834148704 334.9388308211424 291.3684061590771 528.0224714856646 
300.6449898832694 421.25574348759557 562.4778784849125 275.1915307190303 95.46879945271729 
269.1945104749456 193.5258408343545 371.78858132851855 395.3229927666199 429.32593976321516 
601.4119709493805 117.33227433552226 588.3209435763264 213.5306363956613 267.9984218051892 
384.9452795390663 558.7338226612204 133.63476807222185 70.20984122028382 316.5026187036351 
360.61489088291205 344.2817371644519 297.7677829291528 373.18760549312196 448.97980272219695 
529.8834576381714 235.9030002913632 456.2993286831684 220.88694456164012 225.4949465459143 
540.389616725072 563.1553223763494 568.7613871769776 511.4559688085349 382.2448205009626 
192.93320329027736 98.3061414240682 371.6436371730416 89.43775164918316 67.2950216610956 
613.3447480897726 355.1794601968533 362.95153706932797 280.6380566586014 419.93857349875697 
531.4348340228657 94.5419940745442 544.8158877920865 352.12298042540056 278.1785557321397 
363.5369271673684 543.1733525037329 171.60562520339465 392.7102691019815 140.01968579986737 
358.73927060248036 343.77118916301504 365.8233445603048 571.7407514534981 491.42065749391446 
342.33581764039616 608.4412963890225 82.10109778718225 529.0420252271444 384.99525729405366 
370.7711093272577 456.5510698372682 487.0738285903465 452.41047012235134 243.81751951259199 
444.74853048822484 581.8935077544459 192.8743170561527 283.1018498989063 355.82009619366187 
152.4229835309372 465.0031744569729 544.4291366349977 474.06907158572164 194.98646354501818 
220.79714345009685 171.54749970004536 272.4739720076629 326.2321158766946 581.4128361223845 
325.543105359803 151.3212838408171 338.9615265855601 507.9920632381027 195.8149732529321 
379.31623990202775 465.71058260852953 419.89066231235995 82.47294437891154 464.5154788298232 
614.9255668061257 262.65079516583376 490.00285269056906 532.4250394000042 194.57826310879022 
278.06079733817256 122.0424445504341 438.6078492615386 288.0637378394136 278.6460113017746 
617.1119412324609 293.1440740968268 497.2245459897233 578.9347082050683 215.14297201260678 
224.28831235364336 317.3452743958844 85.84252561664736 94.64948245716884 358.667327888249 
58.9609157810944 400.5193516557996 470.3846270843112 345.3620508571229 81.32306160645027 
334.0024003755153 291.3271481896749 301.2175704892458 252.36749263448777 189.01909138878278 
128.8411114307018 404.724935013005 500.02699868447706 510.28369765132305 194.8528084146018 
115.81849578069533 469.73316294606957 555.6313252177429 579.8883526677726 548.9325169873721 
52.950928919333286 90.33302348136779 150.81602510075837 476.66076567528853 301.5895199448828 
456.9358981687686 298.13685511342396 591.3629598828661 193.1336143287602 422.9717618486931 
72.66731017014708 202.0616957521146 461.33854719144904 458.8782702223381 601.4578526809534 
93.97360181334729 57.3331425323377 448.47616389128984 222.79107161551144 228.01868547793362 
355.9740673384195 584.3464163485748 330.1031700376511 307.65126680041277 572.2953604023784 
350.4510911734314 64.6724578727947 590.3565315959357 402.896942742229 244.34149012817173 
146.91883226164026 471.1563984877008 257.1158561649744 241.2975515999415 286.1577383502947 
315.4682983465575 392.823951929832 552.7421570816665 558.6524811114867 168.66086915148193 
421.69580734593086 181.27397879956212 493.80867161969854 519.6500619150868 198.7905609675894 
324.6628703983213 558.3544503870845 245.8796025883376 261.29152021800115 31.151277329163143 
78.35038294172091 217.02939946595706 131.24724551548286 458.40568226290236 188.87263002191938 
184.79587229912647 147.15775462673733 38.46157558426689 151.21320263153365 136.08760935268248 
39.249806131144375 201.0059260564897 127.44114125845043 36.98046719421864 213.284793961822 
57.34076241180697 252.16816575064348 444.775631210998 457.7432074371228 597.3716397912121 
391.3627111479034 615.5044521287468 539.2292111000497 101.96477613268505 328.05615971417444 
484.2238134566985 100.93930324960496 423.0166637236835 264.7847329634284 445.4457959591253 
229.03850466354297 133.5796504444731 482.61105508968126 211.04533596319902 201.78824650291497 
500.38762225351303 346.56915110742307 572.9897195993402 486.26930607986344 581.1252322676421 
597.3763591416132 48.2334980251876 397.54374043198425 498.78452635633545 419.2561749833672 
133.12278642875344 585.0995553050226 295.45277270099365 123.71574527894876 44.65257209503157 
261.42186726223963 517.8751798356452 39.12154020022491 375.92073952176787 237.53422052629648 
37.13620780201188 145.91730194380713 443.1226390343346 180.35388332721524 554.8033581009947 
347.32767026693244 51.43005440691624 256.7049060616701 397.8771157810903 215.39154117417468 
357.09798019754953 78.83258275288668 554.890692417333 202.16859125547703 453.14337275826216 
616.2631383495365 455.5035875380967 455.96310872621467 255.93931692029187 488.85248451858126 
145.93233562140455 132.40848767385742 20.068508565076964 405.8674775501476 462.56268420584615 
240.25636115905135 158.77976777225 265.9438384241184 156.08636013137888 611.7141185959961 
397.39131735243575 582.7642178303546 468.506763332428 337.17448354659774 436.98459957061516 
251.30021303471483 215.35690166075398 354.18091970501587 255.7323166940231 219.46208313333597 
575.4734993588021 430.47262614370146 125.20462463253506 580.0000008797839 540.6710888696698 
330.95291194928865 568.9969730805307 347.50044010604097 127.65962968410112 108.42457273863693 
241.02352589853766 335.32158609577016 404.5496740170134 607.9362692897585 50.819856309321246 
97.3114171046557 334.28852913665344 24.58326702737586 413.1986941845278 449.15226839033704 
187.3714584906292 504.60672882282313 249.60240658550498 434.1756387054467 426.17144744783434 
529.6350137253512 518.496038008238 548.490947798254 113.23142827901864 573.9107404607605 
202.14461384776556 190.2719199378079 245.86259301303153 474.3475645230886 427.1184485953986 
248.04458364002906 169.39267538044865 103.26023547029615 145.87028298350762 292.8204061494479 
571.4078438926524 83.61176255027512 556.7279245359786 388.91835168736577 309.33202021285143 
36.621384908223135 189.64616656527159 288.3197709414435 273.68733192233526 401.57714320926925 
535.0616824259228 323.3996023534544 39.37946466461784 217.69686962680248 243.19479970552655 
62.87796702379556 207.35170770738344 207.88111139844057 471.14172152293565 545.8355439121773 
88.9513103833946 254.20205970994613 305.10107726297633 458.6368116234324 335.3521356752544 
304.9719409945006 335.0784190912457 169.60464627587902 464.3770630022918 103.23485747102337 
209.41262257421138 86.29024998246868 587.0641398855107 476.5255742420817 146.46766916738255 
350.1818770904111 586.3201178331515 77.73933365239415 330.83385383338975 33.69646234961066 
350.00508155016234 216.95608246976528 71.38188214169836 154.29758686316765 610.7921063274721 
574.0631165935316 548.5138509379607 570.5836758839055 495.1454336672888 532.0198820098753 
127.9546886934414 175.19023534909158 33.761122352058905 20.608467312511273 168.42791104172088 
349.34969488188244 435.8138572382917 510.51381708074484 400.5593883125176 393.95282061385325 
479.35358241023897 347.5771969630576 304.35291351460944 201.95522532400744 120.19592260658258 
367.06683694020757 262.58123628525476 386.97301524454866 371.6498852115322 477.8092880863489 
617.4364361947135 432.9109356259212 57.42672178686852 456.02552212016894 507.78331433431356 
379.4671929922002 390.0737945938545 338.7152420093236 314.35953799586406 308.3582848869002 
277.27701862751206 156.43333904285257 290.2663291295689 445.10801056993364 208.37566649765952 
95.30220156331842 104.09341797719728 41.244042639619785 323.4334240739394 528.103600666979 
573.0220212752278 551.7459603492281 617.209265182163 304.29386253408427 613.2496781834287 
172.58862080062167 580.3720556209436 238.78625386328392 585.0804306423439 553.2244156269651 
530.3024771376851 289.3440620844709 560.024507650576 448.8481775883544 433.826150340461 
62.42837281996861 187.25081688105263 427.2886914940335 574.2216768249524 437.3441559084891 
386.73643441960854 295.37033694659146 164.84729620869533 48.52839871121855 46.456400515415226 
459.5886698003087 361.72993646633853 315.82415282431157 250.95798977484907 585.9438229865688 
277.4604739575652 462.58412115844266 518.6628486249512 473.7752430258588 548.7388519012765 
111.44757551377506 475.2410120158746 408.44175463798393 359.9128513359513 197.63445065806332 
140.40042911693553 207.69049212176245 374.8542661377901 289.600105522911 555.4357372844158 
526.5586765047801 179.51627166621037 156.89490597993634 28.88007051792472 535.6516564350651 
587.5156179088945 375.07192758688717 27.6036640352082 37.64140192163617 311.0835752767577 
507.48688359162657 90.70298306768754 436.8287571370746 49.72916110302491 153.83385821597795 
293.5241151548718 326.61356539315153 198.95863311131117 505.26060629052535 539.164194273061 
209.71612002415688 131.39480919933487 595.9072451315193 504.79460948753115 415.99393358955615 
552.6400880444488 590.7119343280941 20.14973517117811 432.69746241490344 384.2268237549327 
599.3275526152288 405.5249310084639 212.00846148790305 175.99889778079583 455.9928020977702 
246.62759800147361 570.7048973011928 200.26818154116702 55.201771352690045 233.6249805823987 
546.7960713069986 130.08963016400855 583.0155083743016 41.732487638208966 527.9716267653771 
153.99878573185106 533.8595141902024 380.6863700733259 316.7083106982657 529.5554706624201 
352.6507125830146 90.44427290620163 46.878293371158456 328.0373199777494 292.0978827416151 
510.45774539477725 616.7025370350183 472.62703590866414 225.01914156936243 99.8601690721961 
452.8932801007952 122.43694653300307 101.52016295967404 235.91393237788844 570.8290882460275 
204.71485471247618 490.877145449555 68.06076327058737 45.60653415554628 447.57465620851355 
397.96805909923796 454.91869535087346 158.8119886881977 415.59568194956336 494.09591031728854 
561.5696816978187 235.85736612453707 200.6344534365691 252.04795334033543 244.4813990025528 
138.72362368213933 170.19252462713538 425.2344574466804 501.40710868182805 528.9557730168625 
525.6842915100935 260.75073062518095 413.60730977938294 565.7529580275489 372.9484024778397 
586.2063887582698 557.7369296387766 53.99770089932468 357.34665517850596 60.16535199343434 
214.74172010026916 607.0676427152157 465.7939101373253 226.0404277219203 453.10776166761144 
539.2739565671621 348.0630364693513 359.2863149965006 113.80774786766737 552.7697997292858 
59.70844232463746 447.7345992344299 74.28766167609125 233.77288000647934 478.95203998514717 
194.91469273683504 118.83796773716523 322.9456145798824 399.875292131814 86.20428540031004 
492.6925701528026 74.77681788151152 54.2613009597321 507.65309574907695 567.1997445054423 
170.80860692598398 564.4303854942224 457.3239113465776 393.40852187760504 201.55225946592648 
379.41315795958366 538.9942035654905 271.4143177904398 281.9367446914454 96.80479042243546 
78.06254270350254 212.80764592224807 315.1338004210513 222.64403999697402 549.5032101825379 
123.56961565199903 169.60318262709578 571.6610769915683 57.71301477170399 484.75787894523677 
584.2018405437103 560.2376172287926 358.0938839152442 458.3269178523731 566.2008890694641 
394.42324645612916 60.215026999382864 95.42637836990107 397.0539841912337 305.3516928892953 
602.3985053899063 274.52112288745366 310.7609329083677 534.4006094699961 137.57184067147563 
146.67681872995237 59.67026408304406 120.43891245270258 420.2314556873807 415.3548735985681 
532.5645156999814 491.50521555051375 334.36076309501186 528.0602984912766 339.8720230759309 
213.26111568205883 252.1465753363556 207.18642960613766 230.84884280270344 396.5632048256256 
163.3374853358999 297.40009427842654 157.574690841476 216.49747908585132 465.0883075676523 
456.9111748064898 350.6066144887485 545.2198272541842 52.13393823101496 369.9700881622291 
521.1341022881103 250.94650689691443 297.13660347781286 507.93705944516194 454.4793918413239 
465.43820531536227 261.0501897063465 416.2670155300008 609.7867913515913 472.32156211958585 
423.3454684025716 454.75362360917825 290.7446452124104 218.59183569681494 571.9398156669645 
468.3764396610589 102.18384441150508 601.6403802095986 442.6753864286691 416.09484800745895 
557.3965165335848 34.15093279960766 448.1892406674716 334.93243065578355 251.01864860992004 
339.20815858501123 586.01943975973 166.69576498413562 162.32046088277514 377.962421834928 
565.790677324027 124.6710783583351 403.7482802623341 362.19447677803146 145.32318999142672 
27.642807413032003 479.5615035563944 354.12372903407834 615.5089013964069 378.57765598874363 
469.4087077045036 605.80397123181 123.79827212210067 315.317873121568 101.68630487183182 
140.45027509443457 276.14177760348036 310.62762670934995 31.523750460623727 328.0407155683753 
207.229768354062 248.93615401791877 188.238974585774 557.5368104421676 58.874415472696455 
457.12137242619167 407.10771873693847 258.0663644422351 556.3773840373137 216.6777969766539 
310.29064933940083 71.41240902744846 522.7272636776191 434.6125956515036 351.76188076227703 
528.1521012127826 320.47024247141456 500.41317743578867 91.08278395662333 329.7892413515388 
161.09783440947282 506.43060453370515 110.86465515750312 89.22424191400802 371.7955623160365 
359.0220226337078 342.76421470989334 131.90514907751196 59.396151660014176 57.796262007803726 
316.8555059821365 310.0036877464997 361.381025385234 170.30621908307535 399.22199902393226 
331.9598737031064 23.774053055832937 479.5316840028353 232.61267903894438 459.73904280744676 
595.7708839992605 331.4964786253139 345.0059019772774 176.14509575790535 280.94817984119214 
160.36369117668798 440.92458721152525 374.53353563944717 34.89584812706504 218.35259037440565 
40.34678441150195 373.26825323240377 49.1166952425431 487.82109911492995 80.05504600055932 
407.2656596614988 311.03666738285074 502.8575759447474 42.268646778948266 598.9700095988601 
479.9698250920305 357.7255921837828 325.4021670337479 161.10359953740107 468.8815822202821 
129.50550209389974 521.7943957842012 133.5355994116992 271.79408212918884 492.2765163133692 
617.251083893026 506.6133585449475 126.67737163308966 250.18308936103048 277.24547240009986 
133.2997877369137 453.67024103605553 466.72930013859025 534.620326974767 182.4606897639216 
558.4742789940198 417.6450407051292 343.6350953891267 35.64571610171244 40.765140201622124 
144.66768778191647 415.20208431144096 479.70673720558017 397.4645880443627 537.583121435432 
498.15535725864027 397.5973801545615 260.7171358720386 421.8697072821686 421.3960667227818 
309.6974360574567 60.415032318342185 479.28904854858513 361.75803406914923 468.0059402012919 
251.115356208066 578.7673612582452 152.4372678691045 555.5466675731359 193.19291730296004 
44.9110240696578 596.8291672101577 393.32973497717296 128.07274183873255 341.50016050720063 
302.61731075273696 607.2131820180451 437.38595980364494 197.30411356268095 300.95731432557045 
557.0080746508729 325.8927164490003 351.56227254890933 65.59972488439035 580.1712136753389 
618.015947333717 446.47433122991225 496.7956437322417 152.42875494577848 507.82976009269305 
144.04349522368682 184.82880095694625 517.6749264926784 452.34610576896006 494.61648077365953 
218.01777845435433 89.48932367111051 147.94362148013136 534.4640240504311 550.0323314806989 
476.6165696704976 479.78220655973837 439.74572966892106 491.3672959963132 334.75217565876045 
484.04731676197076 514.2028747644842 439.8180362143751 596.9783208400161 312.8674358524025 
437.9229928427641 314.80107607913084 385.19323917738194 341.74885669471576 354.5200906753164 
510.36372156576516 254.87801799667332 509.3710478717225 124.07397823894699 531.7263488188113 
175.544580159169 529.5868228873128 419.1727482550781 230.20124101718784 199.20851643843224 
565.4707086870367 491.40204178927974 301.3315282833502 519.2306336666778 305.25952043757525 
185.6246760214011 61.09417163917397 171.8708539932346 530.0286421208211 129.39480261789092 
265.0107017882487 382.89828164676084 612.9480243531709 174.84985542201008 285.00926480689395 
111.6011664210789 539.9614571002782 520.4244603638733 108.88205656248785 294.5405668652406 
591.7329275321955 489.72972276821463 377.1816040641061 441.3913216982834 376.70383973622245 
294.9419084996231 422.3998369832626 185.2142799507867 255.10483053646485 462.04407270394057 
425.27355507124366 539.503340239158 543.7658910821988 345.26452294546664 153.06019447769367 
364.35121838231953 41.56859550926937 308.05580907946165 94.62745846380847 494.07755188125526 
365.38421339184174 297.95786290903885 157.20075574792892 528.663202356559 536.3413329451513 
292.68939570833516 239.61205221002672 441.33446728245644 606.2668745145796 444.8108592663177 
546.8939406120754 104.64087882815805 264.1441615448404 102.30308300346339 261.0626726415984 
187.37049336999675 112.43191515355669 432.40506715925494 532.9339624057347 224.64623772649725 
253.0877009222129 526.0548791998426 509.81516710231534 613.5472737943592 573.1398326095643 
410.27737037227575 463.91773893190947 436.5988805822773 69.65131057431806 545.8622438122579 
436.3336120918627 565.4748734351073 503.91963420927937 137.67666051840712 361.41935186106144 
47.256063915650344 24.75611534760878 334.9555793238462 586.4317072647021 325.5887041406433 
350.68871522766756 548.9141646996039 51.258434560936045 199.08649503414784 250.93172352305956 
265.02543616890716 343.08801068692645 569.3201246466684 414.96652107141614 277.30748869649784 
590.8621709614146 380.7378042444844 550.5767492788818 421.9634712430997 114.35480524471093 
104.86088901692905 300.1818909053831 37.71853214976282 92.7211513235582 471.0979035846086 
115.3130188314298 330.1971912334607 467.3608688956137 496.52128714405734 179.07418554007592 
167.68502986393548 443.9389284506488 216.94995044405627 416.43363459788395 385.6183868909306 
308.40785819007954 471.68204436573217 582.1881504063274 27.1458846365819 21.875296692968952 
44.22115300106702 166.44466045224846 497.1053789447923 409.1604704660385 211.3400025479008 
407.4625627910007 156.76030502385396 305.8833786829403 502.8252967770598 51.70068288451897 
436.6389639003141 578.9304607125193 224.24747981705042 50.91257839710555 294.8206273430308 
285.1404438046981 45.099041482299555 136.13396643107498 398.0121446562151 383.0542314703331 
504.645429640934 358.40588898703214 152.75888002657362 562.5724271056625 437.83190321613466 
436.0775565338157 264.1335878274251 107.36434892734594 273.59041266879694 98.53252570601694 
249.24716632361572 54.872296171604546 307.8900874246964 166.1819409077337 282.92484800627307 
468.754694635698 403.875162284033 56.56859865848081 102.8917357087857 588.6120647995273 
521.4339982724732 156.42563151514244 451.8113187289706 171.83937355037455 428.5430523233088 
249.53354805414665 83.52081105358936 492.44863675264884 96.72948254228787 340.2193229297342 
110.80697720261446 611.7054543850516 32.99619427090457 162.34134054772767 22.066229674877995 
285.4233231352918 350.5529287630855 413.603953425899 444.19281997469614 22.759359000931603 
530.6974097974321 505.04532019954166 279.0387328575155 361.35523455335607 178.1899935777635 
365.5424229241444 590.7891102445247 173.66708411285492 22.46584171446742 191.17683475645848 
171.59706031343492 569.3282217249453 167.0281386353278 579.3051153141121 262.82132505785347 
108.38811673188494 539.3663329851987 237.17759702004452 59.2108629881309 190.2717981649371 
243.74291989284637 604.9491402185728 173.37987838063265 33.3031014588971 469.19266766840724 
482.92584835712984 187.91717940473129 409.63564708249413 155.07801591615475 502.8912897280498 
572.4735619373591 50.43531774370096 166.5443832231363 233.35615000921172 193.17088234734777 
586.1579315385839 82.21901753105502 258.5748576275699 591.6768066320368 36.76584641028751 
46.4974626280859 121.17312853612562 161.28870696340005 616.7273586896767 488.7609296511774 
568.2300752463781 497.37064385233947 369.64249250342976 461.8687677349333 90.65869706670821 
549.4871240354641 97.33902046936434 302.26947915981873 495.72839191838546 552.5773800680244 
198.2824957490731 64.07415574105156 402.57332903139127 64.5139198418486 580.143907889884 
329.4361081463533 100.5304614725499 387.38910542299845 161.36892581050392 147.58035477754783 
560.1508166424843 199.87352283903147 426.59224648504704 204.82679107801408 536.7279196898082 
377.989879858849 250.74093668388284 277.9507103713296 56.18698350872518 531.6461352804881 
556.6705500765584 573.2245552076391 123.1788141457613 534.2717442913306 321.1776075418917 
503.48451220855725 41.22195352309242 72.9005401318066 394.23242415616437 605.5657623319128 
484.73693230827126 196.0443735555278 546.2757321237127 250.45016495003443 212.81638282558148 
186.70071292219424 508.423185938857 148.47008484487355 264.57473731732784 37.83860804815678 
320.42118563242434 201.91210922122195 225.92126592063795 357.70614465505787 251.19805521797156 
207.36438619306583 107.60016625704048 82.30362713854119 106.85408818688545 260.1514525437387 
524.3415796997996 322.3659338921886 290.93433176457853 263.2001525748102 614.9670808133825 
22.197929751153403 531.8278497647242 492.68042196706006 493.29362678874867 457.70666142259483 
142.13716141016215 522.7648290411166 169.67953572057792 350.97406400519117 224.86172559752055 
561.8504372347367 233.05625256236164 128.71395363866773 591.2390562154783 402.5868409511693 
133.28980688160064 401.95706567805536 505.08734246406067 338.0541039984731 253.7155647888403 
294.3078195563 518.4932804842981 146.43434995621408 313.6900852854723 196.11668148864982 
413.68885166484205 196.5207828632451 591.0037146964712 471.9117570086062 415.96084781218286 
476.4078115670765 603.9979931835495 398.4333816708533 392.43684725862636 97.70608742097227 
243.2311538473772 560.6156056615068 301.5913839801443 577.6262225465993 92.53587335097005 
82.85802325636236 508.3161076755705 151.2749312931389 229.31281832344555 22.932088736643724 
129.39764558682054 116.50720564849524 543.9037396745482 405.86529370700947 124.24695060056135 
563.6785399247588 367.8879764738799 125.14721778521586 595.72384194066 192.64071265554787 
151.14601870722169 88.60103771456731 515.9005006400957 69.32501138728605 277.533878805175 
536.2643593470569 441.6077110382846 524.2566094677104 59.012095600095556 407.6231050698229 
534.6075613186679 345.3438061700851 98.07308037341095 185.54206631296876 151.23631833659132 
367.2859420744287 558.3105168905872 194.23612640262166 616.3613283331272 509.9438128029353 
32.974636844544634 278.62566057926466 346.4956006703351 468.0159862291999 451.3570244902583 
342.41997986441925 436.9138412469958 604.3653156450046 212.84889259075058 172.2726072276583 
577.6137134297214 349.3389333048707 488.5162644101408 125.35199792717209 112.96612445091137 
558.4256547339164 580.0361782175452 207.6715952938781 609.8980781799968 230.59458336858938 
375.83732668575067 20.522918768915638 449.4521738513897 339.6585821652602 494.2891448304441 
402.3553653581447 306.56617095617145 81.00645092007971 453.7829510988985 543.4466314198619 
132.91659706292728 386.04743570194927 159.54889150334589 100.7073152499477 207.6700825253133 
306.71193149374886 547.0525640991877 389.9636207917016 370.98609038772565 222.35206255820225 
571.8148546562029 83.06182575259422 105.11489084954864 171.38597927178068 485.49899940370375 
187.13822434881794 477.9345782394527 360.02946206570914 488.1083922867542 233.39838230345129 
113.77063564339645 250.45872039130938 196.139014033603 152.7495081964355 306.34218935462627 
580.7481516923294 316.5302195185132 265.62938987186953 338.6782034794726 218.92666666954608 
266.2575416730739 363.37609786182804 224.84791332942743 303.4964218162136 27.411449595849938 
208.48177489210366 38.34880604783158 72.75778455671437 277.60563417683704 331.07457484828063 
141.99607606274304 135.28410821643132 385.5585666615989 348.97232507739795 184.15738684507153 
283.89024497320975 611.6922923918607 588.6517027123572 276.17648658394137 105.43836060738398 
603.5919503375803 334.47676264488877 115.8296120763794 588.8249926117813 226.16992254273993 
583.5303887871598 371.65834914269624 283.4929646525111 516.3783142062551 133.39263588794208 
593.0226916396767 110.81198718324055 302.3135657022322 380.20946648819665 60.71804337887252 
480.67157061481316 376.55680338365244 154.39587263373423 342.9999810180323 315.63023730510173 
263.5939226986951 471.31702551061034 71.8604641184353 534.9645112494562 371.1588808236766 
224.29111628548074 204.39924338093795 300.9616046814139 265.34413422728727 597.2577771857373 
384.13424713081395 279.7995352738883 159.32192635786933 124.4558399789661 167.09471941594177 
319.35832045925406 255.52016864343986 274.45394090693594 427.5407154448307 96.30617478352275 
531.0966244665489 185.87816285745103 408.15295571680826 34.80425399501782 106.55521529959951 
132.17996007872202 429.53654175284674 549.1738941344813 287.34811842958504 442.7884981050608 
23.882378317158985 212.86994744155223 518.3075425130942 157.99099841537762 607.6301760769561 
206.1040247637485 40.75081015740514 444.88482263228065 357.9765353736721 344.4614027450857 
192.10238789936088 551.7451316524166 308.0720789303644 340.85535630663264 37.87704263069192 
28.151805342022243 25.751245927304428 303.1626076409104 375.8673133362965 88.21934642961386 
390.63859457106133 619.8836388213914 102.37947272379616 144.27363751406858 534.4753373478017 
336.1718051181642 280.3615565311831 88.31919882410344 159.50971915764507 472.5746519041967 
199.26717464499723 448.6406591852116 599.7952530934435 288.8315465868494 466.4989902698841 
498.8823605213123 540.2404106497769 445.0711223263877 120.27548740465868 546.9496608256787 
458.253356442439 162.75243486977095 103.76486369189347 381.0757799324781 602.8259098398441 
237.69343207948074 390.3297001885925 400.3979720705561 275.8999704291044 507.5306956001937 
399.72630323950045 107.38663260233932 330.86059418855814 325.95396036574607 495.1023565895635 
189.47132409516303 152.9991763365692 546.0594205630274 100.63660457350387 167.20711902152414 
336.7906818592181 265.1652785814189 129.66445932888092 536.3254543419408 224.82844674192867 
333.43361261963906 163.1331589932873 481.01283715238975 23.260656310541556 578.6420239489602 
168.2302580733421 385.7614223064157 558.5718583039894 49.4489830424649 497.02923340832217 
523.1350649444385 490.55350532537483 129.49657249777238 54.99591986086978 44.794703437462175 
546.3072285104301 324.69441632279796 479.1995010430872 553.1267069701507 490.1245733096077 
76.02844433814448 316.0718988505599 80.81803880012527 494.08689475243034 300.2383483209159 
538.5592379387864 55.72199011785424 124.22930849323978 310.7074546394718 292.509072452365 
578.3580360306518 307.11226536687155 320.9087135417222 312.1373417140569 289.38995751546054 
591.6446859865281 82.75061478309878 394.4185588997947 454.4254902912942 371.00217393854757 
562.166761049242 272.24309658874415 443.48169362984464 279.48437374644163 104.29278816013301 
176.18539060921879 132.4594833394143 129.15487145949504 90.57455573569011 524.7266444376118 
303.97125819012444 101.10768168655764 440.1510961438824 332.7758958042781 74.86523835914521 
56.20389327390794 257.8563035259093 78.33322892920819 127.79042281215754 380.12226263796236 
481.18306082587026 517.1387749943566 274.14569032247675 127.56759070226263 128.5533529956842 
485.1512619237243 425.7571164469374 380.48051598732275 101.23853368925981 478.7000019472188 
402.62685681638277 485.0924927475425 441.27297622194226 352.15393943859124 154.09770929299387 
182.66980575083892 497.70533422376724 22.951464219192033 320.7768796958881 398.79026095509965 
203.5308618096167 223.83488550909328 214.5628624815456 405.9963455625817 215.64864765589374 
492.1332761876694 44.11893872875133 24.668608465067535 20.187485498060582 135.9373009132368 
563.1373682175009 76.96296962428434 455.5441862648258 267.0099925736994 68.7377734812099 
458.65581221840984 455.47804095227866 340.2770056811842 227.34354675251424 143.74048116255176 
164.6051187543521 189.7403782378378 555.3800771953415 586.6190194822831 528.6362928371943 
100.65916528287822 532.1384639406527 336.73287790682787 411.702655922088 607.8411142288737 
272.14853467027444 30.476308461576433 243.11206160230714 259.8887943711733 434.4049112621437 
475.23628024453404 345.88054743586315 539.2441405720887 395.78974107571037 90.40253428906831 
249.38251432032945 277.875033610125 466.0361438448544 520.1916559306949 38.46316338184351 
458.447774377848 271.5757290065103 583.1288396947933 141.35720346526978 240.82909677042605 
585.6143094282794 273.031167008466 308.757406453547 603.7615809187837 431.7793049440189 
76.33599575750907 486.3768402189215 341.5560624355737 38.68268896944092 220.6184384539014 
433.34843243000984 505.64499320521844 572.7431995944755 419.1414609795539 488.8058246574964 
530.8403359751835 126.61164607268927 226.28246691301746 38.98895989603595 36.139738173361586 
590.5428756423206 268.68016315544446 587.2185015259655 39.92492930694536 584.0583701800235 
566.9452902305558 79.08248659926132 479.39585937990313 175.2430867957116 112.77912473361714 
85.17925335881554 74.08445562920856 65.02031964461541 216.34344012218867 193.76019339696455 
523.2916893605257 263.7482998829577 488.72568580215597 315.6162029594552 377.2918346538485 
437.48244068346 474.34312881633514 553.5515402629716 72.14740955411885 51.24669836792802 
298.129651033935 438.78878898882465 167.97886480160733 186.65813985741 442.3491562545412 
86.6487555203312 180.53246154324674 61.24810256055782 317.8790342557464 573.8490403196212 
145.8903896686582 26.824023489639508 244.807658549832 389.76492772711686 608.1666173858922 
174.2154891277217 207.18962862918013 563.996580448581 470.0323672184308 21.748310145221964 
296.80245183387393 22.58593714382016 95.91494596693803 114.79039153641844 110.7483890322097 
75.22744690343461 407.71358688884044 513.7130994561041 517.745324650469 485.81608820153355 
262.8763043304738 297.6119623821994 557.950380772325 328.6765960044341 554.6811374329343 
561.1303140071942 391.1598899750728 182.8175368482413 224.5658502015933 331.729827242942 
358.2296746108223 566.5541600356779 126.3497193702697 184.75141710157567 170.55927849228377 
64.84344571799014 232.19107948901805 283.61064512134914 592.4838617628211 351.67552388145776 
420.1245740612575 122.47088405310562 531.4176418388645 259.8648537118973 233.02168828188422 
198.73850511627856 600.5924168607745 200.58509148752594 348.8183199771151 592.7234225360489 
369.23523782452867 584.9913806903995 251.85327275173938 581.8089849793142 65.02866301231307 
250.2737913211147 545.1613430079086 566.4749285807034 243.69746866940855 442.4856018738549 
493.5646300312858 535.5169922559866 290.56569210994286 258.49035212214585 137.40611184759643 
247.8072095074534 368.92749227859093 199.37119476950963 266.7689148797266 457.9383477785061 
180.07586041298637 37.64638917876671 296.0251994090065 463.09646038820944 49.83268818566951 
150.63484521378393 228.55848673182584 598.5051696245395 406.4241052709274 22.315126783625978 
451.50293427282463 458.7854716834882 64.54482170312026 366.02196170371036 450.3435767707842 
572.5748921391373 480.4550338143265 470.3239222737776 83.22102638741643 407.74957252548523 
492.95400909751277 520.4259700297569 604.784636444132 134.59319271106534 415.07368973599233 
197.44061400595726 379.4376976329069 524.2563945837555 291.33639885293763 607.8715681896458 
173.8184434185617 309.8505267901984 85.42015462460145 545.6534652794618 68.3607329919137 
87.51931793270604 113.07558243369624 439.09156160355906 177.77798732543994 384.83247231165217 
185.13784526996713 485.04499477927783 120.31426010195521 273.84465703542696 275.47779266078123 
22.69756026267347 125.60612188595687 56.163852234216435 278.7355561137892 549.259510255175 
220.9991811936112 297.37268966187384 172.6808584097079 529.9443813488374 86.1628895385947 
438.1465681378619 250.0433049604135 304.56435884780905 515.8474585801127 359.4123096943323 
34.65685751517023 143.0881617957341 380.62666609041304 28.891131469277557 46.76185230749903 
452.504961117062 525.4701240582579 306.36954968932395 532.3085796412282 87.33831043163536 
395.9890493962275 335.04212042320415 421.1060328773911 266.1536332429649 332.19898986891184 
296.26974520818766 528.6596873583189 146.40314324155293 419.64346077324427 455.09716459855935 
166.5418501753697 259.95201411492235 137.72217297580147 173.8735510227089 476.1386693044067 
161.62927774470936 195.06753514707233 121.31984634966238 350.6172044346691 193.14749517024285 
291.81333878528727 254.386625911515 359.95653625643905 614.7347998983744 498.5992060517975 
100.2462640227019 243.88653558021667 506.82311206982234 292.1546955995518 215.76310674664063 
287.57821093827926 194.1361811763228 237.30664194631086 251.78540459894222 244.92910851984072 
294.5213854789526 55.25374427355319 599.6028226964331 424.2877769680019 244.8688877073884 
167.95181479982284 346.9131871638693 101.46100781817194 506.4618740247924 158.4537786053953 
20.642280837235674 574.8473678974832 202.10183793630367 337.047893171541 343.96037836795233 
527.5410786817026 87.35238131597106 153.03812304906893 384.83934717792505 311.24985280647934 
508.24552552254386 542.0103569665006 423.49408036568167 116.87037169051548 347.7940628934853 
48.428165864093515 616.0517706188023 546.565296099449 113.65392817658082 513.4019188041659 
481.79318909388525 452.1854980783822 469.280142540246 467.4750312398662 191.30932185706683 
254.88115127198745 260.92018008180565 118.27104189343004 582.9173892655352 510.745703336254 
42.78848381843412 572.845180967362 184.6798199301275 37.3361484137343 452.7659229654995 
484.5844254529254 269.3700660586527 465.9136457280972 540.9678603724734 64.49955673787741 
319.72885417176724 234.24802296925267 103.5245638066204 346.7530687563412 31.354833986972658 
184.82999147778398 23.917956290058754 148.26666987051794 130.573179229423 483.334929294687 
174.218050260099 512.2521417905094 434.62593776222445 522.1816969869353 578.5631814578586 
175.50928531091083 331.5280200710417 424.0306418282103 291.22760636212877 549.3346491152188 
406.9323239823514 510.0640987831223 591.6202080345761 453.8849547109968 495.3479874681731 
47.8934947004309 48.558155825203784 595.8387483439541 383.0554328195028 343.93665473623275 
356.1591967489297 129.2002421277107 540.0618051209761 595.1090284923187 593.696383749069 
189.08890652984587 408.44087511068585 264.67260923425357 311.7588784254446 38.35874515856155 
324.4007903106088 297.0864558993608 197.06273626092585 416.8907916388173 101.42372215982925 
436.7022381016444 618.2552985130727 33.402817636797735 51.82103890517032 265.1488881874167 
305.0570138680674 89.61982311400581 174.04761835763043 322.24989230737316 563.0843810788361 
76.64908776347177 583.1194085965119 425.317157037386 176.6978222734976 33.40363634131651 
411.4775780383872 251.66488069574802 502.2181826263901 606.9177046211803 357.6432690754759 
199.1876206989925 203.85566160746424 204.39814362137417 410.00664091740026 89.84594587088608 
34.69490279473224 76.85531753982693 23.093916327552982 30.903538711290793 415.0799178254591 
124.15742857633586 373.65618494327055 98.75964168885609 510.7427368736751 161.35184642893682 
73.9238164518448 460.2202699997496 463.0194209965589 536.0973711735527 469.3700083237994 
96.05233966624436 173.4972974448343 337.05096708060097 198.32755830392767 241.6641647098095 
195.43695046171604 583.0530078364288 240.80218519584133 209.7561280556981 234.31301194983078 
132.9543695575789 33.82659095853942 409.7853688239867 509.81728900099716 405.9296579349161 
180.6986547059729 529.0882325495318 581.6680536212214 352.1197315520307 431.4476968182563 
190.50409899803188 591.5692149300752 463.4478121852968 361.87254797232686 551.344463760761 
423.6631678743736 564.4525095328917 128.49514225363248 58.550973231782784 235.8210789684552 
272.98176954820747 26.773319982816584 524.886195272896 564.1142108760024 370.5913822789984 
129.91675164396145 241.0008475218596 352.81028327416755 472.4919198068942 235.64954784895184 
188.22121647531947 412.23839581902064 536.8875658450386 498.26350695765547 366.9005563572086 
156.86638101298152 103.55099816112708 273.3055250553481 605.1782500778744 225.9343228996253 
101.47773620976868 52.24311543672984 562.9903201290306 338.9879797464221 215.46386033159158 
114.45165617527765 396.17530864824835 488.6558153483608 551.450823357054 473.8671743464797 
95.51895803589295 523.0134531089391 290.48113133227577 247.64846876798086 465.581733709962 
519.8793514087874 571.1085292682358 124.19214289672118 458.1527768439236 305.3852864306407 
390.10661615214514 357.84452408968247 125.17400233758116 219.165481184061 261.3195206519923 
67.65405427937097 605.9783009049759 578.5082306491797 322.49837846878927 167.50797180845737 
513.6852967788021 443.81366955788025 129.96745287388637 404.99700805550157 235.59870485196407 
37.701277921836265 330.9635991527495 336.3519051851392 612.4487968702774 520.1112670344926 
553.4927312082855 414.7953668959477 611.3239534417204 371.74321306863726 603.5472547956625 
119.65344072434806 557.1347712431019 388.1759155937643 209.52799600160762 403.5697336713879 
237.4548050075634 37.01211188542673 503.71447768142093 485.16657146947045 545.5813823813429 
480.39186788858854 380.62736303933144 164.49663289597794 76.66045947451039 315.2184063472766 
222.1266284927895 388.62877158984924 441.71919212256574 233.44001861895538 429.089432527818 
344.7120351053358 614.4499716365374 554.7318788004548 349.51122927497244 307.8613030863515 
375.5895687660352 333.92165255303195 342.8740532798956 421.2085498252923 69.737469929024 
295.50225880751964 270.6255644311527 135.4633274333275 239.45666945315855 597.576047776052 
452.6127750489852 185.32635418663244 51.501104700459706 177.5736416926129 479.3140168052289 
130.09975510173348 180.01325263002954 382.09166147576497 419.71312759256443 235.837968944536 
361.53569469097346 133.19264385032852 114.65928637324414 426.38282849307217 586.6803161217236 
33.51124248126898 195.5566415283506 580.626707559133 43.299165595002 562.5102903478123 
218.22712944529295 603.3474516951944 76.00031494918517 66.23052633840197 251.79052604658588 
46.958847511003725 176.85279411914271 192.8777018753164 412.40512352726665 211.52031623379492 
172.12426734274234 176.5908660792137 181.7132582882789 400.34968031381817 319.89506531020993 
521.735496108589 99.83493481168276 558.5827021201951 183.3925656679696 190.06540082451355 
172.75374911327754 472.02314965146934 294.88941584474674 343.09689901275306 283.9384861586002 
253.62710171691072 575.0095324970293 242.03919584328477 250.04440265290523 394.96535927164933 
422.28560847013375 457.6246957277742 310.53780651955225 410.00753678090064 137.8117173551475 
492.182920445175 591.087796955912 48.57177629227965 499.8350013478499 266.30185563263024 
30.5686914445978 606.7836715025089 453.12998331605354 72.4204436856729 211.51726735968552 
411.88823273881076 227.99941278554343 347.6959701689797 483.8880629137839 308.75865448487514 
553.7452806283726 368.4901020148118 321.95107519199 325.44556885019574 181.45383616777065 
518.8173648435325 404.17504190406356 45.110658371375514 80.93825489446621 335.09970592462514 
55.94047025726883 361.68817296339654 26.682875445300596 279.57102398991924 244.92591697595134 
246.6183272274652 437.63251545813483 344.6753258284896 469.0113833569579 303.99616316656477 
285.6709145940283 140.80226123483686 226.54265572239728 441.47975169731353 37.631729404072736 
469.7038527020066 308.79997683157643 134.30135824239454 145.68609703942207 535.9361043760285 
504.51537482227604 309.7254055590224 150.95038470688098 98.66923960810814 56.28183407752532 
29.296997668510087 615.157931762219 416.2104349052361 158.69843342236362 496.22466369881624 
45.23842369531597 385.5825448057906 138.09501602635873 265.241197263845 125.64881665801396 
29.502922409259142 103.68026160651256 482.28619207684886 323.29947414052316 233.10570938725314 
209.95676553946092 131.3541807141474 279.91916175600795 382.7516689125004 20.247026770035475 
415.85201745964554 356.70295960020286 509.2691007358781 411.17401618031926 351.8092556841724 
446.0863671067725 287.9696302162265 407.9400261405898 600.2853886778911 315.48990573442455 
597.7827547498282 90.2476830126522 316.31751216482036 97.87747205474682 291.85270247583094 
458.7067562717312 141.7523444729443 293.9724917669229 181.94146435275627 301.5705789622003 
619.3062654069629 200.97559659487393 588.981719885262 451.64581597132775 455.1970818093942 
432.62735156222294 562.1234952445585 173.21924731482258 407.6913373192719 345.460161402331 
418.61805501457746 568.8455219654298 128.91099501355626 536.0826556110334 406.88314793923996 
45.83938401546864 37.242966223678245 324.3407747766435 445.0930140256061 32.31630435282089 
47.69560478497721 87.19888898728843 37.637054331184316 282.625158222063 337.5455461341377 
458.184978725165 21.791013354670245 462.01678797293334 474.61905074551964 157.24347279833557 
146.94416855669152 250.39214054165893 585.5511106220837 365.8396083167601 438.7265155106286 
554.9736982679294 591.3665275056355 312.15898325910786 50.37956390949334 171.74410269941387 
287.7264942133427 81.24604593763911 53.71458540743924 385.4954798802366 197.18432003100565 
414.925321547802 572.0019598143241 148.33349641540818 270.7943635414907 216.34911563948748 
207.1354203887636 26.479650337281306 266.41762159382813 424.0154187006647 463.4150190916822 
255.21570536662168 381.0678992105825 270.09976510138534 20.292402439427363 591.813946937948 
264.6421924232835 287.94486446619436 456.4223395178597 206.29703000093411 92.37925800735417 
183.55155755725974 177.36405256334837 199.87118190414526 323.3896936522884 235.9152053089019 
249.27627826104023 90.87646331767618 522.601828873946 41.050790404585925 390.9496682808618 
158.09789073409817 173.4667010308846 564.5509875585525 126.52043484987776 81.28115479672135 
358.7661440603456 617.5204595414085 451.20875600415263 68.69666199865756 536.8676263940324 
20.730576997326637 312.4259670181435 611.5956742348251 390.76964662222747 271.8379397915783 
358.5941107692984 155.40230504281863 77.28130101464504 280.5107235924634 158.02161872603446 
327.48503525607794 153.68009521711906 486.30643059203925 440.17884283826277 311.3516991302567 
209.19127895639573 24.14487584473151 461.71744694709935 507.11139355985296 178.63287889014413 
552.2201356497244 549.5769175470488 368.0474089674986 65.5699543036117 507.1952134602926 
223.52243944575997 53.144576368439886 552.3218797511261 301.52318997910726 450.45759732031996 
85.41509790016859 524.1663983909394 127.73851010466402 132.8557150913927 555.8663313156576 
285.08425458196405 384.56234773145434 483.6536293902955 362.9545912598124 192.38796620661384 
489.66563401380154 489.9515972816127 127.36831712818619 187.57885374233646 393.9334621082155 
417.8631121646951 571.9847999676729 450.7756138548017 262.0748876279798 460.8583682497818 
306.84384056996737 556.0585232428912 534.4215561928777 383.94514306174455 108.98232111113423 
55.072985191549556 534.7591013118495 166.03081601544804 536.9733798828082 566.2359547097952 
539.0349272657686 592.8092791046823 270.0138361922402 596.8892989267724 369.786360461267 
502.5165248038864 311.4038187272659 275.74349898304195 331.132654282692 136.89861805078607 
146.26216846748787 322.95588867079 249.1746744509336 399.7358597609078 293.32143085694975 
135.18659019099448 332.6461656586034 575.2667548647762 40.64622736666273 612.9765792096902 
518.6601627397481 208.85578454373552 305.1186647000707 107.79095464475245 518.3943711476584 
202.2484123709207 105.53461200294899 216.071760428724 527.5592454018463 125.7573821478471 
489.15458926744145 497.6436090226893 316.4925858074001 299.72383996115605 501.5529497702369 
345.8162527610448 564.7243329339618 547.5971281436132 539.6091936119036 586.5275450271492 
254.85525945812932 272.9770027109663 377.4850817863368 533.8708434623873 290.5934936663823 
462.96192973377896 305.43136549559927 179.3502212127076 253.79236411596474 570.147440203615 
171.26786719433252 542.2076859366656 565.3336651537106 175.6178993393487 264.38061632031025 
158.16575916798496 264.6996137431756 485.275951524922 332.0798521912351 233.92938776890466 
573.0777984657383 261.8528761249197 368.16261937609033 544.7909200469342 554.8423777349894 
144.94400361057296 363.5236473217431 102.68180981724636 142.25562692439436 61.412717815206726 
558.6584228273925 572.0148480385581 138.23339096088858 378.50685847561374 287.90199962606516 
360.6607060041322 362.01823363035555 202.0313225696214 255.24747601748993 463.4024690163462 
252.60413966098577 171.92049532205075 31.58773398539057 85.21201158168498 394.7563417833957 
457.55441220734605 113.22436627317707 421.69179023659296 582.4701333038563 405.1622604693332 
31.487326736545135 324.0260078590537 384.71243061448695 439.6570633718559 353.3092975021924 
125.78480157225493 528.2897539517865 373.2452585187608 362.59827695872065 58.92510858186671 
562.6864847046725 423.1549642831484 162.25235975719124 236.33220627011482 421.71699158747714 
590.8265518070443 486.6602799026279 328.24543336668114 446.8355778563884 204.90949095499548 
264.5315495331361 209.91193205741965 586.9478374144348 180.40901168682342 521.9000371591821 
607.8122352456553 239.56721552131086 496.32644641502503 565.1444648021811 521.8013018985882 
348.16054523742395 544.1369959777315 133.8699226147926 350.50890068949633 520.5263419074145 
549.448610449129 363.49384018894 597.342985101392 283.0494703503373 619.1857676513857 
147.38035667175762 584.4398484441147 535.6761592867367 116.6419791707908 238.3667747646422 
551.9047868871398 222.45283908900305 216.74460557647112 579.5258842634204 469.68709025251945 
182.47275503350082 43.875868758920134 504.00775527818945 439.43303055570635 496.0741137728045 
344.59376378611273 193.80508630418413 513.6606099241519 591.1333084048302 597.596619613639 
137.28538988749227 309.5998496401359 124.29724360775299 213.27508704255382 275.3342217563774 
145.04239534876316 601.998239162272 225.19519150266566 75.95288368352826 173.54409053748435 
56.09555568185592 225.85642127994183 327.1545421994391 146.32435144260444 238.98697169869874 
449.0683680663472 388.0023320030405 178.20607148505667 353.0344603963655 451.2897786920849 
387.63345324500955 44.939821335681515 79.14748901417555 394.27385231328896 612.1126840083832 
89.25602353845612 619.367859574199 281.3632529948316 68.9593931578261 362.98899743201656 
418.2996899518364 449.7790072374202 569.1915061746151 182.61635213224156 378.2283958263296 
171.2466267485453 616.7304242120734 425.55794965167024 532.7724021722745 363.3034337814758 
145.0104696879201 244.5775359389129 293.91130624768556 363.63082720286485 90.63664854189878 
427.63149884228915 137.23421626933555 469.75517604052123 143.93460198848817 580.507891013989 
340.2521620745035 496.46105632016656 566.2362830832024 259.5998504235601 338.61804714999977 
353.26078169328684 313.7453069282074 532.1570348242905 615.0982841967625 394.2636977957392 
57.825576890985246 191.3588318023786 186.13942714869816 42.78914166538944 241.55707754724386 
203.5530725111668 300.87394628441047 543.06695190084 62.4024143700632 115.00405989416205 
517.4085979312915 441.36893468085503 420.8280132282173 295.4936082066829 471.23928953145673 
148.91530990734134 224.723653592977 46.1188018218435 400.6362626079116 288.89991363040645 
189.46406523205243 348.6304249405699 243.8430250138566 279.9776132841104 223.45632934520324 
383.65549750010945 272.9332260424296 158.55801140477277 39.01701508585345 495.1479717187417 
379.1688476652639 392.24901505985673 178.42246608780798 428.41113632985923 74.70365066730542 
586.794029264559 194.9762886408132 419.03557283675593 225.4756289258773 538.8466243053767 
478.9376930625227 260.09636730348114 480.1321200287928 36.92623408210461 568.1543599309982 
24.95339966135715 309.83139253472854 562.8989097311184 133.24367495028866 272.9983201692034 
323.7644787700658 196.32659176408313 577.1660622277434 315.69217358766156 75.2409348846137 
174.0288489890205 539.0341837396827 470.23718682835215 123.18233729355487 307.20081119842627 
342.0015961832818 578.2266493458164 63.86729110534438 208.43085497106472 575.0749682674171 
416.6165584951678 597.7714869716536 30.96214061104588 548.6932037711733 578.3628116019091 
446.3469440573045 572.5413852272255 113.91744378265605 150.06758567440468 83.58381910409537 
346.19887609921807 85.07574495199349 263.9788787304394 397.1987181207864 570.3033730836169 
255.7059824880779 551.6867240282526 144.29325277136377 380.23564045615734 147.64091331372936 
276.8599930589519 416.3264963619036 114.02440446491376 583.0790777489345 474.36740140870455 
478.245237960347 74.28843675713013 119.48522926768358 573.1266556993553 96.61564037567594 
318.82858230651846 337.164207626521 530.0252976013371 221.60009771278857 582.2133917704879 
519.3517973888381 452.25703560603193 37.62316198011753 180.7022081965772 214.66649161337025 
35.41749159035697 547.5700438936453 302.8493277744204 121.76580554893937 294.70283546600353 
405.36169593516075 438.1331605484377 286.05100198937623 616.5552751792387 461.75004092293875 
45.95397949514462 148.26377031265082 508.099067578674 38.17716192770709 517.3440900029559 
334.81891308312487 571.7107447256641 493.5423073647274 231.73411097638743 229.7165151857286 
382.06749385598886 598.7202007594226 261.1192666577617 517.8774303239072 93.0171575797148 
183.6746923016614 23.969197104033718 239.7459577111426 151.6138685238116 472.01134450414406 
141.2252892298568 247.00329791873634 246.66298617009636 467.812698507356 496.72904976555134 
499.2355936544336 569.1188985878968 309.60001451221126 254.4254639265645 391.4003008967671 
211.67981725988676 456.265282056683 134.684990783189 51.93471851144205 284.92292653480916 
119.81711927395769 202.08794690214813 101.35026531244951 277.3239041468316 309.7844239036346 
367.015014185434 511.15644445293674 336.50443808580076 204.12154271500472 153.38769053323247 
552.9580259939945 99.05151932968121 311.4584868378026 434.90241478597227 177.56946353231163 
446.2522653635436 239.54033069837894 392.10203705083615 313.99002656102437 313.0880316446479 
34.69918347588899 492.62845080439183 328.0835437453061 27.83154358624609 407.20262490728464 
247.00016963538732 30.80662770733076 609.5907838679047 307.32246374228265 42.25852643856994 
575.8287355900061 601.1434525815936 66.9673128160931 305.82626451253054 536.3883249144153 
564.4056411440246 471.72304914745376 401.9222922497448 401.22840982653247 315.87864030249807 
278.14452338965106 412.87636640146656 79.45557608247407 529.4173756432472 241.14272562287402 
107.68737278763228 554.1660057370108 83.66449374754765 266.31074052314193 350.16906331174704 
574.682413422411 481.4937041632932 452.0324530269925 349.02691368056367 427.2455122375638 
618.8060829425713 136.21778903235662 502.20989363329835 374.0038440792287 130.0232066634909 
612.5081080379822 337.88089007611825 100.14571313476557 287.62083609784435 530.7955456728773 
404.3494989307209 259.0169456094818 583.0468262178738 146.90011524311632 311.31105573284395 
155.06821887829977 66.36708452173647 136.2482723701628 274.73550009012024 154.47575913080402 
71.98328566337943 36.39668479282655 467.74985015779913 163.27915516971788 307.7662045995514 
333.24493375875244 429.85820857718096 62.87992202898137 234.94816613329027 355.7809650734789 
336.8427944033388 342.744745355762 416.1186652915944 494.2030207033128 83.68996270010874 
120.15699998943526 458.6666966497491 606.2617483006525 82.88484490972269 86.86045133012477 
531.0136458743423 426.6662955439272 30.418343687298325 72.43864799321909 378.9804022968457 
144.39811795322618 441.85039693950745 264.27406186395325 119.63257708223423 62.77621319646548 
510.7730435919601 273.93046169672766 39.94742768999114 207.11768489075493 392.0171208880075 
589.8024199110611 377.64635978092593 294.8371030446542 561.9465146638088 305.87563095383007 
411.53664750028935 32.828729548866626 58.183385600662945 166.4418827651625 538.7062745830497 
456.97511609419684 351.1084135988579 316.6122747810188 365.91545227519606 578.6259596400389 
149.47963079553278 298.47260894644666 392.5287478093721 552.8908971558055 192.5137110272195 
582.7245874056791 612.3314107211428 533.5900577033399 30.77335331478626 275.65655111808303 
311.57379945176166 129.7060222902829 148.20462270109917 191.28768363876796 490.58755363826754 
528.1810319141789 127.66789943017112 228.52917738440317 286.317258074586 97.90317916391041 
512.3062506242803 543.2062821527027 523.1114985543231 239.72526733605451 565.0949782658415 
554.7849969666782 69.11675606558316 597.360148428672 478.9160011783202 177.6470076173898 
225.61829435835742 93.99631784743619 539.500963393769 616.756814260572 126.67139347749864 
609.4774207244243 93.58672213093165 417.5645665042506 476.366990404513 62.889478976912066 
524.6269244872093 609.9886889235258 101.07524480407378 215.3996594093861 388.4036077003804 
536.3215953925658 544.0109882004757 58.190101413471346 410.88236668048245 302.90272269148346 
479.4645701095865 400.3308972602376 200.6549029683376 145.40225777406357 274.0421354474362 
421.4356317808733 478.3128072751695 347.55954328485126 572.2587796857758 103.94348055287526 
175.0961885941176 103.2196921737622 533.828584783307 409.8714656127228 103.16100650844183 
461.5125256368298 299.99513882510644 416.8807202906866 449.8086973354855 445.0170746586033 
416.2463412332724 378.50045606605994 498.0220893119867 180.75588008422008 88.75725294350714 
23.35336233905381 125.6510946417927 433.86250584025083 501.9046548298646 158.22627059844345 
385.5921780819192 83.76625436318233 374.1972659973581 189.82973788528756 619.3051390618375 
432.73761061334443 479.96508405897805 530.0904123242435 506.0110684311344 186.63836350001046 
414.1518571313462 399.8197417454862 599.9151822333165 497.7199802693114 427.55430612774677 
295.60304463094553 457.7984070119484 609.3141782103428 309.8519059170861 534.7524552340384 
209.32121788122188 192.25922899796993 47.77080369438565 43.16758776302454 172.3837692700323 
612.9059355573635 535.7260094667893 300.94766840562465 465.88584192340363 522.5468838239937 
366.2851106652615 310.5989487925918 322.2304449046603 508.1128690509823 477.79768601909115 
402.6809932156819 551.9149046362255 493.9800319823149 386.53393445392965 443.73568449015346 
162.552944446316 134.7317341839137 480.67632311156717 361.3428224091875 484.67186829136034 
588.7186586772423 403.5080340027273 251.14572605656815 306.6282314220054 212.2610534087345 
503.1419195137673 480.6910223790524 470.9860267259176 264.33678698400024 276.1337596896114 
554.9259652295419 534.7008902146509 261.59906714487465 482.3235270434548 458.1973644644744 
245.45438568022652 573.5673707188599 158.2484205231276 537.5955989466505 136.48176917068304 
597.8355740998229 306.47148614336464 342.48769915959684 492.2372888398941 205.14086428193787 
388.16939368889274 585.0831208061778 487.24055940171246 294.13731668772493 296.3233881632556 
536.8759224063068 50.44784769666602 245.7176616976439 236.85690939236594 125.8072230763254 
557.4920812925159 416.72733622846835 95.06378669899848 548.9916132717667 603.1351171135624 
562.9141858057063 614.6707032228862 365.8512650359685 56.276310007773695 230.957900066248 
466.8776713997459 386.5015173542645 549.8609316576697 109.42271253939484 236.72032593260522 
220.23165186378202 308.03216234930153 478.4772643581687 504.0976818914399 98.92470157379752 
562.8706396290506 248.22512251592056 546.8092402704167 140.25986926588126 163.0650136713372 
225.4901786555664 142.94507522770502 165.54150104679462 126.85747997591729 598.900119493131 
499.9726825191412 336.9982498378979 441.60795826492824 182.11215462979138 487.86443345708017 
29.396199930449136 362.32066915129144 305.02449236743996 103.60921274004369 300.80965444577475 
411.4768623852517 192.81743188722757 444.45215153972447 477.3934864697966 232.5174258989193 
222.66787086014205 417.20609230548365 517.0006350014891 399.319169688731 197.98073475086414 
160.97862961767632 566.4886062516166 234.00852716673919 329.9814442786925 310.65835907959433 
77.55861060515755 35.45637414333139 166.51277977528255 178.5042545752825 195.97129860177571 
70.79778406821048 457.8802633733385 481.18169412430814 88.98259660764397 232.32035263701292 
499.58951164331967 189.58912171596728 225.84352953705874 212.0651026153754 441.8194248024445 
28.81895923132092 576.2078397511877 196.48332929657525 205.47509873684288 105.59649208499222 
441.2909005720805 433.49350920326617 594.6638923373506 290.54060644567227 182.6240598747154 
574.2817442081432 345.4387196740779 132.5899988492513 463.24778255511154 442.18970722186435 
400.652138091047 32.938713711782036 166.18756193438682 431.03368232247067 450.7650022326886 
155.82463402654105 305.05633099501034 485.1985179531347 530.4535098933493 303.5148656890122 
391.62701717370004 363.85023358397575 210.8582979428925 532.8314663904731 275.2191370101007 
441.61104929094 77.31939186779955 40.56170539316835 218.7430341425612 48.04049371086423 
132.44071635468944 395.0960771399837 526.2456614204921 98.26656099139862 114.32802857019027 
141.63833100752709 386.8014793321844 117.11032632574658 269.8438161611913 358.33083403284667 
549.5924117507069 309.0481560937869 72.7231602102091 90.6393456384091 195.02048037059407 
276.35490878849106 326.39410069954823 341.34077599542326 116.69689343505239 537.7721778125815 
441.346410841673 43.4576985960981 479.15133976649946 550.0450304388737 226.8923491219108 
593.4834166626847 166.10531287399718 284.67133425238217 87.16341611030863 272.2412958493626 
84.15301498471482 562.2070761938004 261.1865194858737 230.722149453776 336.693947404932 
496.4716448230318 496.88365032594294 68.24333942044699 532.9604554257696 150.9968340798993 
498.83852327774235 180.27349111158182 46.984419115778 460.06306977413414 439.6741182619938 
603.2664091315745 591.3466309068201 416.66703282416927 374.8847774913053 33.848060888283875 
420.55256404740726 79.76393460767748 550.9666747537965 49.700309054706885 228.87840810605385 
103.12861397303158 546.6903688592247 509.4852462030766 157.53112477263895 38.17902866936001 
137.35916432074725 459.15367419420977 475.9660648642145 213.1057519508307 121.89711186899109 
421.98173805632484 52.20622611867914 140.65157908429137 302.61030481634043 299.67927034719986 
77.00659880544039 356.884626528132 357.46528151637136 461.91369033100307 256.7075312149898 
343.3088809900024 494.7282838136603 551.5931436037661 39.62080792567327 334.65597005155854 
129.80908785157797 283.25271308778974 190.79217174390322 564.7016958254711 174.1531705443424 
61.88740043999526 179.98408503411042 52.45135814272844 276.02596831407874 599.5755970358036 
197.72243898293684 181.0373863837257 503.0329958695049 257.23686427296116 564.2509841622278 
471.6731946924605 306.2195503345542 388.86775576793787 446.2372401091567 505.0068556832526 
355.59367462623896 315.5993626085193 346.0735544700261 492.21853867174434 386.9163870220116 
306.9204617567133 378.61725271036454 348.2052047215873 149.60256918398068 496.4098548882774 
300.21334777218385 269.1966073565852 495.5765240505874 609.3218090554259 204.84386243972662 
567.1460867593487 598.9259043171371 129.36824457355186 352.2472650870073 463.2400498440403 
46.19766975826947 482.0414250563304 542.8518972248897 492.869905656212 287.1799037538654 
161.82099616571395 204.36713044946828 124.41001321118637 86.0132322080935 280.6089357762077 
504.87599262869577 344.1457107373238 162.47559922717107 364.73646328561085 357.2729696365874 
109.69487167691793 563.2840667496207 377.8862159617556 529.8908252899562 324.2668731267791 
253.257531075397 497.2739769858937 228.16008768247895 334.10279311016166 166.18396537313535 
520.4332675526091 62.145040100702346 301.4404228487544 305.2360498194587 329.94671664799387 
264.79987812783156 155.34799536301014 232.77889232691035 593.4680528374213 575.7888934716525 
372.77026574336475 439.41351823016566 26.378260645736546 555.7143595334769 392.1308041874856 
432.1000241120698 94.41987550130492 445.59578702948056 211.83408797226895 331.20408755019986 
583.6529642970848 436.44454207605776 76.01139203652627 316.3104463335525 215.07665378145558 
563.7773296476722 499.8539525843671 210.64740102827042 431.2599997011283 591.9124230601204 
236.8773542113895 443.9656996321555 432.3258219804066 602.8923614347558 140.46077142587643 
383.71593419280146 488.6312765073833 154.87684827509327 22.00493907118755 374.36796459128635 
107.48911514676993 24.849631225873765 358.0524154663203 174.71612832734672 581.2729709261556 
500.48305591286993 448.7141066481429 433.0141493689745 594.2509821136074 536.0041767515264 
379.7456378840179 189.7832500925038 115.49088202703628 436.9059611605246 490.6173307319439 
348.13754477901756 355.1808548821981 88.34757288637492 600.9217160337582 401.4700354088582 
311.7095303889095 492.08725746408294 197.46206842727895 458.3433999787817 186.84907318552703 
326.791811049644 334.36588829258005 354.4290147829442 496.3850035718232 396.5661869418512 
348.5670804688314 391.338101368922 253.53659387159558 182.5470645669779 43.00045614355706 
592.1886944198086 152.5115171182822 262.40416323158735 139.85244583154343 313.7522363369714 
29.538516398993636 512.5930315397143 556.2117169004755 205.02342771928815 428.72183860546136 
358.20299196165774 404.46338239485675 252.0572870349388 250.06123221975355 285.24416367561247 
169.77065107748376 398.9169726856525 606.9812394722093 380.21702412230525 66.9876814359522 
184.57616429729234 570.7134349779491 211.80862461884408 129.3472437043074 585.6199274755916 
28.875506592300496 319.5588891795098 531.2671001688101 604.5874431185263 435.5908261211497 
324.3409464868059 197.61873910036985 493.8008250374783 380.49237433411804 225.49911638547727 
301.80230552739215 254.52333992344842 453.95457403925934 199.488451668982 204.97144018751172 
201.2910433040996 235.89698954449318 364.8593984165971 538.7517044690713 331.26150762610905 
385.5035312010875 328.4314801209905 83.79645020231231 188.42337447666114 159.20091324803406 
277.4996895638483 246.52392386984636 462.51049201517895 34.24020481830502 132.9173014544071 
486.3790483539769 512.4644277436548 65.22503904155323 27.89897307276448 595.9641501177141 
554.28900592797 350.93047656643523 127.38777887759316 86.38182012719544 603.1407447351809 
538.7561107888619 352.829889857937 80.134118297827 409.4989005136916 244.15709371462327 
127.200852042753 63.92158246310771 579.2587037086475 612.3971301885722 205.12697378220057 
603.6859074316277 417.5919274632587 199.966810964777 402.94569127772354 474.2400367631498 
186.41808282574618 103.01140834575 393.54873936965987 205.82944789264596 615.3302698539102 
410.11146463202687 80.85163496120671 199.96819888961326 455.81945686428776 206.76040886891255 
418.73351913454627 316.89381699487916 218.64072984992808 308.8825544834101 289.2908787490052 
186.98447652281595 584.1653871317646 252.73537802202273 205.2490013520719 248.48230040201543 
325.56275654374014 418.53985626553737 351.37492112161016 63.86666656613243 534.6551676521755 
515.1826233506821 429.7355353265058 217.22109865809324 490.29019323800117 203.33354189048396 
523.6447339607028 444.93754626345526 59.073570190601444 584.3226598295903 545.1431907454293 
602.1019068273636 268.30680228318045 32.120169378122924 180.85469838770382 416.9043128389436 
440.9731097882569 195.76304918768616 201.06259347190974 135.4181928997695 32.615446771250035 
349.57240397409987 146.85030139402429 109.09169731547175 259.9502912538985 418.5049279406226 
160.14947071936896 527.2952241358739 161.06115707324113 155.98248385449617 471.5395887926673 
247.26892685536532 477.01534934361945 101.54343423694644 610.6429279608877 423.81381899949463 
94.74783635150712 495.65946170961763 553.9582984952607 191.0703165763545 541.0559698970009 
479.06175188603765 174.97759615374548 598.7279185553622 567.5487704495839 53.92011044820051 
111.42883057671098 155.00972777120734 216.3946119500099 234.2189459113948 114.4893318844609 
278.77581192891057 306.71089298581535 562.6737031284074 94.81293342807547 113.08869136536788 
231.43966775310736 521.5316030403098 230.21485041394578 502.5852348752709 104.55275647691094 
114.60043018714981 249.8581194086946 486.99829943060973 248.4302863509783 447.8491027863479 
559.7850546943074 413.17209558830825 161.25628548735904 485.9236819555046 224.63789493420623 
117.91491392853908 454.27506188956283 111.92277393448731 170.41202012416483 584.033028915378 
598.7522983936501 567.7759237689728 323.08565747894414 221.88950939966247 472.48434078122705 
102.56870844115515 547.9698540895486 478.8316493376986 45.6997128266911 206.15848106731625 
404.6223533700367 228.8308597043934 96.19637571583975 155.42432662647184 82.16924700610159 
544.6786323564432 393.55860019529956 350.4950064962041 229.8780081319156 205.08245705728902 
342.2972147590464 268.29876965462853 347.8257997991989 239.00541417817985 23.756897065799603 
410.778642421715 352.50679410510577 559.5931052399866 326.6342942453021 375.11698966229386 
482.2220607667628 90.03180027229791 405.9508672750344 323.31306214197775 257.09606896309003 
533.6814149806082 460.32383828367585 78.45749730191599 358.5633299392996 290.82721010917754 
567.3794444168967 425.0471081640034 43.16900514763469 574.3938572828084 267.1519352363225 
540.6841198574382 255.52725328890153 326.96568771919965 133.31215518903906 36.5033359997463 
555.2810382103459 491.4567546840761 122.06949233530067 433.67117537609914 322.9071039692015 
537.7747183057338 438.5908873503162 453.30015502735614 459.21003124244123 297.8218930485569 
610.7807599836974 47.1226752540403 143.34885340429184 511.177721272001 410.26539053024976 
46.267848049568656 164.24026715144834 433.8059192972856 410.42579677997554 55.48511271123493 
490.18197411207944 612.1303850647015 121.32253224225852 370.15829520564904 291.54006761915196 
474.82352060547987 191.35652210802238 43.454083024897 381.3440323766055 344.650624787336 
315.50927780821473 180.94839776653848 388.63328460995086 222.7143001302769 240.00662898414902 
90.07461482196544 529.3989232478341 447.44239951168623 603.2494433681591 461.73730463121746 
589.9644275011613 480.6634789090147 502.85520069884933 311.43524372310134 287.6490473822491 
23.113259647349565 228.6541906827349 357.23742811323984 523.5576806451224 211.71623170307936 
351.48406254575553 461.95588645272767 392.3410050411673 400.98559307689146 507.6263307835683 
516.8590746738528 563.7694939683721 580.8859026564779 168.72893569301687 494.2694215377948 
400.965222989162 433.5016549932328 237.05821742452298 346.389007996434 330.13508188401727 
580.855890662763 255.92429037908826 577.6969989470149 126.64925054204642 326.2223680282286 
575.1235745506556 268.26259124472864 132.30859358883964 141.27527149553651 361.24199231024545 
275.3171993699701 568.6448186417316 501.41985243930117 492.66297615292206 290.4297722554367 
261.0970486224477 221.6482505798453 129.12362156041968 179.62879726693487 438.90865748761075 
595.263690824478 495.6630634452572 583.8148446099268 225.5880153367374 187.817298882976 
170.80665619833283 306.8074182620558 584.7770414320302 88.60094077687758 518.8296290041262 
168.36983706358015 36.371063568097924 572.0400300391748 455.94431947625554 349.55583607003274 
407.73409243228747 271.32996253387 90.25424153512212 607.7217950833178 234.85290657574294 
116.65991258560996 525.3191933984012 288.5481101219771 378.2738912329875 40.36790515871905 
467.1748359496983 612.4137354462418 368.66638870836255 601.3706161438994 24.650621020697688 
462.467371665468 146.85622193517023 231.21199877620128 42.82991559452121 451.7393141325256 
413.17317127759765 554.0741927128802 459.49580360462096 196.63745056378534 350.9561958213705 
583.0946126290681 124.40660356190112 274.17137291544157 39.06011216798913 345.3329813139114 
71.24465968031622 90.24821315421845 618.2074906860564 437.73197613733737 382.08230615284185 
436.38408301658234 226.02949564559526 366.4152672811471 134.20851307423203 462.1746603392806 
65.63947836269702 471.66674624469783 469.1602969467438 540.8689585175217 322.5829916658705 
390.9346649043442 173.80237297280357 455.38974567769594 595.0080124596909 362.2043092933172 
313.2989130237252 482.1445651843322 451.8992418627936 420.0832904794256 405.82115023901025 
499.9709805303827 84.21994336038345 486.9427503718285 578.8345823866291 201.55994705669957 
563.8054164360695 311.4586676522761 296.8094657649821 34.70079496899528 374.85152589006105 
156.8966823614746 600.1985171798293 250.69191832313092 32.842335134703454 291.4843784668105 
145.52528778912028 387.2606052731925 355.76036649240103 483.21474245543055 86.42729175190316 
463.33596567239925 502.42339820610715 251.42443776557525 585.4973311225032 513.0186371904647 
242.79134353916982 177.4908768507105 96.76702393022465 36.09098910899121 275.0872870776027 
526.9915205829864 308.67614228865966 292.4115809544408 554.5760760900741 185.66943596439953 
587.3714321987286 517.5377515924554 348.84443029997436 261.548769839951 110.17899127611257 
286.91986795530346 284.4262763788919 55.54382536435623 229.0935229096854 606.0111492593606 
199.61709617227072 252.905537497396 354.1285296705574 53.636788109381556 568.3208385043887 
137.8491460381744 596.3711176358597 455.96611000288397 409.7734562646791 383.7067328332711 
560.5850765858787 118.43137193199709 348.98658733009495 320.948426139401 27.206108904343587 
192.9373394570987 442.7551683342899 335.41600583079475 213.57283190734262 107.7048808513758 
536.0728708772292 399.1126632580808 254.23744878241286 137.09279368655672 263.79886755405676 
285.89265391923175 490.19969051153606 538.7412678618365 162.41988445205754 574.3946012197034 
306.9078926671484 35.38091881429968 106.75129336370244 90.56222971546329 610.8708943915151 
168.65117489246978 436.42071309664226 592.0962369422074 184.72451168986743 602.2715547702878 
486.9783067524283 247.18101516923576 510.596393047061 601.9098289895221 190.4771236554223 
209.83013334696028 201.61292456153254 469.0906864445281 360.36751634147953 144.19412518362807 
531.3919702545718 456.4886272061138 425.5491824535436 100.17445338709778 501.3652890922743 
241.94893942689006 328.4247412543327 492.68741505432143 235.7741238055446 388.5804414917275 
251.79848848056878 486.9216749600869 444.18208467746564 168.26374433768697 389.4641632530101 
41.9331783166282 241.3486848026031 75.91877322157205 125.32533053360179 214.92122363297486 
564.3075918730318 111.8753351519122 335.8923156620166 78.52948747878207 176.49318098341988 
59.6905204373553 80.99937045882461 153.51565214141087 198.75912717452647 336.7564697584206 
97.58572579561576 209.13341456995468 257.13293960218385 345.04263943141666 461.3843576408098 
433.57072876065786 87.1500285296228 399.31587722440446 331.36234052854866 126.78786775244345 
184.61105056801904 260.1824458643591 41.75628912397387 218.09918867943364 42.60647652064116 
49.29546305760206 556.5467752433298 460.84228986719233 464.65187244562105 474.07170293767905 
251.21555627832308 306.4783048387753 393.77788746655835 39.261339521463825 536.6291760477473 
610.4670803318447 447.41848811981276 272.7145100324376 189.89278743684915 472.2610860109463 
297.9412852461999 142.6884530155107 407.0179679538181 461.7616733361039 588.6637837885874 
594.0388353517822 142.24827474586377 234.58141951312 425.1991466932503 80.63913485631423 
448.88622526764345 288.456518203561 231.97534350961948 521.371875851599 86.4654546148524 
363.15273387274624 113.77130617871731 57.03526700506128 209.11192794071977 336.2087249915268 
212.11406542292926 135.50919528546711 99.93782038742283 616.8606150683906 96.3803427059101 
602.5242460259876 266.3118401321499 390.4913976806097 379.44654882352904 425.3774749610224 
560.8498081455019 615.9490410699208 297.7308652603309 226.93874080532987 342.96921214743253 
228.07689188250228 145.47117608813363 557.2912214245569 45.8513740148328 547.8004090216248 
203.082531011589 180.35011439069524 63.655247639299155 52.113626027063866 549.4380369774274 
602.8029795686676 223.8262406200309 206.30936847930604 297.9167650748995 422.71567535373765 
259.34422431189216 610.7968170676111 346.0625299110003 425.1475294902312 45.75402279557222 
264.8502774170755 78.69725782808919 302.1196200953404 317.82251399744115 299.6328143689877 
214.33270727017836 424.2796960597883 530.66596880216 82.83851793229871 134.72424425445664 
41.60775997062237 280.1911936514028 347.29728658826997 387.41046754675955 240.50589190174566 
47.69458079902305 145.88555094929666 201.0824624934757 334.6160019413281 183.4624931352226 
385.087140848701 403.6263395278001 516.70954130689 194.21692234716707 439.54762498517977 
82.68291229874745 348.99255146316364 549.250048494281 299.9661429144164 78.56817591118389 
219.17012132666122 370.0916263546229 456.66836696558056 149.39839105145847 439.6138420784265 
118.55272380256004 271.2043680060633 198.26351048281512 616.9759943927718 547.9897599258852 
538.3150718060045 502.2926955706372 269.5943124133355 132.63241731642827 490.61128109163684 
233.45565485135725 20.03103693251831 539.8193628312581 48.308650525661406 310.94361936031004 
440.08988305856434 459.9853914916636 266.3627104030868 574.9735839143486 575.6549611617759 
259.24376241412085 481.3474827629384 21.859731882512982 128.69509309984429 469.4075336654133 
410.42148619092893 590.1955966446513 423.7774239329883 80.29361576228081 604.7249457047485 
137.99087280093238 36.434124286401186 149.15324788975232 209.5518296534785 600.6066136164333 
310.72581982014424 392.07274619863955 133.64064178149542 469.33237460622075 143.34552955294566 
572.188170141819 79.92749651105578 280.4493750212365 361.6069327843225 49.55771597664343 
240.10547264915132 154.62308961890935 372.6606346027763 407.5355862111226 605.3337333396915 
376.4692754235792 511.28223631343644 20.491077065989675 595.4404119369515 554.1370917298152 
263.5758494804604 177.71661037855057 58.962854439352654 248.75297383689005 93.93701637976145 
528.3684922535679 446.36899911244745 513.5692361622254 352.6185548579638 162.2841382981219 
308.80371192793876 532.6608282936074 491.2432054565379 391.51951645326295 424.70368410402165 
499.0143760901817 163.60684466617775 47.45053384835023 406.6248310732826 421.8529358623723 
339.11593206399647 58.28216786472438 590.6257857523992 303.04035681227293 306.20299543174 
21.809036542172283 360.5513047404701 72.40905080356784 393.0639244256065 238.27123086656968 
409.5593189010154 221.85476512919143 583.0607114929816 618.1489923134536 391.2354424841322 
28.042233341705753 352.13357600956687 29.74030405506978 362.63851578165037 603.5654294547064 
405.56603433629033 401.36474227718224 171.62120557814626 366.40615305874127 541.4467668328555 
243.03766048354106 90.7690998098621 67.5346840710983 618.1720814557822 202.45833486624008 
150.30232516473507 466.4962927774733 353.33250758306264 220.15576364025094 572.2832715570808 
494.8273394145272 431.3275476810515 398.63596746743553 458.4742331630656 297.14473554029877 
347.0522053923317 450.3745688049399 434.18860806504085 489.7524433269521 562.9988929770818 
539.4981620271469 100.4796852379427 526.6088699594459 507.11882395465767 481.9986142543078 
497.0104418787615 412.4987930414668 288.78629271223673 419.3236701562277 327.9482322907892 
