153.6512824374992 489.9753430243272 377.25511321712924 406.33573583662854 129.72515096911036 
325.97988284931836 507.18424070441733 142.72479775558384 257.04255049605797 265.04112942262435 
222.76508901178093 437.0779905652535 323.4146624379455 260.12000765301974 329.09358415321907 
380.92267402510174 326.70885432808313 454.4850659206606 44.410840097534646 20.557489021133904 
117.60658762618947 355.5448713835965 434.62439199863996 174.45473712309789 395.90743582442883 
261.15238970521835 257.03954361863794 199.42369374685714 202.95742041435315 362.20937283400025 
418.37913057482353 191.86312162848606 177.7796431769612 70.39885483534519 377.1697123317558 
235.43091045257623 469.4855751003443 244.87412585889183 445.5723120303224 431.4592099241412 
323.5448425513918 116.73190798676974 70.73594431765355 73.44288154377125 484.49191198421784 
335.0982855853861 300.75184537884223 451.9297295076827 182.64755478997657 183.65511763152253 
265.2867980712291 401.1403769705062 97.4334078890499 141.43543620654907 125.97344773575641 
323.64596124510734 314.85764950601646 86.71560705830993 76.63581904692755 54.43197238798741 
421.74993063974205 67.83266329222891 98.42823867496885 50.67602503966017 504.32371950473987 
189.7547035751894 299.9656319778609 18.5679811008092 443.6441510273692 290.232695133221 
297.52342457387005 213.5003733011021 25.579512595986778 204.3616288059014 215.3851921008894 
274.95737960340637 507.814543830297 41.379250954507775 11.416076671674205 82.43034692905414 
411.50355863443605 22.530427520243528 457.9401915623761 243.68805081696726 430.14162317838964 
53.82540600776863 233.0001034239778 451.72990184383616 473.2318837539567 332.51987795345724 
202.07652787235563 71.74999857081082 487.327132863537 411.14518588470673 95.34632402128022 
444.4404203831231 322.02381552137376 267.9166555608181 410.5569647922779 16.9617233180323 
33.4865082461751 57.348229863709456 496.5956095438546 37.908685795516085 143.08103174655105 
339.90153786588286 397.8308403700061 177.59977026128936 493.69438251509325 214.49753446571444 
164.30525939103285 60.017926698769145 471.31955865085706 402.7187733369729 457.8569897601308 
317.73137165763103 484.48329003742833 458.5304821102465 409.2483633904536 406.12204698667244 
219.09508719775332 402.348588214863 306.3797002903769 38.25020192882211 311.2953917102037 
203.28278606788606 318.6664513357885 226.6829704040754 205.8812387817666 158.38276796173872 
87.65785896158577 43.61526420361416 92.88738995147516 342.71572796349056 138.97510585268984 
335.61102155895423 439.9010820243578 429.10337666135877 195.64722160075652 254.29290456667235 
262.6886072540527 301.3464158839749 97.92282544031322 89.30861531771421 401.71171068688324 
509.76470750267924 159.63575523837318 14.901987541771625 197.1120904660561 242.88125308045758 
416.202925346868 486.41688577998923 79.74196093174479 114.07813279610373 344.33216919401667 
148.06211732526242 220.81893823869086 187.05241982438713 258.51864391725917 238.26549697680605 
507.7832716570178 288.90032663422596 214.40751193568184 103.9450575067079 238.93565420085872 
284.65761801209686 374.10129422533674 60.02568372088834 54.43361712404281 112.12446159100475 
413.48992684505697 455.52923379269464 246.2247382021489 500.80282147275966 176.68160627707655 
432.5662432123281 214.49467206546308 423.7745396468525 407.6125855152171 489.5573979649115 
463.2083032826642 456.3481996178044 13.914121948948635 85.01280895045991 152.3219373275159 
340.30292812015404 443.1145787886039 143.1973524896594 349.24486365600274 177.55721070650497 
376.25481775011957 448.01009030226413 247.12817994915642 302.09093296715207 68.99514924019283 
36.40588851569508 242.5592676283638 503.9487119908388 295.291750517521 327.6874465310376 
390.23981887427453 404.1525696376812 473.720881400946 349.9957845235043 377.2256897721003 
404.35229163058193 181.52887878068702 50.327359426367224 284.3065803972607 260.0413638486889 
386.48610676658257 299.4059140547811 27.103820189459718 451.1667068946408 351.623003917006 
327.73719569088786 494.46419609921185 148.9604095182496 292.9263634041834 454.1745929072713 
26.728127931933066 202.82140257158937 495.0738422732574 93.3240094893744 501.45022150587505 
196.07542681504336 215.28507779469274 153.11587149704823 419.15029915804985 244.44118782050694 
330.3672096269831 58.872530446489534 506.673083500746 336.0310177636826 307.033286372093 
265.19914119195937 480.7347121938787 136.71404538508546 200.5713366141425 242.02619180686597 
239.23406219539007 309.67002627363166 11.942504792671496 46.13170816424633 372.90714693661863 
22.962047093973805 358.38625924370024 214.47137384616693 14.902613313627569 443.95602866875 
37.61074865966834 340.6446067085298 170.85655351263762 144.4154091749716 190.64649684069016 
320.82472469738354 297.0446548352634 465.09890628868555 393.44162747221094 380.4814471341941 
19.189943519892772 13.689653855459941 132.27660391053456 118.22361447172423 509.5040600432306 
94.88365289902016 243.07664963427416 428.0904956725555 164.54042993176554 496.46591822726305 
19.70008393764743 286.6196965970635 351.4372340395681 180.2021598651371 321.280541083282 
16.01974425494589 115.1284119370196 51.37436939774602 133.7012888640008 259.77563225330505 
364.1008594119085 105.78825103600158 165.27977497873567 32.015234657322964 177.27580413304554 
378.08075200418267 181.74047188571822 326.9649220253036 499.5927030170587 240.1557698974696 
410.5541969668691 399.8223874169571 118.87350006219631 223.57607926726234 469.7220047435667 
455.3748335974774 441.5456440691555 164.73981957796218 401.0817795489443 105.69061491796604 
209.80184284850495 96.66939680322206 13.21567382566873 83.21253352352525 427.7746962896874 
436.24114453063424 364.0364869267364 320.5808498419603 389.30434507865533 140.68374212918198 
338.13111841237156 133.5142032791261 324.8772886149951 132.17356821036168 398.93926150107626 
368.076402491019 310.3144381350772 414.3551396742029 220.84539988740076 498.6574711484528 
204.78658466912145 429.61464693302986 31.26221770513126 287.996807981583 10.735373915745186 
330.93485853877274 117.78368328884808 245.57679114076396 173.27794158485116 467.1593946307999 
80.48577867681044 245.71483094732466 461.67327521539295 505.4946238036284 34.453064727605664 
291.68204833384414 200.42852679938878 240.07713438271017 92.60917672809848 37.176668729191 
242.62328633936673 260.43509803758695 83.92948134331156 301.48027516029447 203.0300294947429 
278.67148044590044 87.11385940061227 439.6251332604905 93.60884257657125 39.197383409938105 
484.7978267323863 53.90046001022113 128.95450021042714 359.8434619633318 368.3801624605381 
158.026120846119 94.27409205911962 478.17774184778125 248.54508185835576 30.32151148025818 
293.47331490318845 501.8577622709688 151.55706729372585 117.19806808741028 219.92944393165592 
386.845358149666 306.40663653310406 473.3033223895681 217.52930443195612 492.31205517797326 
252.88500917332678 349.6446584482236 24.55017950041515 386.0632764406936 325.66579029318507 
166.02101179391897 217.96191908285073 199.30950900042458 94.47197854384447 229.0904926149131 
200.72827164834172 454.6124466391468 465.40623523080774 182.40219226093345 499.6856330252195 
415.83439501863234 273.5225912213432 299.72009890450147 266.577297032268 133.91889211051745 
321.7178001762672 357.9675120009618 499.82135400540943 487.3308189844919 446.02031749961867 
451.11984041151067 129.5904149851204 140.9840171353837 312.35521408795154 231.3741179509987 
233.78108042214745 472.4845943053351 274.8629036899441 188.92313240067415 277.4516031129581 
139.51802811410514 250.85010844205297 206.6624905717717 393.30556363965826 87.20819357434078 
192.4508631598113 251.15866819701498 345.79987019007217 419.27645733246436 360.0760239286942 
186.2061623449706 446.45517297890575 181.8289013820845 227.72907039827993 320.301836112516 
312.94671084775695 233.59987496993233 475.2666263454357 424.3647260272614 489.553907507603 
501.48000822174583 147.68156614135373 81.02921937596219 71.54661206694666 45.15667386655791 
186.48701620416622 351.83991286895696 101.08640934267048 479.6952205766154 163.2793612158358 
373.67622749472963 127.22071950813829 429.88896057609446 170.55817302956743 120.73478922611774 
447.5482578619132 315.20609720009867 449.88152594901686 193.39790002671452 174.13361524982489 
389.1616607387822 462.4345008215428 120.31606784079345 391.24927287872606 81.94268667685844 
232.08924104394018 285.0327598278218 297.5232106607306 320.1146338828199 416.03452311038285 
213.47958221817785 350.0700018684716 122.23725823167896 183.0530818664351 83.66986106133567 
53.183840087523905 394.21800999607206 104.52472387937577 443.9188905730656 159.17131301543284 
473.2311518630826 388.23339830817724 250.91890158401114 173.90232066472066 94.03060258169221 
410.05642632144765 463.99690876277214 184.65708290447162 76.48478132931245 123.61379395106758 
56.88350774230543 152.84733959993534 158.16145407701393 52.95592177137597 433.3208143503866 
439.19009434139036 20.790741557907324 198.36778276402433 357.8376207982335 453.91175542725784 
184.43449500926005 310.367629021451 138.01994985216504 449.56098411451546 68.19002420415781 
111.97849294702921 419.60502596304076 99.00824163713983 141.25637276742418 174.3503920540031 
80.72693006003183 126.21031147801759 213.1913823366388 275.81160046165155 336.6419532581784 
382.317814472084 37.18735685806611 199.42694971840774 291.2618305046078 384.70381813748475 
25.19385542568774 49.14130225824491 296.82290294048113 461.4917627034881 498.71537652437723 
289.58646186857123 108.01952038870154 269.1607642537481 24.11231679908859 339.6294148814945 
441.92950550174567 75.80643177196932 506.2332019043854 174.74024469779636 180.060128815392 
327.635359091413 339.20627825824954 18.25768413599026 73.84251682554448 141.27131305129512 
38.21875755242886 326.63054763296736 439.9026182336708 489.4514092466753 401.11167245810276 
398.7131009208607 456.43700438063127 472.69020354263273 373.618534796287 64.1925021732128 
297.0214539257733 194.49001681635752 417.07590734865914 31.22645792675565 463.1805791646167 
382.67545462556694 302.4341066552574 98.3692016948538 302.0464999213588 24.430398288682976 
379.39594308376854 60.86393485363111 320.43481868423464 407.61541789930715 494.51186825375964 
266.3798488927022 31.665914095831518 85.94390983746379 357.0595292328264 400.27184253449656 
196.45974313645897 410.5949577289208 276.53578293833823 205.44110869345087 444.23225479434967 
395.8410964804774 320.5895538666527 466.87457439389857 386.121504977954 311.269101277111 
67.22331663728875 215.9415437065741 456.0716834975234 18.171917838934895 250.09159019922026 
234.5254932949491 341.3031018930516 192.6898446479887 220.72448223181144 64.0691582897721 
488.49628215525235 203.2791169704277 276.5043986413629 349.6111449303795 297.01831060064313 
35.08602946116223 28.224027466305305 473.8920922071526 235.5195261668974 278.8046614948381 
106.05377542194537 61.60848855852612 243.22870366424377 326.5963904389834 127.74673287018838 
58.89243780311625 402.27484222726963 42.649350145469214 477.90933426927035 218.09524566708427 
492.3637381293578 300.95574792991744 72.16580106479508 442.95319186781836 164.13732926953372 
407.88554376720293 405.04452290123913 74.21342989456753 92.54410597795214 52.13421498287584 
305.4144603899286 320.79828631485094 96.54859407625143 49.623002135233456 448.299743939103 
166.58595017605165 336.50805955268294 275.9296611163824 296.9005779591021 207.8858057045653 
325.54465312979113 303.8278377702471 273.64855416777493 501.6864100477849 116.24093174300403 
388.51322789160605 84.12449448501756 129.75431338193732 148.9870906919094 68.09462772824247 
242.66705762670048 308.66189821969635 373.3078323067057 271.9279894215164 473.49996539128 
500.82222289904155 378.4972011663119 454.3716274856359 286.20638449786856 106.60907961489923 
394.8893377876585 396.5407317391321 149.37814488041488 442.6404345142613 152.09335788806348 
443.63914279900655 311.26828931857557 336.30326277593093 205.52045442653582 70.44684729957078 
441.27481039857264 291.5980020749457 467.5314332512037 292.5409366049019 391.08389459597475 
306.3806783310207 304.5325970194823 65.82840794583433 499.3006598588576 46.08092341577168 
186.34840055972722 441.9688758506697 488.3955611969589 203.97385303638399 499.1987141098914 
372.2652710520103 127.79468534857213 503.08410270158384 258.6090319202541 177.60065806883318 
461.9418445351839 419.80006076809303 83.58160049148321 326.9993939325317 27.160798409018184 
334.2764064836179 418.35572570400006 292.39060651913957 106.14563713807023 437.70305535449 
113.08525173636174 372.15223358291604 193.90743494166728 351.5188469967172 99.76145985275863 
501.013671734022 474.0053821097837 38.64771644540232 24.709406034373373 188.89525782901538 
228.89039678572664 211.83590387341704 323.9858896553459 356.26254633521773 233.18945062245348 
69.16797722190087 353.00716531034743 458.5736684676159 303.758725076137 311.83997309902236 
306.73451176341143 417.397829791608 305.33360520452953 24.267806703892216 291.74577385031563 
500.78308680393627 35.603810272967934 121.60889477890751 36.521032282356195 420.45144055866433 
38.541641958538534 194.77535468896318 351.27050600793615 38.39954803802364 19.811541421824444 
208.01668265261634 73.63280110161745 200.48301110389144 163.08908877365758 129.15020344312444 
361.5716667164126 339.5624654986286 271.11755052462007 197.51731006844196 319.79938324483527 
115.78954521503775 280.3300899182664 159.74370006641973 71.05479048758517 486.610851571914 
322.86573455994034 428.38165300132357 508.56430821809397 224.06811034836653 134.80739133080098 
243.51251481972318 91.01383400722706 21.972545730545736 234.46973105274142 42.38755658644793 
166.3598222675955 460.5316879515664 419.5654303341993 367.18523542291916 435.80759701983527 
221.00665455413315 257.0775893372527 265.96304379500725 294.28493784469725 67.97812588194785 
364.66660800503485 266.8821277096255 408.73926346949713 241.7990659052775 407.4396263372127 
130.78260292217794 20.586404023994355 28.812278601601285 358.9106138121783 212.1879993085242 
83.63902191863875 401.91111549232517 199.97928432421352 383.8166097666748 473.8430113816701 
249.0211675114548 354.75691055840514 104.67820732949389 132.14982112401105 332.08136484063147 
287.0672178968625 336.8339478318159 126.85286998095523 244.10237376577732 306.45039825140117 
140.8978063292531 246.71626449520227 256.88052419994904 257.4984723450192 405.3576365582932 
361.2238430039203 76.94546612674174 391.350066914361 289.7937732265794 409.2766620621293 
152.31945705800447 343.17272732207675 87.07367993019498 502.6671844583757 297.66665384885374 
264.46091773295086 334.6003799476202 255.658131918089 30.41035194194063 283.9777958150915 
129.69301997028185 76.99420587123528 135.39644480111784 96.16894019709021 229.17769517484376 
285.67486662236877 100.68101307885124 100.87611391715095 138.2665392451614 36.81610980408355 
192.0205137179078 143.17920111690518 18.803248727242476 168.92956828770687 58.642251288955215 
27.194441194106513 371.95330982074705 208.94693431159342 387.87369489686415 102.65708649104803 
75.41674308779055 396.31790706627964 251.20842354018535 348.1166338099313 480.24187632645464 
212.50966422214827 409.38704346446474 499.5726850515115 397.317920111573 27.236200474603947 
469.07108763657845 398.37961334528154 428.6247035132971 97.74540120724933 408.6880732426859 
357.24822780326076 223.31760154103884 282.4921831721914 116.02580556807972 468.17237857236023 
363.72574732768334 455.52571557428905 205.1541004362405 401.10877354848924 211.3417803937979 
232.9188709192472 505.25200984008444 367.23815331833976 167.88111597330956 247.56808665043226 
238.91869686568077 45.635823745821696 431.4889159598639 333.69160439508875 32.546070618457705 
397.1797560990216 453.17292154397995 107.3544727357989 26.33130862572296 414.52433981633345 
423.5402424185379 54.348164843866165 476.5074333048726 481.96797918118426 244.9161769410366 
361.75306650530257 367.3699693882755 144.04257802580804 68.92332576822213 354.5120546798423 
175.677919674723 206.65310745878196 104.59890571346052 23.34305331992025 55.007119526043915 
219.59529701148878 27.128664178196416 255.31891697519953 332.6341068959358 14.279662824669073 
442.2752822814203 503.4426145912627 336.5286167383877 95.48996169900303 486.57947704867973 
256.54597089579397 195.03289246209914 311.0041542457237 268.41198508249215 295.83997130847916 
376.80580779427 347.9060888957817 479.954500239952 349.4447648333711 363.610122105329 
229.41598627827295 135.18761735423055 381.2276428161399 473.5207545245557 111.06776808858619 
13.964074317888866 375.2768560787617 477.1324036234525 300.06156700201205 17.245258883023965 
102.33970850155082 274.3445432831453 46.61924941172384 263.5792240673962 479.55271878457165 
24.301961335186242 281.1714179320322 381.8981896974288 259.7923070847871 246.06883806442335 
96.2036621158881 80.71391181296732 411.97379453568965 32.6147435048581 396.5905057010854 
198.78867022198315 178.62720587338436 145.6903904296729 267.24491196639565 67.36042356817151 
422.0776072965158 384.1715033398985 231.91166512692405 138.9998784743377 495.55849586104006 
243.44879308980487 201.93264208682294 463.1778619370401 500.5860284165881 508.4421553096161 
38.812139741749235 213.6210005804132 416.92243874735874 47.817339308664266 279.4103578308786 
97.53381654786719 216.45668051873662 201.9830975861631 197.59324350905675 101.76541872823141 
197.33038764754394 282.44696950046017 501.16664490199753 155.99899222729607 399.6374392915708 
325.10782470794624 87.92316980491415 418.04197793396594 89.024919327778 365.06336835125535 
409.6295440505906 11.295268026560436 419.5240965162361 125.51054361812967 117.78292903721537 
169.47948435711774 11.938980525903911 138.31720128864393 289.96403392017646 368.6965128223357 
309.1210986457628 438.84295326571413 160.61536647414164 151.9042302738463 194.45824579779546 
102.58743442026318 405.07262576768613 475.8828466709057 484.9054764210057 16.244154241578094 
150.6773683152449 35.77069844536051 34.886571405415616 400.7378534251385 13.799125937294479 
147.24783010029324 312.3938351380149 228.8237219770941 86.59511816941445 391.4453676502725 
433.61459367533797 304.8265541551534 422.3354953072626 352.65884583596625 267.4124688967728 
399.09779821899986 193.12255667662808 403.94364545794605 345.99137869547286 454.7688035527064 
318.8317870833404 120.67060963018344 443.07068451297323 509.3784056714882 491.102921338908 
27.119969221033536 305.89930588922334 98.95277542094504 141.20930822505034 506.1917990191099 
152.43718235594193 37.11588522268005 25.633407538675428 327.31093745145995 170.03199547726615 
86.80855965263922 228.1768517679507 372.60478138124967 376.9195127391482 167.19435517264068 
502.4329768215349 266.4316764708203 332.87538786037493 363.3302549278883 503.4500335694902 
238.3385195282925 310.34680530369553 131.18044950797145 82.41325656413494 174.52523744422476 
162.39194884625545 215.55119330943617 443.1737819072287 437.8945691466982 248.75546964627452 
423.5250260238804 84.45263160994232 161.76516908391196 406.40802679742336 20.972270658562046 
76.547946401811 347.3261643647272 75.87811678603106 144.71813859166699 346.3733900371891 
219.91124739618016 319.7042462161262 247.9434313003207 269.6560746934674 424.1705292806591 
94.33557853576701 221.3970239771699 494.12200874066946 263.21821718531373 261.8091575584368 
457.99825105877807 42.49721158571961 311.8342105612328 452.5320136016047 253.40728574940312 
369.15260490441864 358.7978023595364 15.49589368306841 60.141674541596124 169.22091064609722 
258.4315912977911 417.2532158951132 237.8171448942192 364.01346023301556 396.4337130927981 
75.98199312239377 67.09082099229107 311.5653427798656 100.07651533961314 241.96800957389763 
419.88489496874183 416.1367110737678 447.8498621839447 160.83240135153986 103.46901144706582 
435.4985725572803 58.62706308262982 380.8327047336194 20.97938670792209 409.83113364926237 
65.43169003042975 190.5655122198167 415.95281230525154 261.0628272057248 103.88337068010138 
298.3988186424138 93.45370972128374 236.47808027963728 270.40056468895784 489.9623650284799 
135.37228530316287 495.4220674658257 130.23868266506412 125.02379057151269 252.47197814759852 
262.93050326463856 480.4413799576385 460.07902333185785 40.764313506206236 99.1125660136124 
197.78346289590135 407.98487276129794 34.789231443362866 458.11516700830066 126.78323599565138 
470.9619603732019 75.37909645149936 335.49662383388045 87.86264950671567 208.2961788963329 
134.48445403036663 427.83789564934864 210.73322855745462 225.06670820028728 364.6396989570021 
353.4194655229539 423.0859979831477 293.2288044076956 265.6467398793857 107.79204618712662 
49.66343252321386 341.3794836134141 486.0548286858027 53.06920548742576 101.79164274880274 
174.53410428429154 402.01460575528864 364.770024563828 462.4509120873881 410.2421150460628 
241.08463012401305 485.0399483688136 296.9626649207373 242.37005761262802 143.5683525407193 
256.0779527364467 144.37096249643875 268.8798941238852 178.9596998632386 32.59805722174168 
269.5968636743912 244.93082687847107 460.07559757293586 197.15349791431996 481.443393345857 
247.63273560693094 122.45314809897916 127.15148141223092 246.52966788803198 363.77935929348143 
61.589996620256706 287.38677083000425 54.231961469927306 136.88932161485323 445.60581437837976 
246.9222448189362 112.71007258270937 134.8831679825709 145.9029506071478 44.14440107690503 
81.09694224835755 124.72447972954525 353.40464132262065 448.82210551320003 167.92981249927007 
465.35325950436663 272.9485466824009 294.99663677675636 50.90084305506486 455.2396198865617 
413.4141131916907 183.53118947753836 198.0055902732055 495.88606986904153 116.16157344291993 
478.14776287488456 295.1671657168601 57.60628593468025 89.36089712728361 143.77996716629647 
110.41447469133364 58.90868845028473 340.78872579711486 101.06940965487176 249.69240797183633 
395.81290009470035 26.67150453459293 395.8341594012536 384.38237589805647 482.4270903946376 
359.15282437925913 107.33716497984196 155.6110543330113 289.1145624817365 339.96317004339227 
44.18288925185031 85.42567578228947 489.5774855616161 212.8702469551959 401.67022576475927 
449.9138208528349 453.18602862558754 152.48781766323947 179.4298675584921 194.34600236919292 
443.88092928093914 332.02147868713655 283.1741818119945 95.4189637987563 11.977764406342342 
137.52916256157891 359.38782444047627 500.6780774361882 190.20087827718967 421.2747626310992 
36.78701024125807 100.1966857674642 230.2751864386423 311.7528925853873 373.37592974351134 
310.5907453866788 241.40400841158166 222.9628541922779 432.928001117125 476.4467249194759 
216.9609575194385 330.5100673621042 39.72044457069867 219.24105299631495 60.724081899287675 
407.1129726705997 385.3500575836991 388.8290342018187 348.98043027150214 35.09355989120393 
286.45844370949294 197.58156257102686 189.82897203574498 338.4297673572454 17.194882493385848 
242.2476064381574 166.01027251030018 501.94764120924464 265.2446797351579 243.62068617527913 
472.59079700316636 470.23157012832536 385.25149483932114 459.0873894070143 485.83014394907656 
343.83071185368794 248.46153291136207 348.13617876628786 124.55919628486805 115.33958808371274 
112.41773699003676 195.90437658975762 490.3975024732345 12.931161499035328 59.53219217423671 
24.841801410071298 398.1377310609643 343.92036033129 178.36490311152508 249.56878790668173 
32.62562566569687 355.93630833650826 286.4368250560263 155.00705399649522 93.46337505781449 
258.281274025643 118.40561916186154 402.86134416647013 413.86461288995656 171.05452623069044 
28.43196379104006 396.5300407832494 164.9891666317394 394.61921789229746 380.56472486393625 
459.52278796594265 382.08563242642697 16.990421817391955 425.9730070210659 407.46347249404437 
173.76998855939397 501.722391863951 90.85331039319648 218.75636419273408 100.76824602402989 
23.87324408195839 223.83979612205383 133.9938235974803 335.4514345566025 446.6251722458613 
476.74591150569034 139.18354697825745 338.4908592957945 456.1382768235767 117.46538163606878 
412.8735441837503 413.96187055907626 497.21617024613255 198.86079977647614 442.25287526521066 
129.22430168375786 277.36148595176803 132.46785687393134 138.3064419231771 210.9075231269482 
231.79939073864162 340.84339402543065 405.10181875853056 153.32851736671486 467.0472316252634 
287.38536672196665 243.28623038129203 400.67076261119007 325.60850243447567 307.4528413592293 
92.87193130482434 89.2524080890118 339.3691160137775 289.6141985206034 245.3880686018145 
461.21153265313694 464.2742604400744 380.85162999375666 280.47698250118424 185.9368241850926 
113.86390335274525 14.550033245918407 107.01339370604333 450.5717956319594 134.2450104215606 
185.0984760008184 313.8242724243518 305.92053616173473 488.0786948302463 17.93230856535504 
160.08775221072847 379.0832511051127 40.16037495809826 308.8441375271555 160.4890959526185 
189.14957799345544 462.1710938105061 331.3916676905807 345.2118349553886 427.2780403944122 
399.1780364025998 336.23056999298404 399.84228589994774 187.48945921689884 165.4625513837779 
291.2006169620651 15.265533099850007 259.5026794616015 362.25360507391315 35.99301621341882 
402.63090574283325 219.94066678200718 434.94488106673685 150.227231977896 53.4652796876186 
183.2350449847721 312.37370316564795 458.76534064187433 450.01208821460455 198.55727412075163 
395.7397899164814 223.0920426519925 55.87437502656966 404.10455147137384 289.74208928299737 
192.58846989970368 42.039904283178714 175.06858665290702 293.51166075143294 314.5279742671367 
328.36647842618123 126.61537412149514 293.9189390915547 26.621891163299484 145.60553445845193 
458.2040137186756 328.8333284341018 180.9435196114668 448.0422700166006 250.57287017831476 
212.91328580341488 273.05836859614203 131.830336372687 451.7210067506772 243.50512961249242 
275.1889075051443 139.09917461612562 413.21311308404916 129.22850501656205 497.24173253947055 
152.91225939402352 463.1361195646606 408.826916721053 24.525532212804393 213.1542407793585 
127.03546121029845 252.86102644676728 405.9877749891924 208.4252151176295 233.15924664828907 
165.82334544026443 391.7983643450196 324.0201638501599 263.3384182078215 231.25204530928877 
144.10832959012515 151.07170548300786 435.8309537663255 167.42218602041814 469.81164499728874 
286.93437478830936 131.458453424904 86.1925052965659 249.1384355647337 381.88842167010586 
399.3628897063443 472.58578885474367 358.907531575716 212.24132515503024 403.71204688993055 
27.681073755134836 14.266626554556453 484.905152775644 297.68140209955095 142.39567822485387 
77.74803431079651 203.52785277338126 136.040850824742 394.7353288538937 509.468363000771 
51.25666526824684 62.67422693154833 88.09031519670062 257.2999566119559 370.2116690417075 
134.35990435884304 473.15604325971725 10.842567085706737 442.7477655639241 267.1403374247269 
421.05587693013945 368.0230218020683 404.582993977183 416.60906163194306 440.24456059513176 
88.15132356523935 244.87152709544878 228.44285170944056 54.770264743649534 230.26110055027564 
473.2993129124125 20.507510350250158 186.4733652608872 100.56264590922864 159.28058129279592 
82.86517437261203 308.7002030984681 57.83657998130231 173.33326602096437 407.01140687355036 
264.10973013942805 350.59640833283873 85.71154325515633 80.67015209164101 264.1514481285913 
284.84786328539315 302.3735849901562 209.4746390089431 212.79246825629494 146.27341764170748 
143.3625981915584 351.86241844225765 122.07211689251156 425.6699215977796 193.67932643554462 
78.51269043420116 12.061874081133341 21.467539209289 381.72417039900074 392.6538570998071 
312.80918577546595 218.15811048922066 365.38699600047534 372.5697222347536 410.84276878663303 
364.46104472443244 430.8627604597739 22.632172258093377 107.81806490993789 300.0549567696842 
234.27105860430484 444.18866666332576 383.88058613546326 204.7029991699721 341.1578500751311 
62.63258489223455 483.3253566478307 168.60020990310397 143.95730957335982 271.9845082108808 
465.1307336884918 407.7708323186512 362.4920049204707 483.31267349198026 485.9446155450887 
173.34389353759914 457.58960211824547 188.32065140602288 208.10098719041903 28.534994163540873 
412.8940451368681 274.43033318845977 350.2454041566993 292.1625694927055 464.9495400020202 
452.6884833762836 23.14696656160136 72.52674271172798 486.63532443715144 284.8248420984897 
118.27535779472281 440.47872107135834 354.0293775431075 420.7899858849675 141.72084623296465 
415.50912002062654 251.77924076110043 283.10106096347346 11.035396085091456 63.683162564372275 
497.05801891952495 59.32348997581448 457.57312473536564 131.25092648710807 87.18373633589908 
489.01677725876317 301.90807014730643 262.7607468936077 300.9801279503015 56.472599302513075 
494.9075317744961 477.50395788506046 308.95701438455103 325.5731676964521 442.0390342211623 
203.1190398429879 372.3883967828582 278.09818901080456 253.48905416487858 290.1832779086692 
336.3663644488372 141.8083381434041 187.67164546578874 56.62018066949541 246.90893250815736 
319.633543503115 180.7050917988257 35.75061190309647 47.20004789804449 156.2940638891006 
479.43467330455843 226.8158955665332 433.03970582426683 403.6826293604235 20.579754826231746 
271.80094001365416 72.58243361326788 371.33561477930505 323.58317419521524 107.3855708473948 
20.442244287563128 373.3214996960777 289.7412610670057 265.85215191773125 281.242141703419 
207.874691292577 425.1924088906437 123.77756093748647 102.68634290886646 31.10278896336165 
130.34245228259527 22.337841370570256 203.23335544042226 111.09551253783017 323.3049698283416 
308.05343687736814 264.44793738082797 73.76335409617224 289.9345000871189 467.8032442901839 
143.11027533656727 376.7340375464811 278.03101806575927 156.93558139325557 383.1601511124404 
372.63506570809295 478.29361895888024 44.30424960089595 232.55468183640514 448.090263979836 
159.6015887833116 23.057717027760763 495.1173335314491 349.7586711187701 351.20103594671536 
461.0096281218284 172.4566177990584 433.74369738397166 89.37508828964235 289.4187137828683 
476.0324212054968 199.7008372410087 371.17598237788457 354.00627460936795 414.44820939739736 
95.9719425633375 82.79687449572259 77.03935962547169 286.0472082747825 207.0742652951707 
295.1618677549903 104.30766784457795 31.89059190646908 59.872376094884764 444.31199163829876 
235.82244775804972 29.195932252874304 409.76099283487395 39.16557996256797 64.06540347923588 
30.31397390879308 493.18701546672276 164.23098102159395 368.61580440016013 77.32185109542199 
357.8387377976704 169.84983355225256 440.98387042100984 347.3108510923927 506.8304395549801 
67.54890561300363 138.47857373042854 508.4469866254122 218.21045966934827 273.07878589864936 
90.93804468074306 291.8822839598869 26.120875922870315 464.71739105240005 109.15055509806459 
109.59506784257954 474.93697012379334 449.4166045762322 468.794426758879 173.237362383222 
382.7144288649298 54.36989541659209 368.72470053732417 194.06743942368482 475.27271607299105 
186.57933985984963 487.4350592410907 369.04574897062395 377.24236996533153 327.999987946813 
186.52270925498365 483.1722595139161 71.40467179723197 358.8397409956776 34.984732636534005 
83.14339437802947 62.65161410485525 226.59288633368635 453.17376751959836 302.40671486322054 
107.89435133139467 103.38537759577953 400.2412788758864 42.69133143273806 498.2483101359969 
299.21003276754215 153.89644512841798 342.0924060444704 504.82295228317355 323.6297271548561 
356.308948743881 384.7876039486398 224.44450524802582 113.5267646334378 124.9836031656356 
232.46384687410702 186.63959755564136 69.47647828363384 152.43503343381846 482.53235631005066 
208.20802085772954 168.3232325877863 343.49059244874417 183.21011901345773 106.71276810640272 
44.53696397721689 164.04948062960705 460.54599814247825 509.21538728894404 57.92833132330249 
500.1264185627433 437.4695439149836 117.58481870992065 490.3006615884664 451.00772490745857 
149.94055210373784 416.70790057080546 138.6167808580087 105.34816032955035 290.2776589608112 
436.9295580965636 197.25886008924547 474.0365722697566 232.74403205851445 307.05085723407626 
446.95938442533196 378.65839956874515 421.4681513415509 459.21309090876014 392.981438740175 
219.3832915480009 325.77806397792 471.995888874451 120.12634003071237 171.10586704061663 
293.02699926985156 163.05767187981024 257.14680559767504 481.66776738850353 253.9885670248199 
167.64637040580877 68.14373605988376 170.98916673576818 360.89973484701443 364.30870262051405 
313.5248654731305 54.93779305193629 263.22953580312185 134.1260398391536 148.1031303559884 
142.76364929179923 351.25181740679625 64.80495669529506 448.9132445868898 81.92750675201748 
422.4999945515442 335.95071410324357 90.32426119429937 449.15137120712666 351.1821061605292 
146.85172378872272 309.02652232264614 311.51893055514523 465.634074853088 173.10306737929585 
426.47090878100175 106.4542255336237 463.8895476275586 163.39730137081875 321.33868242374876 
14.406630467429395 322.4441907831822 412.81062468667017 169.61988119900212 123.07017326756058 
278.29284315770843 473.91247250798875 94.87860109221957 306.9655386873146 89.31733757353338 
92.02681798262812 496.28305402024876 371.2126089664591 403.1034057448696 475.97314490822214 
446.97873217795717 133.3218821444408 189.26456222045383 140.61523516132905 180.38264612378805 
241.83281216308748 315.35130438319726 182.54611022236838 306.97688142471145 155.62718379712746 
471.4235203559914 475.2368868634182 29.179534279171907 332.7456224123374 273.36443065920554 
394.9779794808429 246.87112565218044 302.5354968759656 500.01412310715136 313.94068108601266 
71.15474433095574 419.95811817885374 44.20071249111617 221.68713447828014 388.92782844545883 
225.88363738022764 282.7474117789512 461.4570348125694 245.84400350028912 462.20148955522427 
195.53351285120078 192.55894470058442 440.24278587944764 415.574686773288 188.68745547034197 
315.19455188211924 345.6255214416619 388.6660414807928 201.99012033886132 219.04394059528298 
104.25555070700187 222.66444077679725 305.5664318104794 341.9398527795443 459.46078026267827 
419.9392864829032 115.94340238496258 149.95930453834032 119.21678972449168 40.651195419092005 
486.55279768308634 275.2605153687052 168.58854584840583 172.14719772108955 52.75649070225745 
172.9933106936949 173.60887175516535 394.96843447887574 336.47263562058447 283.61117499719234 
244.17192540165556 294.2985366525362 240.4807634775155 311.91301551403126 448.5194813593462 
190.68082438081228 387.4840603839955 359.14275044508753 96.8986090349338 388.8323782533866 
384.0067331498737 269.4749790906616 36.9683961072042 368.3832445968408 214.20477886086957 
177.2147025854802 228.53420973238934 465.3687034107417 93.66822348031022 366.0392222434809 
490.1874236888143 218.30295413605072 238.29282935827234 176.6105604500253 435.42875756111044 
177.6621143647007 128.2996533730165 323.88616975654844 240.85344298214332 102.60489039782432 
472.4803252021875 110.45645020393268 13.976240098352013 93.75874398096201 202.74634921757126 
147.23683680432347 153.27450810077585 335.90008921237944 454.06044478720383 317.84285427309595 
218.02735671275818 249.35618376533836 109.82809809346361 347.9760834799133 450.52916815827837 
473.9572446951604 117.82747063610077 466.1493584794914 218.25538611674054 234.36662806057294 
406.75573694599893 267.07902310700916 268.5588947157852 260.6173828380472 358.46999295333177 
14.072696383941587 313.47508895891644 62.68312639203809 416.00091556932813 241.74049120325301 
87.21356848403089 482.9116227603503 32.41720689189025 145.35777418656858 143.9148726993159 
75.14888808296104 290.6189924184075 368.2077427330989 288.2501482144098 484.38215600475064 
149.13835941291242 423.2318587241611 156.4419766234872 125.72981422782192 394.0250073705349 
110.31619511094381 90.28448080086903 86.60626133896214 501.8953122104032 415.5419769932294 
71.74081483124216 300.89010428702085 244.22280966755682 503.7283026362047 110.69618181211915 
168.92347799769456 487.9482467781196 40.595292505460115 103.44445857359051 422.1709559292662 
272.4873373134589 205.87561078911685 304.4866572346789 156.36589638672442 368.2144333875129 
383.702745322922 179.219224410249 81.97248850684451 146.49997714682166 141.60386745267172 
30.09032230610741 165.79162212842863 216.3802167136337 234.4257136291558 413.80238681417865 
462.5386480199016 407.9370242145943 494.5213065446954 492.1387901957168 60.221260711877655 
307.466050470935 94.52587192478927 83.99304130018064 188.14539531825102 174.5113857335078 
294.05000347722836 311.1783620836007 161.3776425396174 195.84471889471533 406.61812291310076 
355.5960472970364 460.49188324277424 156.46728004467735 348.18046263069016 470.3405019883042 
370.4286207330743 232.71258488071905 253.52669620778605 12.319173697770738 227.29485739970244 
237.5281131006186 271.9291946989589 388.9655459375841 446.9329305207147 273.0141069267622 
278.34432073067217 436.62324964765287 134.08609802855545 370.2975213088073 361.49951114807453 
373.17943314071465 195.98932255050437 321.81935293019376 75.19460863511989 92.52555526322381 
509.2130855029618 36.113427994879586 64.14539050224354 193.42364170156 313.5886758287348 
370.1547082815762 300.69745331472757 260.3562771937063 132.0426994745548 19.355363079923187 
293.73855429288676 38.9382282895787 140.16931752792465 170.28666277058818 256.1376389377233 
273.46811470647424 34.368067143944515 246.2047963774093 342.038532878602 99.19795314230683 
72.37544908095843 200.4587992387271 190.3365311218844 506.89897296664554 85.01857928521649 
437.8586595984096 135.66597818107283 22.301598432738647 383.01868973733264 69.08180143958907 
73.22693443166166 367.9878515442191 107.67300324344141 328.1959639328404 88.77907060002082 
500.3143421658643 199.24274875738118 108.37669344827094 90.13099376292755 38.94377541185139 
281.8756891799064 195.89753928376658 301.45296422784656 231.56332544010488 388.89119271686656 
407.4710982783497 106.74131470399332 221.36788391727356 77.25594034558236 461.0189510341191 
353.7625125078294 509.88628268848515 105.07845320825908 34.94872804798459 354.80517248773407 
132.72870380738027 470.9505213057962 96.0164267077636 445.5679800379523 190.83332803180107 
238.9637657396087 200.85192315591814 88.51179835895122 504.7904237647659 198.22923333559189 
101.22607192169147 132.00395286189791 284.82187166674936 30.728438437072285 108.13733359963295 
461.58288864329353 333.9944275017387 286.32367992035995 294.7960664302391 404.6713615655406 
427.2446551131496 88.7560742967754 243.58473871037495 375.0661465279319 133.7938432679438 
121.45909942715637 167.0720228005602 368.5326060030617 475.5308941443867 67.01605618510325 
358.15900903033224 45.83198693914835 438.9412997613998 299.0893878812899 49.435571049286025 
264.5098226308828 483.16054802752626 250.65005244355265 386.82513210087427 45.773370989226116 
311.72972080488546 507.33514421011455 347.5958674918585 87.78630562528738 300.6317784030366 
299.76171073620685 57.816439997591274 61.70878116851213 100.18636367864357 193.62500990021957 
89.33445621292256 51.810996102053245 53.381437616636155 401.4094321064154 441.3558560729108 
125.98828140329753 198.21983661379033 264.53991191253476 36.70306965055214 148.00610276803226 
246.65873178958662 79.80231837493689 187.83042540190098 67.80271040828956 57.72038229378295 
68.86062981315538 112.67467004282632 51.177932235772595 247.3520176492394 414.6992295496083 
205.41881973216724 435.1960195095459 202.61320012123824 413.8183779207922 392.24753429636775 
120.63072411021713 392.76869214164157 418.01092516951 27.17201437822674 137.78074376200144 
494.86491528351934 364.5485328560061 408.00257971723084 246.98368083728383 476.368245606717 
318.60536781472246 117.54714823623301 60.15656538339242 402.4431536388992 76.7475102175179 
20.11364375678547 294.6911438855535 360.4483928343465 505.31617015522215 368.39444398446943 
396.0320179333536 19.229300654395146 412.53275685798235 100.8110716751756 390.2657933264858 
465.78438258418413 378.1541147584027 34.39723689838691 453.0493051606552 86.88431401011565 
89.50581778102983 283.2982805715155 306.20510550645156 388.22138498637173 357.7218397874772 
357.96522776418345 178.3122903979351 268.6676979035367 113.01862294590036 25.12154192469284 
190.62084901845444 392.22002760366854 302.83165706315015 133.58073264821905 154.61754101992545 
425.20963532841876 241.6428188910243 235.99285971020026 392.571674852896 31.355061528542272 
86.32642425746138 461.5981791167145 317.388543449175 142.23613304204156 235.8422606605492 
220.06594781828363 133.0989832666088 145.7671388887725 79.10364630844806 441.49661421244605 
142.3130179287495 260.24745861752945 139.84863050620083 182.66537755392386 271.9657209181605 
486.5677129374354 292.34260116465606 54.58543652998298 53.68341874358883 156.1495305798507 
346.740164738026 51.46881698755628 420.0984547214252 217.1970793537221 427.93468729988797 
486.1631698502427 303.4404671536172 26.83854102226212 196.72349989988845 362.1424031347201 
147.7324951747157 41.735525226978424 87.11680300838265 137.12946087358944 70.91986232492857 
424.73870266978145 358.6186717973305 458.42927304167034 38.260147396571284 210.16763415273869 
387.3079251184883 75.05007380876648 33.30213673143494 295.29306451033204 244.54727110309076 
256.6911457435336 337.7821308463954 150.5996543084974 237.14874183850935 174.67514631327484 
156.7655628947197 266.4074667740763 207.82356555047315 324.9031152824905 450.3620820482659 
478.43006734495907 19.744514823369354 197.91041248726341 458.3423014519011 439.8476762391304 
274.04898732062753 26.10147969734088 28.984211098433345 132.47321280644428 434.1109283182219 
63.241754274090894 488.4775335064758 434.5895714785009 155.4095348636184 476.2847959742568 
412.21401882425084 388.0361059161945 244.8231898746202 54.612690112076855 284.29184175775276 
432.122515883983 298.1764132535348 66.76795606775664 156.56224968317792 496.9483183414133 
189.86820010002026 219.75505043189258 43.54662061675151 473.70581788418326 213.40976034074188 
300.9894814322871 414.5518904120548 204.54501507030247 296.69980261648936 207.97285862604352 
269.3127052983676 259.5782895325377 340.86551458062627 195.77186097576777 408.4882777565807 
393.60312877464196 356.497281866683 297.379234951218 135.34204480116364 200.1210263999048 
196.10540591238555 497.0350777214212 249.93241586383584 105.23061577855802 306.6268293703171 
361.5864090451793 322.1425268082033 468.9732187819275 50.810043610828515 459.9632235950491 
354.8773207986207 186.70887931515693 271.3062876302321 25.849031048007 73.75593588247646 
308.1011171557464 396.2951793422832 443.6242507665298 204.62758217341926 316.2883116422515 
10.472907192435201 262.66033801814035 225.23905613278754 334.8201407101898 440.2310448417745 
70.04285582024605 202.38197425392195 154.9369065884037 26.85426959702596 176.8017009091583 
450.84784756959044 100.77010287241177 386.56485734372836 197.7264706774105 375.5192171229468 
375.0421176179313 81.24236504413139 229.84516840239277 482.924789283028 152.8435203033638 
248.64639963394575 459.64440124848363 173.58690652920998 316.0656745675216 365.97073164259535 
154.1091081782153 51.48931121207927 346.0671282966797 445.5567976574258 115.66005793632837 
111.99347458520475 17.15169805587257 86.59477172542034 306.067068560576 294.53142253823404 
158.43645729465334 431.64033549455576 469.416333869456 11.403401106316593 376.68780236726434 
201.7751744514463 209.20968544615008 389.00835416446887 257.7035487524045 109.23948279431083 
99.67414949181595 82.83540364498276 188.81940660119034 71.36445586913725 36.35978725499621 
152.54443507165337 70.11777682262048 274.63298192756315 156.1040107722254 108.46389306724895 
306.9171162523062 262.69662761834707 281.44051536350014 365.8340200131614 101.11987644371128 
347.1770730915943 469.5308157267296 468.12345997843437 183.9972832541149 265.0800203470957 
370.6967319657961 65.74758403168673 257.9889878415739 131.6498834428456 226.63170436292455 
261.51650003132386 40.09566625529225 362.49317616167974 463.36935401050715 59.14092791890812 
424.4428850830278 363.7988945762272 459.0870526290814 276.12403399624225 406.5941501504599 
414.48391069295525 191.82299691770532 407.3674685409731 37.19134770273041 289.0915591315032 
97.18462154394302 50.819540053784905 297.50074465753215 295.2714814488568 91.12663377815748 
131.49376676670087 414.44259717247326 24.669010647397396 337.876790726677 285.1859957505915 
257.6825527425432 241.05191088192828 468.0874004200175 388.21802850289475 86.36291369686138 
454.50298214741963 77.29093220633936 344.53605138706604 38.051951035823365 355.5063486878652 
459.73754261767505 366.4918731346965 377.4893402031163 407.755721115865 157.69294313730157 
110.63522680362524 147.70587420610607 23.51269312719566 31.27449426688921 154.84511232595275 
491.09555175609955 370.3431728101782 178.90382938722044 428.1283737093438 33.0181995672748 
483.0601994239095 163.4540231962722 329.4137142682376 345.51077491455715 479.7011301611687 
124.1694778332934 396.6691316068051 133.68531759942752 305.367332286065 479.4366048026067 
12.670949653239829 412.3919544689722 52.75467436133279 50.4835242345411 258.7526343581882 
65.72475799909765 33.20266510798818 61.086803717868 152.86147722464753 306.94889561483126 
397.09061929392925 93.36338001005261 133.2512028969796 181.42697184146976 227.4088817334186 
204.72586839891787 274.1387600650092 380.12269821098266 155.3331274408723 36.07930988977397 
344.6532960315021 256.2602512281387 171.63005586824596 366.33742315587153 447.4055108690585 
62.71712176992593 432.7224488406682 193.33672062532418 98.00549954813192 52.728782695121424 
485.24183933909785 46.22626879500779 231.85722953343773 211.48327233551416 457.8967719205239 
359.4115452768379 249.55768399936574 11.18375615002586 394.48495780384087 363.1303179532547 
337.22895599739917 207.15726479607198 26.877234631402118 70.73870444938423 423.1112529456415 
317.58768207527834 411.80172706664143 67.785646497799 256.74506324584047 54.451095326217605 
480.25600275376564 432.9537525123805 222.07053007968562 98.23177171108854 173.37572038274772 
245.94475412307787 120.77222085983557 233.99660102280862 463.58753085800953 262.3876454720649 
287.19731131041937 491.40649570215123 184.8745979288629 460.84775474837886 21.17548068588514 
56.24255516378667 220.98287553442046 292.01459696941646 450.0684737730066 346.0252578781488 
225.3959978562713 85.14694747617567 56.37749579975986 267.3048869140487 171.90727323421217 
191.85307828287594 232.23674234787921 297.2011133875403 159.61659696013757 72.28428009817 
347.12082433616087 156.77003665421668 21.180651170797475 153.81992880825567 440.09461741403226 
468.77672117444115 408.1442850856229 417.32207395277874 272.9333666129719 417.4513985035313 
152.18142518387776 291.03768504925614 105.44134090200751 52.80737806169138 326.0734495455286 
57.226849946584494 179.29700633061924 507.09895061970843 53.253320070737566 101.59484127123746 
21.753060834049368 15.99716796772637 239.74342542882138 460.60625946503893 305.5192509555718 
262.0619428905967 27.31541727571051 246.75943297372615 126.15613847207796 183.0882448836991 
391.70001866778335 156.89912389770947 183.3080910801108 12.904779853378614 434.6751654422063 
393.6456488837239 477.10343788599687 447.20320863266335 43.86019499604348 455.0186610091666 
256.04996327436777 451.9759312032511 219.04472263103779 372.33355715149514 77.75395929549465 
357.1407037959762 488.879849115814 101.44876777034888 468.79081270534186 502.93009713429296 
466.76023159898523 397.4419792764467 295.05539522753566 331.62402201479364 219.72476955833125 
127.79346768382737 78.92028905050945 442.2033640169101 249.20437458959776 104.15454529071116 
124.52995594153903 250.50290510704397 507.4446614017592 137.77948907535452 437.5590943324758 
22.441600006305677 498.43192823945753 148.69876256237134 50.76319962663355 172.9084409664614 
137.15031252823337 283.71194082408573 491.649449147058 347.88187824043126 165.9985160402935 
123.27827330696965 253.5961169654392 432.36110812303343 52.19391459591571 182.38311905908643 
256.74861395486346 251.68713251838264 414.9924950270092 35.458274730270176 410.0202130193445 
358.83194288783056 156.5524679455441 20.434455997994807 10.525670327329141 425.2338033153729 
95.26989846052906 102.00394906537129 341.7758211285681 377.75678810402457 25.414333771412934 
99.17158485080911 456.96129020103234 49.352731179312094 251.89258724236396 107.17216799977984 
258.65344393603914 236.00371663635315 273.9688925785902 68.83251706350828 111.25071293239779 
177.52313732151137 416.76943497225415 75.45617719451407 347.49834132722265 104.79358862083758 
334.39940205862905 102.30897287970002 155.4098370205459 121.0196653244792 433.50076644101523 
508.78351794026446 456.91808588911925 309.5736791448183 391.0788271410661 258.32080189036026 
14.58439297066776 86.01264415429276 65.42574035949326 438.1669885102284 127.6934099886931 
436.84444713782364 223.9689663209614 284.0435569016005 404.062305331347 312.6214197406416 
136.87305257794918 39.808820298260706 218.89204272221613 67.9394790008857 210.2225799645474 
107.18918014226774 96.98912097124722 465.9208333556408 457.61462079445533 65.65787875253713 
379.68574162649315 389.7585212926243 233.988703132211 267.5398055366698 162.78660417800472 
28.900798362639083 280.52245564327023 338.42007164395335 116.87044092087272 432.45358384565037 
254.4210721382935 37.934740372358604 426.27442779880863 447.37902376379583 42.42865483325635 
61.02181938293893 208.08952000533324 184.06829585251032 281.8896685729981 484.7104587249099 
397.4950088514451 276.8668808211371 138.18850170989106 190.52673267100778 210.76018848935496 
332.1302653267243 12.395384511696076 217.59386368472883 422.241477429932 81.38834942115463 
477.9467092190609 126.50530004665893 316.7029989274474 382.1966021263989 370.1878498898238 
79.04852408794848 303.2887379265525 334.25211496346526 77.60676829444922 463.85782746949735 
302.47449843720483 403.3526380680279 208.58629910879193 23.074194950515928 142.32766354848047 
70.77681204823843 432.5034416467082 60.09037289754437 325.40298567227546 150.66362433835428 
419.00367431329204 433.45930495579 152.60245765660977 42.969314379554746 424.2783917785455 
167.04394035334806 315.3274141284388 314.5797154033865 198.17376789961466 131.48670529358526 
192.25105899200878 126.15628322624283 10.958879895789577 377.07666153270293 212.03938590343594 
147.2939376660565 223.5815346401394 323.0924526079531 268.34878823038423 227.5687024940024 
450.23965119843405 133.69924435275038 298.4283364933914 216.05340736812917 487.09651009406235 
235.4777340871192 261.65499372068706 446.87959039861823 305.96790596882227 56.6634015921078 
379.3297504383432 33.42356304307608 36.80935393081168 193.1739905749314 122.06289384824447 
238.69492126787884 487.831434688068 331.50354647037807 56.07657545494537 314.5055876085561 
377.07152189144244 383.56100301052953 284.7525750442253 326.99749297658747 74.24982404845608 
413.53148322084894 346.75375682524515 111.10696421914905 276.73807756388044 61.83833335171833 
57.04698525395634 121.5441013678255 168.46883444465988 296.28431989909 402.1558510633436 
72.86509509882704 235.61358809266224 445.4496468701757 225.9712246126035 386.215719911953 
37.8578632620991 94.42544323996421 67.44781199219511 85.32411373832288 359.10122675774926 
47.96035167746092 136.5148241291227 409.32086714257173 286.41061689701803 191.0987008493754 
39.52886354887069 34.96476752281701 391.0548700808706 202.3882462827286 490.597209818867 
425.85205383603227 310.4487419138337 199.73556348804482 370.09953009879905 451.18748627394115 
154.83443160326325 23.987350270791566 116.73628150433362 41.695373264419125 287.52879904465544 
490.31558409699056 64.43177583021308 275.2484988703585 152.5643392025519 62.48486222117938 
460.42014726224454 409.79326804962767 448.55215907317137 30.07984436561555 25.842279305832875 
506.1491357826603 72.59495850838348 393.77115173593336 45.181890582380696 408.2603283322106 
383.0781745054804 288.6976086345328 95.86879474301179 473.47823184090396 455.1674057263608 
401.0430649729127 154.37757512913623 70.45227399189679 127.84036253225905 457.88604729738506 
440.1497155063445 487.20767021298303 266.28123205492534 495.4001078256443 483.6673269183102 
16.988042688685358 288.46581162380926 235.48316753740127 30.006664724093348 114.4410266156392 
129.76540810357108 25.893979861586526 14.199482733263926 139.72503960387033 444.3976515705051 
423.97374650772286 469.73031791939985 333.115347285726 467.55235871794264 129.03109021506543 
356.49797986908936 287.6874482981574 87.02063539741155 93.46850164878872 419.56923041357123 
312.6560718875971 298.1551338934914 267.72828267759286 315.05278976440184 204.9477181708717 
340.9899262853338 59.13633050471605 364.42190419473366 71.58505292784406 443.34770460182085 
209.7216097980835 423.61347375185295 470.4611353880001 218.7628995084907 423.08969081919105 
478.2319191632054 262.0817126555778 393.04837980443 195.42828637813048 201.1859242573004 
189.85359276306627 158.33420153268244 430.72307248209796 334.0861771823664 331.4973486241241 
78.40637818146756 45.2617590324053 378.7321834142143 189.16236860103407 94.17378687718036 
391.50468426146415 210.01632971553644 310.8224947818752 303.09145399265907 456.3999104406336 
346.57336517035276 460.53016409968825 311.3681823347878 414.22112807801466 240.50326611428684 
480.10750573036313 82.78675960963166 239.00631260946903 72.49578892012553 109.85215716462459 
332.964863066074 206.6753476696878 163.6847407892769 160.83618906090683 142.88472492750824 
241.90474148581302 240.56011977167972 56.37619557242778 90.51972194132861 189.8375722493406 
414.26620259355394 385.2525640009339 324.38609149151296 217.7067033271308 360.61377994431723 
234.25621516371484 127.84768055901135 176.44948984893233 312.1346215273488 192.64081715048863 
148.00212741561953 377.39209576334184 98.50631464657049 46.05866327391644 87.97641586366399 
364.08145290979996 96.67553255649446 302.55830257202723 286.459929960985 384.34308923196386 
77.00802163402942 318.22208758927803 233.30325824264008 392.6428912076707 56.793188511049635 
415.0217017174971 195.01077479597583 37.83098664263895 397.4316693582774 508.46987925221134 
248.95511581532992 216.3457868260886 506.63380343767585 387.6463171156693 150.14173918049448 
395.95636301955756 131.95727017932228 415.17609198489885 79.3516372564284 40.12131921167482 
357.01193483454085 39.73847374269262 446.49034948015645 88.0421982744261 36.66008373016621 
138.68446016573148 47.97142316343982 70.48961698128613 32.54006064810482 333.34104670231875 
501.96239084605855 66.4802154515262 235.2416678942915 44.580410967613105 10.321408903000586 
330.882605305201 484.4611461408206 181.2321189410913 121.05278592788153 48.03031641144633 
123.46411523180127 478.916387207807 290.10930345201916 291.4200419985903 49.18446512536084 
131.8767727237871 166.36969535722884 394.57313357993735 244.28733701847548 485.3901046550049 
148.61924442111757 63.13861938669318 402.5244483226637 181.33199624265916 388.36167236313827 
183.31573874008572 383.7095699863857 274.4760529927119 37.290516523470814 406.6742250759553 
359.64273393243985 462.1047090857715 163.24796465202382 216.4504380872881 137.31089342452162 
194.510102603208 383.4994191707221 305.3973355540976 270.6933123827237 58.96289538855469 
389.15190022211283 220.2667094263823 197.49997643155703 454.7272283479556 159.54424221778046 
353.00147183859985 262.17076153317794 201.69995270200113 290.4374874975386 483.7163150385467 
111.4639100344335 350.2523168168413 484.83336848295136 205.5448624599202 73.96164311266611 
84.85204423595243 380.2490770451872 186.43139277758308 259.82114279921393 239.04417253025093 
11.276529120433745 347.9451982954523 242.09905666580522 64.36862211554356 331.2541184019091 
166.19586439699944 305.9775683629781 20.79260015939737 341.8791559658278 424.9274680783484 
377.2202429750768 481.23612537609216 504.5891423972586 375.8698295570564 366.18570900740843 
367.76861864425706 232.53988673400892 386.42501986753007 288.72735989307915 362.05476701475817 
387.00876408079284 279.7671280510018 150.30708095573974 457.6278183849846 327.05110758536784 
197.43360633501794 204.65136725498306 246.56836912077915 186.23788134257484 439.48603672288095 
323.2776259090767 458.1668056274515 175.3027901054482 362.31873052025475 337.21909165170905 
392.14748822815096 334.52695374288174 39.19308245047103 337.27629450375326 14.032849526908965 
284.68925389424095 13.575945599424868 44.12328852459967 105.22550679049846 150.41043978221452 
100.3599972703712 484.5967407115433 485.38653444938814 454.71921611829623 315.04439551712244 
335.49596607719906 449.6879403725852 408.6683367322536 135.9537299635724 421.22216816091264 
188.51765220412636 144.8288858817816 429.5734213917249 476.5847735637537 82.21485252504445 
68.49085655537479 494.07970409131167 411.1032874011232 388.41415911837646 125.39817419700333 
301.14233427730926 436.1324800314662 464.57636616645976 409.8462267368529 141.07808033734102 
41.13935803215267 293.28426873511404 161.97009778548664 501.43325369927396 430.4596590005019 
202.881334802731 328.0516123044643 134.07321314641746 156.86243863501363 301.03166150719113 
482.6732314232933 390.8571497994061 313.2504337954259 263.77911025379024 36.54714785961626 
32.97620107617438 268.82469176556697 247.68385991671047 278.8473317651567 344.0329587052347 
61.04136175916779 317.6144776681831 427.87313549935834 501.9406165440529 179.6888371440889 
407.773660986202 488.872061866918 289.7198121018627 104.41346852538379 458.5356795944197 
342.85032294759867 350.2712622323896 82.02174931529981 496.6737640173415 115.19887228561903 
315.2024219844714 254.8873913710241 51.555517933224095 497.96335502778237 262.7861515920466 
376.7911364489214 424.8844482708913 324.58596052615417 85.1296094156258 477.52162792381444 
456.56573866164837 320.94727554245327 469.6315383559418 462.56537851185715 54.274475676505496 
81.53639451615956 324.8058990562852 259.21393120284534 379.30434542647373 444.5772397471798 
105.55015524995869 245.41648383380303 206.27500623085413 64.93936658152597 117.9362651521959 
322.7058472669793 99.2761884588954 108.66128468194523 508.60247191143355 119.52618269274089 
172.02673842561217 117.91450714201977 268.82404015153594 436.2903395917197 324.62660156778406 
220.23628774516055 208.34115455444373 168.49510949153944 474.48006981434753 480.85941086391483 
479.02190027213663 69.22253370215714 423.96816544261935 321.96696822397996 353.4386566013807 
337.35514430617894 132.44850496101617 57.70025233505459 88.43596899647287 142.8336453919246 
285.1606605960308 218.74809941898127 328.76786950029276 325.28484302508446 176.61511332967854 
465.34548008647477 130.88310182435742 127.34802174764924 51.04405720904458 12.509786076890396 
311.93594921199633 449.02805666240477 167.4920706430496 116.34268954342258 454.10124424992165 
234.4031869454794 482.1247095170977 295.2258853624456 19.271262487602517 227.01560946007714 
465.3334289962049 84.73866372990429 154.21294119397714 455.27319456820294 196.2145945493393 
250.1255825452726 391.2634194088442 434.19012891093564 502.0009629885395 505.142384286373 
74.64195691356689 194.7949995956027 35.02374050753864 411.1080282695135 467.45651512578524 
377.5340165269913 304.7831254015937 254.9913518019749 119.48301656457504 250.99794320030722 
307.705788905246 330.3601454396273 200.7954131538478 142.30048857236864 22.167123598614438 
170.02092116342038 131.32471784617087 390.43645093197443 161.35659733494956 404.1775572935888 
461.42515591183434 58.94782459664082 201.56417252520953 42.936759953898495 83.52546744076393 
269.2257543000034 328.46606540245205 106.98865528993755 479.94358073204114 140.77668593282027 
68.98783117883465 155.2905006825503 336.9426918439211 449.7807661399343 501.3230161904043 
383.58173602816044 480.1069886055603 242.27054513820005 60.685441173566545 92.55843410759894 
211.1150133851507 263.25817309347156 83.37323383383337 449.5353152358268 250.9889364432869 
188.13928225739912 356.72276798299924 92.42341874178099 119.8976782869065 267.7015030582613 
67.5306311306334 249.85156294312227 408.5922087319853 123.06589947883816 166.52169957494237 
176.25980909969212 21.551002068522553 51.88941720187289 291.4415211099871 325.79282631716796 
96.91384565083415 332.1563430087752 16.35107321843703 313.8216075780148 433.28205953778803 
134.8871185065651 319.70202608633065 339.92131838722116 378.46337293477274 282.09243588819106 
288.7706788918627 371.13369468230553 260.2393995780332 211.30084331722603 203.02862792415166 
509.3419167814036 64.23407329716551 132.98797763187858 264.02833125871734 91.58618602911561 
188.96091511588784 492.2355066730004 364.38177383194443 197.1480836508279 233.1274670498478 
470.94795481038295 413.4101033433275 360.2318900464136 395.27487199500206 391.9554902467346 
362.04272767512686 412.0709030558321 190.83082683190926 11.33085884950046 194.54365112597293 
501.2869669551474 316.6539961728917 310.248517012885 279.64343211463034 466.33127679251476 
118.14792388760053 22.714137124369472 98.65470728852199 358.83462139388274 239.02275707664893 
260.49265362208183 493.14954920922634 41.69519297789536 158.78277120007417 221.56278852402394 
199.77665842890113 410.7320037751614 448.0177614358418 93.42648146054327 64.796608701074 
413.73218287769726 196.57664287773306 387.6010327058939 455.91326162375253 165.720145284936 
194.70118681208635 66.6223432620811 13.979334765004117 84.27682814101394 72.19806804467088 
449.887183425413 12.154518965732155 93.7371090643057 225.7274597162583 509.6627509543753 
215.09399103405678 72.09348607992104 489.28606373081686 293.5915806544119 255.74561694318948 
339.43422718839173 127.96299577411939 335.0198914095831 172.33394879223928 111.74402810306759 
360.046416771979 37.47764481823289 373.1090312450685 468.89541226648305 237.55909507261595 
144.6382561763132 421.438340498763 10.658811095374967 340.3011376543662 32.086153734402316 
158.81975601283537 499.5597038509341 363.4778772028504 182.22042872057858 308.39384707253333 
414.4106917540373 303.9910453253949 328.62247775725194 326.5336091106599 463.34684476384814 
75.47149069301433 381.21597329637444 395.08957795869946 230.19223661772654 507.13141219026613 
368.54711212990406 71.86875870017138 252.9860177267072 306.51430253335 258.5134366217502 
241.9251520106821 458.4959676015181 191.22079967947207 143.8692047951079 137.24028858056568 
501.54771621591647 19.688332288751045 403.8355107891507 317.37177429671317 182.9978255767637 
376.10301360671707 78.14329200647312 128.64791777806084 245.17872346723055 189.52165885281048 
314.83727917893003 284.4866254805636 468.6437216107482 92.28213833905973 378.16911135494126 
334.4168259559294 119.040225706094 347.7801611964757 327.9076236071347 414.38018752213674 
417.93918704200433 302.6907280103723 106.3945629910093 295.8916852279438 336.44904097744467 
443.7121796040869 394.6737368282005 376.6367999958642 135.4421633694761 263.91115850340793 
224.021785515094 380.0836934842698 201.2219971025927 268.74645129937625 454.2087441178546 
156.68832409232124 350.458965483145 76.8500023647341 354.8163577119067 104.27079921961173 
403.2233805320784 195.64305596581903 150.94251216731874 350.1409031271929 447.9432878509581 
176.86566134582176 19.619644755291425 462.5510917865789 347.1155939302504 482.09759840404246 
148.27550745307192 84.05491268984731 157.59840639896038 13.348977173517397 91.56421065242886 
504.34921178795054 264.31286230408136 388.79842343532727 287.89581211559226 315.17795514519463 
151.1824531500513 168.75713719957335 221.99244966430874 414.8760163011286 358.13808825905915 
361.9369859857815 344.799286171206 255.1310139728316 298.01686420420367 167.10052847723915 
487.0782541632466 347.54121953800546 232.18286755802384 30.171387527056993 128.0128201776904 
172.54777166876073 328.6979004773072 221.88284946400742 505.151856763185 258.31928833701994 
351.8705494989528 266.0429782907716 177.02073423298364 322.16696827510555 157.0113492320546 
173.49428191013055 274.7277908434258 492.0683950470145 289.2225470026581 61.84610348773205 
303.89428232881 250.87799797820702 110.05029836745233 366.0578086145825 483.23594338876035 
370.80253583631344 500.8276095630454 469.95099725724856 231.1242955868312 230.71949418065117 
316.53605424747116 213.72866587259725 36.455800728836294 33.91670639360244 389.01438316018897 
357.5797610166062 75.15698300377743 68.83116754283935 503.342229145869 206.44686728484712 
58.65373443985854 280.36528775751293 396.22697028886995 226.0355118923692 425.63276677097605 
44.35867720197322 450.22187537260567 105.1429367640026 113.42348014552688 162.79348953800752 
382.6036875429645 344.38463045300364 270.32832725692407 222.3116804547767 352.7377815658497 
76.39669055119107 395.22972353553314 83.62197346414756 36.758935074004064 447.5921114681073 
15.801771971225778 394.37501247518014 343.3959497760273 16.5491911769342 141.65478987632727 
143.08453432366252 69.76816674803709 249.11009592534438 353.7408502788007 396.67290293470995 
420.98206335211 315.2678100366282 16.348448190024172 489.2189612289011 442.3559796272441 
17.91948372224638 223.01436660126288 54.486449317711006 38.101202675170185 308.56441720701963 
212.68093068428843 419.8110382309705 375.2874010074021 470.024690362814 117.42672877553744 
503.92412713927405 96.92067835404421 171.26667987722436 28.09896254223081 486.2915836992261 
392.96221282371505 224.4014992301466 489.1755235362951 140.54542274754562 103.1158589485242 
498.94252527364455 159.18496225979976 349.58671845591743 150.2124512607525 73.39810256735667 
498.0123538154935 444.9376594909352 228.01933222149495 329.27766749594537 467.4194013547965 
137.92116522560246 292.30299588481836 317.58920823218904 356.1066733634148 435.24586451331834 
28.97297896221184 352.9063584515747 465.6462452164173 56.57477683971906 98.13531907926631 
415.08326810469975 18.61283103274568 496.655814012976 77.88334308562166 63.69512819553635 
275.2415160735171 499.59207340418317 156.65436225514873 195.28288402734893 469.9402166922815 
337.8302234376578 247.9800037097915 98.47977917102884 303.9850265103676 413.4449933209822 
326.4585127601674 387.0983055958307 355.7265124955452 324.2979671317703 408.77714665183265 
16.255399657659922 394.63518294707166 162.64872777860177 228.6126777606352 211.61404587767234 
210.51410538367463 438.7965472278164 279.23823475948046 266.8196013182044 194.20695966747274 
147.33070204122205 22.664578031029052 289.2086485862153 31.129560239741384 118.56757708879977 
189.14383295768528 98.86882065642115 493.9529577128818 422.75264765732794 215.86406421074827 
111.12752102830108 445.76632133256317 219.6054767419772 498.6624650756346 157.54773281470474 
290.0476343232994 70.78585126941132 255.5856157155607 325.5090079143066 228.77042225788358 
357.85922011647773 426.12471479575305 21.451833590924387 314.9745948927133 73.33947199134559 
154.95397387496385 87.86343408433626 411.1294465207875 377.38727937111025 34.000388185455805 
429.08312634451664 289.61710017537416 437.7420279362712 401.6728385149435 226.00542534966667 
236.66443701083844 195.4656135754561 123.07880859217128 444.7589398688632 146.0515764015035 
324.07600346621814 400.0567509207118 469.43925040441195 213.9251529760001 274.6488917340535 
284.852232725762 313.97385115292167 471.0444002486233 424.4655063829494 196.26607004716567 
493.1973216431527 13.788268438698672 471.7846707569001 362.1024065547949 258.2147689114644 
420.25164201883405 344.317209753315 236.7450978564211 26.131821356913377 462.75878400021855 
13.980934432916916 67.6902423902102 459.2291071034086 353.12211347403866 235.51423936769854 
409.86329045248726 273.6594793845229 381.9745290988515 351.5264979427636 11.548591079356342 
482.746096867013 438.50334407479016 431.56330858007067 120.75964814533911 404.95941653767926 
21.913847854056026 137.76476592403475 385.8782024426481 391.65126294897215 480.95087677824773 
334.69491799042544 149.39018386154927 354.6241469319771 342.80628595740313 85.92044548277383 
58.54675101826905 298.61390443992565 217.7405443938205 304.9167354535981 41.77851087967326 
188.7637354986076 390.74656545766146 452.87949354807944 324.6910053460136 108.16787411431605 
336.5839239368885 301.02001857872364 284.4696355720645 285.56299519273057 19.511538240925876 
399.9221458328993 66.52213706497872 198.24535462608193 464.04695035414517 23.539225005657297 
12.186750262152703 80.29195114122888 208.08038270140233 480.4090311263039 71.33414374807384 
291.16376194534485 374.6715964883084 309.6647769307456 498.69128324221697 124.76921037668374 
223.85781636013968 504.4205162035607 257.7153817480571 264.06586916834954 170.8006900627119 
30.108827145043197 180.84596380778265 211.27872517060237 381.6005367732558 30.349076463042735 
59.963272385034784 148.81296071085103 183.10590866397234 237.92429108059014 465.88106994670727 
310.9394694034475 148.0466932892721 233.44483012571231 220.70204363968205 71.33115472068963 
341.81879253524943 319.276917622038 71.86379535301884 76.52829246708208 342.24855729362037 
401.31420992014824 241.7037196937314 380.4108303796199 268.66503967570884 396.1705067170457 
151.3707320402172 159.75600657898087 181.60829035748264 306.3717238243425 242.91210872328017 
215.9592159737462 339.50172934361103 231.12526260957333 448.36346482874796 92.99642066085894 
423.616799115095 205.2448830953621 479.67003108878555 266.70604460030967 467.65788747024783 
383.8092491684614 238.26734848816426 485.46865233255124 353.29582215583497 215.13221935578107 
268.149560679039 467.36240044540375 357.97797302692436 369.6230106412308 301.2533073464941 
283.8724758772754 366.34300678722525 317.1144540668162 68.98549175066753 385.23262524746053 
481.56861689582155 70.23727960200642 178.72288460952106 347.4768365634372 397.98017310923717 
236.41877195939364 479.1118710756785 46.27942278224722 21.24848285958008 146.08378326943642 
462.9962917955285 87.66147544362472 447.50477657576704 449.6362319507591 381.8016661775636 
450.64199373130947 37.70115012676655 200.79929348092838 370.20370787995734 421.91164600434 
448.54434925115635 68.89230437075972 504.9095659306729 27.607390923667865 106.33128188883366 
447.62263347584855 346.37957855552725 292.26606050220823 235.01418425736773 352.9705084207667 
137.3179172481469 280.0349720161863 174.8237260059962 127.74498048910287 456.7601353999492 
498.21782384279635 352.77806597143007 95.38922064575405 253.58574942963517 368.23387883209773 
391.4059613292453 430.61313260426164 308.28399711548775 94.06858969532816 467.01222106179785 
139.43156128727512 296.80094949873535 383.2938376556197 153.8134314477954 166.18605651590474 
255.29593107146997 100.73582335929936 115.27226312091575 270.1284591001764 369.63559225544265 
59.868881876599325 128.95823152324942 439.1443921009297 138.4536522151606 282.01314530595715 
56.26338793901946 233.19474189614564 83.60433936193384 178.41435833834512 493.30071980210005 
75.05326025082225 306.8378791431316 235.2838559774853 464.31361452820585 130.91849495796254 
316.525955890459 406.87693054129346 143.92442261030462 48.47805731521237 173.26539028809495 
46.687548711635095 219.55020228193354 445.00342282884367 128.18805981734033 331.83779104405664 
130.3139385320016 163.05342614652196 52.80528511216553 260.73987412173904 43.77912878595435 
436.3644119172645 84.2148176157253 429.10902718249775 56.83603921275336 233.50538511925276 
34.49836462487698 414.40540750333196 232.06773631409405 171.87613372977734 238.137999454317 
223.782965018189 205.92387365505843 19.626492189333536 136.2795380936933 385.62363789383187 
230.03056563533423 428.0748787216299 21.670883637310947 389.7347932647667 131.96429463258463 
162.2042488844947 493.1035502449493 306.2881346646347 306.818149889487 221.81347547886335 
293.18552810089 38.57824740005621 475.88829604725186 370.90252443354086 328.2736005468366 
289.6787612604625 73.80908518113804 217.86924680311492 294.39305506369817 448.0744098433207 
250.46462455910012 114.0961751231671 457.9732829828175 222.34702921822307 99.00518790205186 
263.50526719473726 265.22701961181065 479.99363737350507 346.2964574555237 60.65877320064066 
79.00155946811687 370.45467814705665 367.12972015558955 299.98453057875304 466.9300224056811 
437.43066421724836 508.52123244154825 23.703411794736276 89.7108153380624 50.5652246245406 
335.42879131655616 401.0374790337703 363.34333926635907 111.57275787208542 34.21362562586144 
156.2766938883434 194.14817199692 114.88875940582344 335.1758872977038 188.28243431315266 
210.39975018020195 267.92102824767585 440.49160692208017 149.0058643645523 39.39978478103122 
500.97978805472195 68.8795237976017 373.5993307645056 303.8194298863403 321.96489385034937 
353.32565854693206 179.69896219163866 136.13837563070268 95.88826773368436 453.19397510109746 
178.4564404483846 135.00903043205702 454.309634230454 367.0510783842548 364.8982348908169 
312.37381803162384 164.763717218038 57.53319391637017 380.1903102483525 205.1638178603395 
415.25704731895655 124.5834836988126 463.38653588998903 450.4068450063275 93.91244111271718 
388.38782911631694 235.23878058722525 247.57300831592593 268.839327137296 368.3373177595436 
81.64697670968145 256.9859881891126 198.30798375546837 269.3453525601445 29.327156530022926 
108.12815083294424 326.3059346377804 211.847646219592 131.27563654078327 316.6674909393988 
343.5545110580196 66.8133136216168 504.60749029543115 34.03470209046482 19.063711268979148 
382.0948968011258 288.3473850934411 178.37843018680022 132.30355614417869 11.44578475389434 
413.7509639999031 120.72670745428992 461.0700378257225 182.532866385198 204.7348596953037 
225.182991128566 405.1237003764764 365.2728081011588 450.99345086549795 166.98456967852903 
450.67916151829 426.8197906156831 221.38057056208382 77.2517867459677 305.8234617175451 
184.53310020205515 310.13415430861846 188.25598349805594 161.9416204802708 93.25253934722483 
333.5221156139861 278.0343748765357 161.22729729397756 428.2097800916612 119.48740314074196 
338.1799876830733 275.3568439461939 449.9039416624854 157.87053091503327 13.63481265466209 
425.40476114085686 162.2692660883066 503.7875470017931 488.3141457316567 298.07879771376554 
400.46326653572834 151.74173575709708 115.39046811269831 438.3526867417984 109.60329283646807 
23.046993004348916 216.0648216726642 323.57479782529566 300.7797660104765 334.1411655208915 
95.6538467986766 249.1306365083733 295.6740672321909 238.36736496222727 450.82062921010873 
480.73749619360245 496.10940382582737 258.8014544781871 466.7775339934949 253.44933880214037 
39.86252970342568 154.7037814781655 28.28895362615446 322.4499077872353 329.06469126032664 
489.173306370988 93.30237546214414 395.7123769948977 42.51972457056901 290.5822640664633 
403.0356395749953 403.60357250727304 368.2675966657893 325.36945963541325 327.34867694685033 
185.51088097270468 317.7213353665642 124.77029393703847 269.227796338841 298.5699523385359 
107.70568142797009 33.06177334731568 177.2105751390342 278.5714483263821 221.72534413836723 
169.90041685805983 339.5796870183987 308.1247843784386 386.791272364277 324.3314376149274 
259.15350189899164 372.157120139846 327.13275885042486 423.04706373521884 32.5018245924295 
105.82567659083784 281.12379349310964 340.4723568473065 282.41480505323005 164.92150450853347 
392.7515392753239 443.25645652248056 317.45310720831645 73.84281589971314 213.95523109778847 
386.74757551342515 317.40752204417123 131.21605151321046 179.1635686347106 306.02963299192686 
468.4961454405469 78.24275509506921 38.35868365630212 169.09889912879933 97.12718349763865 
359.8504088686451 359.99486098028495 184.75857918681987 476.05563623078655 433.72536423273607 
340.1001195714526 282.80959498566324 101.76180689561491 207.3059290276638 278.88878452274184 
309.11557759130505 366.8799660487709 307.8138831981318 211.21314526101165 203.12028066010555 
176.50506172781598 15.402301663556596 302.18243129382074 50.39554377404614 182.20586818536881 
314.4981089616012 244.27700340001738 27.797840108685236 432.5724384840187 143.41727055263897 
17.28620392197782 383.81160855082123 364.12619005717437 47.33075105294248 497.3976411277271 
221.65752009142892 181.42062637810923 64.65957269271166 26.766384828393267 477.74371842337325 
300.16085620430215 301.9767950676393 179.89188919741966 113.03820319591995 152.17003647391653 
277.49487241470933 88.1309597895049 159.94049643838315 276.03088914564563 238.2161461509901 
308.67482284956407 392.2307047255763 242.23036962999228 280.82494753256964 349.3184686233598 
10.674084069793802 86.63561102617922 231.39923581045923 85.35021872667663 361.85926109018146 
51.1293521979188 364.0199002886136 429.890028286106 332.8482062683545 55.23288822056154 
163.35591615650586 244.00409665399513 189.21611656640985 447.54464319943315 461.3035160290179 
97.9245097521722 249.059299490902 210.82262378400745 402.7573398233763 119.7014692205519 
410.5492419559608 419.53875279488653 320.5918329393134 292.61675319413666 175.61085544628207 
373.73324815597846 224.9310453619879 187.68612407199964 437.30320376775103 457.9971992857457 
236.78471794894483 242.57901145209064 423.48073096345934 399.4114204582382 421.1291400714854 
323.283614003835 314.31309079191 223.26974446365432 99.51060154179169 429.8454169015293 
176.24177788439636 330.4148398044353 347.249651049985 32.507339371020784 479.95165080247807 
245.01471848192512 505.3244050002654 149.57963935783408 94.9354390791211 206.60810329127904 
162.010876826444 403.3677041875551 278.229462300166 405.2465497334618 184.35851479665925 
415.4857014897339 299.8985452762736 283.561830463434 504.5790487727497 27.884521004630948 
472.84836108730116 454.58632464646695 491.4268823628487 460.9217841036813 479.5432568297757 
409.1548046576851 361.6489558440296 144.80238517061522 13.207805025286504 311.7155897394831 
211.582349821179 85.7173081464968 376.09002748704586 308.37926906211356 373.977774791054 
253.00930532019822 302.3645457783113 396.03313889073524 430.1269371809301 98.69305873299254 
398.2538099508842 26.34934396267068 332.37201271247096 445.6584001029103 216.94533559712193 
243.51504286680753 217.075385298291 105.88442197909124 110.88334304754775 279.51257635302125 
113.12758802390815 214.99271703035876 129.0127324727876 155.77776837374932 376.0718093135237 
394.46783522327814 351.55353912746494 465.0646256329458 302.9229641622632 477.87317716747623 
179.88411914446095 132.34437545474236 507.75940668596036 162.39026064658051 224.11101267678407 
78.56707421943192 263.16553346556896 72.00968664597323 55.903760872488434 336.11390871832555 
137.60333531083407 343.7018201268165 219.1727389638846 289.76829228993785 383.7910016339835 
472.8953069665762 16.16806216435434 342.0338594626002 158.1667505420727 279.5916025029837 
211.57786879788281 426.6275540982153 276.5159776628714 481.4436144752122 422.203877167136 
418.9758141794129 335.83987818647455 485.12652776578796 84.79258391513322 117.54216371882103 
157.54364631339632 132.32911117739837 19.599981759889573 94.81412925103432 132.02232836023364 
261.69335385599015 232.26816063178904 341.77777275954276 169.72260135172138 73.0308545288999 
221.59170362067536 254.70785163146087 88.75841551452484 405.14385214760205 185.7521411795831 
138.10180436006146 394.1587687763012 163.57914601517402 144.59860223480464 22.585665720212692 
28.82568207053548 259.6430286813518 120.5525791972174 221.61999465272257 301.28048336320114 
47.00531949779262 145.71532177888756 175.8340266161093 320.27653998226555 367.2205736876443 
487.7554748613599 258.8160703118654 391.35664029834766 440.49475226242396 112.1555833530694 
343.1883717176053 455.4329892489048 463.0253047057261 23.39526927208845 50.7945361146807 
274.46806718303014 397.24291622914865 252.64926813268133 235.82751870310491 194.33451395962237 
66.28289759699051 384.5785657308446 374.72660604120813 439.93192642285095 289.0145773585281 
140.7926175163378 161.67110460493222 22.639085090256465 416.95656645100365 162.56085811877128 
233.4992667376025 465.1792783852826 259.4061469787166 260.3515986992546 72.88022616444266 
173.97727377719107 508.11100158334744 22.77644146407625 263.5674025621537 414.08576434763916 
397.8111142531008 302.518357440691 396.5611659842733 466.75953094777674 463.9793830860551 
221.8214860719715 51.00916475328437 174.75545766423627 384.0886305689822 465.120858608354 
398.6722678076696 205.43651037271397 13.733525809992699 251.39015228260814 105.78432767449591 
486.75776021815915 353.9352272208511 503.78553941112136 331.13387524321007 396.2126251302058 
310.9571222515744 359.163876242167 244.19585192838838 407.8174819933803 234.95961795947937 
285.0532025627907 112.14151647415515 27.2126400414922 348.8221615749086 196.65380806065397 
129.5546208121434 469.95801808554967 303.46067953908704 91.44795193646937 289.6820704568065 
163.10143046292802 220.96842418653512 343.9963166747224 221.04712287176164 275.0977088331343 
211.90851713032777 428.49933834766824 38.2531716529108 104.15686645641058 478.0861449950128 
461.70164709720086 380.8064717105347 280.0992154308436 237.12867047844625 83.71752547629468 
438.78567075687965 359.7958037117059 330.20174477251794 319.35571887745357 389.1864315009173 
21.272108465727513 499.18944963073693 187.52163611502715 291.7692594512479 186.55321474828511 
444.6667749047763 451.2750173438009 118.23854878263522 28.328568793106513 400.9923667056914 
26.12128246936151 213.58118095927068 440.5144343196408 89.84987063836108 189.1146335073545 
113.39249858044991 177.79218957646657 38.56576428667273 356.35108306894375 266.01812697750046 
494.2005525476942 374.5319773209697 321.4294265502333 333.33947720351483 235.85992046950892 
332.06143554915013 472.45845313754194 369.03122040550306 467.90689245735916 333.00451063326074 
130.18830517287245 298.11877956206513 340.71712041274355 127.45456022174938 274.844381574304 
246.66406524626348 25.49464269177814 105.87083451715212 54.24160917397213 395.4074380668606 
174.3057525722392 18.946572676219954 90.75745904191362 156.19408346940793 484.63561188061806 
466.55073270032545 229.7416769447632 95.01303114480152 73.54568789291615 142.07127134541108 
496.9409373695147 150.47677003350267 491.51012328787675 443.48808615848236 157.5164833935913 
321.56963529368323 331.00918804689906 187.50402418293777 394.23295810614786 123.49324232175017 
509.9579715081043 288.06160377845106 247.39642653191467 235.43683499441502 435.0483852377033 
385.5741036921472 84.1199092465038 389.1008641989547 375.0825939479416 38.198706804981654 
489.4942515458454 171.80189106353936 499.376075509932 211.48013289793593 97.2428691508007 
42.986903711563876 161.30830435607263 427.6926155000033 502.4380341221376 487.9851009736657 
132.09941950783963 61.20864598670632 23.85722334046341 357.8254889263978 114.89065173152812 
391.2223884198936 208.55739811726696 68.9481388002705 494.20697164056753 148.1558567467215 
96.24539829024874 461.6375080054874 400.8799232367893 415.0762831145 386.0227477774733 
241.00566164221758 297.50871355379365 370.45239266498794 273.082656337463 49.35379251843868 
414.53783209388627 483.57808434533393 347.9377194007327 343.73995527329 492.02922229295865 
398.99132623150336 75.75611189575464 377.5812896943896 407.2071781219447 371.2166568679703 
498.3846699014359 210.11873450873247 392.85401413626016 236.15922405409628 426.6367938848378 
292.5724657574291 176.6347677635324 30.4785774923274 15.423369915834142 304.8160871109346 
496.42894116283634 495.27034416901967 239.304884761307 41.39778015799533 71.74743341232369 
325.3838799484438 411.0427636125134 270.73649045373736 236.31283054594385 150.70399272316698 
10.728080271189368 116.32128657960732 61.88112596504957 360.72496843710314 218.0658883401532 
133.74201642936427 428.3830722731957 508.74493199449444 165.39302894603975 382.3793793473821 
120.46317372999093 157.0086439859553 54.0078907826359 415.58258676223414 155.49453154818082 
149.12701483929175 401.3899221230957 238.16265171072396 173.1476667138216 421.10122498468 
311.88721785260157 405.02945381830114 341.59141706972395 87.27984812591643 288.45024566536244 
59.80085482431562 360.403970012091 162.5768177785492 227.9898519382894 337.2116871177932 
265.2723622338181 407.27863044131317 367.9376076999511 178.1510654608293 364.55831042399336 
405.76871124335514 76.58675069114717 231.1558927940581 262.80864847771255 115.49713054270515 
504.7917057046058 139.1888650149724 51.28855177542101 247.52389906699452 241.604383320791 
135.52898345929185 370.6154627327389 464.963743224523 241.42542176654752 497.60273468983405 
175.57208816978698 10.660711111257427 415.24835967202455 32.5841214117295 157.17637897567897 
500.4206561281832 403.57505718950694 393.5915290297912 402.0868141884238 243.1295948320148 
173.58024521617597 150.3097495026212 494.4209036911938 74.08628023161911 208.1036431190105 
162.86506877816785 390.0652651728157 312.8769759772874 179.04742412101004 432.78176554234886 
18.555163476407614 82.12060501714623 122.75745757108035 229.84793129074393 192.60186425872865 
348.41232894835815 259.96619293844157 418.7188588721338 30.34572361177761 171.7938247696611 
227.87557377570366 34.086211262404674 220.41330223927136 275.07825193296094 116.95785021676096 
278.2408489138533 84.85652642237822 169.3580460153669 330.0526149237161 239.8576354718325 
20.05204653159586 197.02377405325328 406.3380390824017 257.8303199958991 20.638945704308956 
478.6220798263175 77.75458493193854 478.9845658829532 116.57293081846476 374.8807715939948 
450.45912299912317 283.4972507065645 178.37499819441987 200.229449375939 328.88782365534115 
376.85026735745646 170.65295574984484 49.143422530413915 325.0057101886073 472.14680541302226 
58.973633852258224 221.63941530514464 20.32113497500814 111.61831704381186 200.16414796762515 
359.2508818949885 73.24332298717971 301.15030657234627 171.12018318533222 27.811223790007713 
289.3609797284854 256.6550101564578 116.19951843165303 108.37304014739928 297.22020841336354 
186.11919784477016 318.27889828775693 482.5914022223497 97.17981916418732 156.15502664077468 
323.55228023457016 123.89943532817159 375.9221744622683 216.88229975769846 75.14871797744343 
330.80424033898424 104.19761264515297 83.97013148113446 135.64797945345208 463.63126311665053 
60.38070172126247 301.6660710731165 203.57195528331573 171.04534876619832 47.41636901931439 
435.6410613889287 253.929989798376 217.6764736174399 195.7340434595783 469.4780285953015 
257.89636549326366 149.17836575998604 369.70792674491975 203.63251963947846 61.69793519895283 
156.04810016162472 320.2415488851354 80.69329934180291 129.79012165096253 122.53481586732612 
351.05472807782394 485.77123062905315 482.399334626757 471.965630132974 391.25101957878076 
195.84430880298163 282.5100365029777 44.8170050245028 491.74382946451493 276.88723669122123 
152.3743834719766 370.85949605021875 388.11929654632814 352.6135270590133 424.6228707086706 
321.7041644340178 397.5140103051353 293.6582322815685 158.05377834202665 255.07874278475984 
42.0858878985939 501.0294925464812 373.17977574168015 387.1616085268046 416.6559689106281 
82.6570286630397 87.60974546960908 254.30180013329084 443.09974519284657 346.8657297696605 
356.3438603071093 250.4530820983889 279.065654082781 161.60222732300056 147.06019449912188 
351.65034956946414 273.59920706212216 353.24302661777836 505.47086164796417 263.85623328905956 
487.2507509436196 443.811867428731 90.82590451916089 355.50634850453577 419.244972296664 
150.43470248451285 286.64297762020124 361.08111927579415 209.29029493711886 195.86036397102558 
216.74096958382188 467.0322157822787 206.6063221696152 103.87500502547036 121.65578130528564 
16.392031523290264 423.747373025038 278.43845719912804 175.5162317766118 193.39401077010254 
17.800342412512542 290.37066908125433 448.4583261936797 174.43220473513887 66.53494560449279 
420.41631118274125 344.65596631257955 356.687907794892 32.084394435033346 132.51561913967436 
471.0462817517783 400.75183791352356 429.73485992778103 276.10978012756436 16.827606337119818 
448.56965672447063 344.4015787439638 441.308744556579 348.8083042632585 503.03917048241556 
62.36992463929868 15.749771663840997 152.68460055370753 80.58725693739787 210.879447606419 
116.9748034146682 75.32542315271411 373.05466190303747 423.1291162100652 199.15468103088656 
448.1424595599167 280.21672919709954 171.281754615769 257.9884959984773 296.62361788022156 
299.26833066095105 35.04594334688804 182.60605634507792 466.1078381548226 382.60096680388074 
298.41337154542987 428.3016520061786 318.8795518792219 500.2002265477368 392.12990604623235 
308.92729751091906 82.66081380526873 267.9917889594012 324.4783315123274 332.7734756188463 
55.57931080081884 128.46397290733006 367.9510977215691 130.76554896266555 497.69024578700004 
194.8950734090331 394.3909798235816 150.804016065248 164.13039465894119 495.5135017815935 
376.1779243271701 417.07666330192865 59.98230068234 478.9190018897132 196.04022878112193 
278.17071839584105 121.92678133714618 267.09288137228805 33.06794420363961 192.81330661177387 
156.76202129982997 267.32551151554804 217.50701702707107 227.0680507406833 491.86708008351474 
379.3892469953128 71.91183982105414 61.81621662318542 417.68817370912114 159.28473230904433 
381.2347908906725 434.3503309858388 127.3258606753152 425.88889140656977 259.43050279325837 
62.90853550280045 483.3010259391205 421.8326604724134 305.1532200783096 227.97766718660088 
66.57810982466249 264.9365033235799 64.12527314151066 309.1933252953308 87.92340479138909 
51.531981717274405 440.75489811216494 201.66497073933937 366.67678129755916 97.99743120827353 
326.5812843787045 160.5541579872545 207.01480352608368 431.83585466294966 338.12532181545555 
247.73415034539101 126.78347327393158 268.62318465249996 181.7238808865525 179.35885842287362 
18.97864100328094 336.1550231070931 287.92590024979114 498.1694085358969 450.9522590256932 
32.12001317877493 483.0283124767006 119.36634419338226 431.4226164003283 26.62790326607222 
90.33010113807687 423.8756519334565 100.36662248406053 45.920566181554925 478.68235968377326 
197.83664818062346 421.87226753864144 198.59387322781217 200.91273849824913 342.14004877821355 
85.02950242141343 330.65878674594165 489.7022138906068 400.8440082715349 442.93749812665874 
20.769649133103187 503.49239776255473 82.29670019075807 444.9065160282136 451.9478121011081 
340.00147444992905 71.79309502379904 141.93244272269266 21.128818865886068 459.92694250301855 
59.59444379829808 470.522238950403 172.8610930499928 288.4131845713896 33.138373557407334 
144.94824100929375 68.48447737316265 386.8621660930359 507.26777109764936 113.00965727128019 
327.116549836038 212.6651108649067 491.3066182985904 155.3791274357692 199.774982240981 
109.43362183270021 116.81086228033237 333.61275045966283 162.96394698619724 295.30804674820314 
474.822487443857 116.90147487569796 43.052848152948286 241.9214713503855 336.4548018497127 
142.64214195439928 407.7753343933078 461.5972924554341 55.637265177558504 190.90612385027816 
86.17681375888341 345.3585636221291 77.84780739212066 77.88392541864985 303.33861796776574 
319.32726321813186 103.66076046711098 298.38366576667084 41.20687606264272 212.09155461900986 
80.93872109640081 372.4616405869043 361.85426358379215 350.6191995414364 324.4962246001314 
476.26306387624044 54.502668583439764 27.29522777000475 187.06351442744085 62.151260868995465 
92.63512314442 105.66201310322359 330.3784998050362 298.2031611925658 12.524784684596215 
157.43986250342184 270.234981042324 282.1494721078803 449.5094162928151 148.4062421991003 
494.31529092168284 109.83751122818674 193.3393105653358 315.71178870264987 76.63552481684776 
503.2949034897724 248.92678208825257 504.2111726126192 337.4314371874753 328.4722074498308 
13.825474783363703 354.3870413945486 222.31309141118226 457.7426272563011 308.76747142726697 
359.44503822903715 199.51647843686658 57.23693124424677 122.58641058294033 434.15814174751114 
99.08020239647601 504.0916925254068 57.8547286387474 263.0383796237146 442.77524376806605 
263.68901350367884 88.5630645560641 320.4140230056508 438.6161403711814 181.96580870497442 
366.17017226317427 79.99048984463779 438.7815334574684 272.87075197485177 435.35116595508345 
56.472993325692045 284.7722515394888 206.0471747739126 345.77246186334946 446.82904052132335 
88.63507666102792 324.81974967817695 271.2214242948046 263.7689925615985 124.08034712541671 
149.56340600190538 372.41891186520394 479.0227802666865 126.3214333517416 446.5323973317595 
264.84275035312635 318.99081144609914 424.4642818536548 67.22762888835248 77.8903690783565 
480.3473761523864 455.2751422417559 388.3805631101427 216.70867565884697 158.17449296124212 
332.15458656257954 307.63161393533704 63.01919370894292 404.20440943352315 268.14593960045204 
374.98129229740175 476.2668624332244 457.7489121726845 276.8063002357647 265.09214369500734 
81.42026563361725 316.8934547421666 199.76815700193 420.51968447265244 454.751744963483 
442.53438924139755 234.81987851740587 320.9503962992438 443.9252506280154 112.83728372791445 
263.3331303638263 458.52491470036074 483.7202837818153 70.69449580026898 400.86526439333727 
224.32457171432117 393.7198918563915 231.7602266730883 319.76491457539953 36.09936519784101 
269.2908959798137 345.64094666218523 17.608998103059427 162.31554092843646 202.18450171107153 
