111.58616214119475 153.41107574298738 
324.8499552398183 243.16645233933676 
93.75820556257555 102.95981690361427 
231.40908460342442 104.18149482098984 
370.71911297961634 583.5783005110774 
397.6573638954934 127.67592319678532 
127.47337318294153 245.7608178414098 
404.2593516145865 180.0239572821573 
357.89826031991026 64.55454502103169 
74.91016490682435 176.70812304973438 
230.920198175113 224.9588619212896 
292.43260497678153 86.68231892332702 
524.3059558725024 147.40057405888683 
36.78586998430038 199.8574844245479 
272.16229273971004 136.87839875652037 
466.07953239989405 216.3034525910365 
522.2378600649072 289.37078536825453 
611.6868087137523 65.76097215178768 
449.1210624233828 239.10048893847676 
608.5505615425565 116.05753005238824 
619.427798062903 480.249989450707 
331.77597709249903 379.02063398023046 
155.07249939308068 146.72124309033137 
60.60363071396367 272.4825654621175 
490.7165763521012 83.53371909673237 
340.8566555184949 46.96999943377563 
371.48778651404467 393.454213099235 
166.95574020455862 335.6726126123978 
487.0643441375096 392.4524933303532 
554.5958364656118 36.284143626959825 
288.21760047281225 57.57632872528476 
325.17818142757636 83.30977242757471 
281.9068348372186 400.8396736691918 
473.0913769084381 419.43360826405905 
451.02020782255244 352.71779532967923 
36.93553774876342 424.5399168265132 
594.8553133266234 488.8431585691421 
145.78281738206653 610.9819518340104 
136.4333047768977 83.4955906238422 
61.56849723740565 543.6921244822104 
