80.90353832879393 49.01617112557604 
327.2960218976945 394.6625852973415 
331.2300098071204 129.49358973130182 
136.6701810137389 366.74579826558175 
444.3908905309586 472.64482587139474 
429.97873897177624 398.1638523720451 
43.75759735497624 436.74312761770744 
298.9992606296102 262.23383014658805 
254.48963686867208 371.34906886481275 
362.852260891992 340.54946602682446 
86.9884429389156 108.5600837487673 
183.57481874036662 312.61026755256046 
314.7665281988062 39.00731789323524 
177.0860692950975 196.79943481887207 
129.93499057650908 87.0530000924199 
365.2475600557948 119.66381625620458 
484.5126040848839 24.641256780830112 
439.72179460414344 315.4490438109734 
150.75954614143515 188.25574798797277 
233.33194618956654 482.84278384653317 
158.73889750714247 288.43698379806415 
319.6259340969594 250.87954858650795 
394.30906769653706 126.31271118872117 
86.34799050315144 130.95981443054515 
265.7502633211325 156.59423399401683 
253.52076543501056 456.93694039325896 
472.2280739874789 461.49207449231153 
431.8412130198448 440.22469632636074 
32.29739379478668 325.0037760343096 
442.09331036630743 91.87880104248579 
355.649689723454 222.02729618994653 
241.28069952955744 388.6053507812293 
266.3068982893795 161.75285315949043 
426.18252369101003 184.64940775073927 
10.464838820814439 449.78659669636795 
410.03532821430065 496.5168936809925 
407.18954021663455 58.45888060542042 
493.0445025987629 412.48280107706887 
425.16944777388267 419.7706980539062 
172.42802595862764 503.83890063616343 
