25.519953331066606 484.31731274591345 44.25825591269215 343.4420462671815 251.8346999059285 277.108145628584 613.4577561472868 406.30417772057774 
255.64100728477547 321.5030080695145 320.93452375018853 470.647841593927 396.3599258822062 221.04614550799374 291.8856370742715 300.70764488997963 
195.8649433813084 234.62299867046423 353.6955512136572 470.1910094436164 404.04495636235265 333.4630786298986 363.8220970544164 574.084464629643 
378.66174577442547 441.77308439111823 350.02376509880867 190.8871616194369 213.09561478248213 232.09431771915763 571.5221259381079 441.3654638554631 
395.57288552026336 596.4778084327922 359.6929822040325 539.92222030834 333.46926643907653 64.57116464719698 146.88012622556795 84.67448230815658 
226.2823889218816 589.7107534128328 441.9253831578204 582.3336504943322 120.86776178114496 74.11298930606551 61.0087646358579 453.9814058740205 
332.5315719500043 154.25853758428994 272.39231884286005 117.83547858857268 365.57410165793317 317.5630977023558 63.661640626334105 295.0989972983697 
216.87767766841893 571.428578273415 290.0586767255496 234.98688716990435 296.13279322974216 235.76839632621477 412.4995617561819 305.02348405851524 
546.2960992692988 380.100618064637 483.871222833331 342.7047211119458 97.87412452962485 176.30277679952377 192.2006985852779 314.61889892593774 
140.62644352830648 388.12198244057697 119.29053940023067 379.119703931068 246.28199557774158 368.5342252735944 323.4144537054926 598.645141925216 
125.86234080216231 286.0465644067553 504.6667146428008 97.77634200351311 355.20562344310923 51.0357862164838 161.5590493747796 413.129759219362 
552.2849613355419 363.21764785969646 297.458905365867 531.1766641731524 239.91499161264065 51.34009895798262 585.4628382244018 60.08362220584678 
577.4403675174066 226.19438641415272 450.2985265289214 131.6676849911737 494.9999497901599 118.03785120909872 75.84951138287875 179.5601536657947 
113.96046515830218 219.52204050745635 496.8962063539626 289.6725334731696 487.1132099945521 305.219921568271 283.66687768122694 369.0584630645648 
242.22788906475463 448.8460487769234 277.7925829707015 129.26548430208948 62.55695732510141 109.26324230675124 388.2595134528308 430.2701630159524 
287.8845055160274 106.36975042602673 205.952750374157 81.09060984510947 469.71329444108756 457.9604405476835 345.38507282157366 343.1699071431454 
264.1837059868276 398.6559150415295 372.2044833347409 132.62428097218555 596.3184258783243 451.99323548713807 125.07444176251009 467.4497879172363 
579.1864697642192 576.7719949249622 590.5202367904856 255.78128868852397 221.58053302880847 558.7495693053593 39.33557947288725 471.29733072273444 
507.80112840351745 568.7791669936665 483.14286160688533 311.86486821291606 383.1415051863687 558.4845209420585 59.70111410874122 287.5173926041171 
528.6669527225699 314.5650346113059 505.5551216409695 333.8603706920802 558.8823165519414 342.82490885843663 224.6197331202029 396.99768406147194 
425.8814148129292 303.0202262763033 611.2928735288093 286.07273007250706 163.572178838575 265.6176856039499 36.69122960471454 539.5181418829972 
55.571227885929076 611.5586005955652 456.6021014214371 201.10763125249304 460.361545472087 146.12211077677054 149.74544160661995 151.90395184868342 
77.30719524610222 547.9812497684694 244.9396233848959 394.1964912730699 587.118676814728 224.54559955993466 45.76478484978855 233.52244035224695 
550.3626940483545 394.6843328735569 111.31754546034001 254.86515967051648 597.6101285100711 169.9233943546686 401.650651594523 339.12358013145774 
94.81597712317709 155.21051097015962 146.4915662022011 115.94634246079919 417.5248991985732 40.341903048704644 245.83351021586049 599.0243738574154 
117.49627051815663 403.14425670621534 160.99289476595493 499.9358257518644 415.34235830321455 495.5059050852602 604.7267636177978 66.63689653570339 
602.773501352892 133.35085514798666 89.00402841464913 242.69244980995128 288.04388682998933 161.6494062856122 539.0243262503038 93.34013530022128 
368.1918839750852 315.5591628869091 132.07817039712216 394.4817486433044 161.66836082335232 48.79022736188408 269.8420583099179 430.69555954446844 
284.94719007422094 250.28813883461393 342.7025519484678 398.3634473282676 606.711240548156 320.32851834502634 294.70277549199045 360.00646162341565 
163.20785027432854 227.11708859159668 547.7053320773125 45.92266955626219 68.36755597072298 514.988765304199 393.3651874520817 349.2210100114351 
402.279650277366 585.2996805040599 311.5063925346424 310.34485093130104 211.61854266989457 521.105758744133 23.496438641093235 337.17909091221145 
305.61438365544115 476.72171999788577 439.21178209501676 356.8344608360515 281.1620756995486 203.25418840434602 406.18853314607423 345.2028802061046 
560.6620544901699 231.20266877869255 319.55194873096985 30.377474751917482 576.1868343473647 381.2220924479755 201.3183976675467 116.03116808670711 
583.5669740759956 424.140877605537 407.66374626955474 320.8475210372201 339.9902201415757 61.327915171072284 72.7517301548427 480.0974587383365 
28.70755946248969 346.50262651557847 547.7161574165001 305.4558854477576 564.4400325760564 420.0814548642999 243.39066539189417 149.1517332957551 
563.079856187375 377.15489650378134 435.3797644404198 468.5451990561607 609.2798802020043 240.18849172066678 340.0650384864033 237.22610407388214 
405.52482543340824 157.5418413652194 120.13999880951252 98.72686768457002 336.278349437958 498.89913602242706 28.267608360613487 608.9440873762501 
530.7994179608622 68.70508934008214 247.45409378482987 463.362300965166 258.22195344989285 408.7000441286456 136.73280761988792 355.17371392927254 
38.49134987898921 310.6477896247662 540.7518696102155 260.38781138844774 602.7517582833807 210.3502206314799 371.85941666009995 296.0243115394363 
186.777665193085 284.04223834616147 423.2801501332392 447.48341132702745 191.04383376931295 218.26074195730754 521.9768982632831 611.1871253763063 
591.0270091312306 374.2815802078002 279.79105672628447 148.58517275881337 231.33341744447392 618.2180571958737 51.45551338094606 497.6196104784535 
487.24567036524064 437.8749107852664 58.07395152002526 137.74147602501222 127.28281383870967 517.4512193149801 584.6601599905223 154.57356188519609 
560.3673965961675 91.18640084928882 310.3311774707865 400.3129196351836 601.193105124612 147.042693603195 179.748002080183 595.9668544063863 
237.38694327122448 501.5180090927241 574.3975639693491 471.5161012257202 32.05952560822341 516.6830249725301 92.30981276608813 390.09910942497845 
345.33735096178094 180.53598442710936 194.80359517318988 452.31097015841294 508.4706744043481 221.76925236237687 328.8550896566058 426.71093557485534 
34.11097375417087 80.04116231912985 83.68251375340294 602.632095975926 496.3514008935796 502.84701213017144 490.1409290524544 211.38709645143513 
264.12432570853946 290.08296128968834 321.5208906697276 411.96359790432325 221.54947471975535 257.396451128196 204.34457404614952 387.3032432568409 
358.82656210144654 39.41713769010316 497.75325553001284 447.2578382206609 267.2660537388815 503.96183770780686 50.07984662712681 384.31655659645736 
522.0518502620819 98.30736581066098 91.20024662196786 78.19789289668869 286.329775575943 598.6250002911901 269.25720898268617 495.4000783798032 
420.21533942944933 83.6703616895784 390.35058907123477 379.80375034482995 528.3147723029389 303.82237446357846 569.7876193976455 280.4207114739797 
129.35298444037778 566.5650647124326 453.4869145368292 512.3822427367877 481.5022371992289 209.50602068414295 118.13017828235553 197.26111509746036 
147.00513831173697 82.02525562363878 608.6551229306084 478.8207411872156 329.6859414551955 206.6481342882875 421.6834525703681 160.2852947885456 
168.94374831397252 541.2361786842187 593.4776840217703 359.2246639762857 123.82133872100374 513.0895350493167 601.0205634223745 126.14784671534785 
530.743490812084 346.05474329276177 434.81065093861844 522.898605586173 568.5184944289227 151.73172055707883 351.96811323233754 606.9471111371627 
614.1965274793151 105.87353305734942 168.2442827495793 117.67134136131513 323.37878177467917 381.0728365711055 97.52872394805215 410.72197126667396 
518.571039345746 256.8286446701815 497.4476561030835 136.56449768607172 319.17529518401216 178.0872648349069 429.6474236345933 309.29240035100383 
296.7135431521385 483.3510928343535 493.35679653973193 561.8050173198874 388.87699467547316 273.44901163570637 540.8217695219478 333.4438687303176 
55.99494083520061 42.06217016308973 433.20671839705574 286.1813528347334 513.5166392340006 439.0988747578716 145.55565836299346 595.4553203013402 
24.100279792529292 488.0123910125213 479.40714531910265 111.74343732865773 382.90248684352673 528.1553038934239 391.6569805640211 538.9710626026065 
279.6623625080306 303.2643008799527 298.2619784260749 125.84634747882822 571.1736583606049 167.16904838694217 461.378961625605 516.2163246522878 
447.7389507279598 327.81895914264055 518.532516614368 154.5377885741676 227.19936639473417 400.7215610224199 362.4052758304415 592.5565853566053 
260.133881582317 492.88624265857686 329.8445049829322 593.2892808281769 579.8217722669151 388.36711761894503 608.678865122931 478.40066801848207 
80.56186766382919 156.49880482639128 520.9387923388861 315.071122967869 157.9427169156015 253.91871949042272 291.07461070199713 288.4474981284228 
494.6569676534766 541.4698733886515 257.765834710847 355.77108392497973 25.454097762276966 187.07771171411946 437.91562933937905 28.276770306779156 
64.82495548032702 575.694784160553 501.423950992661 476.956844981199 131.0120748209419 297.4071842632521 365.3334224111618 508.28324276545527 
549.9393332058233 234.79620151016252 565.941308365792 305.98220577846655 272.65494064862077 320.6491425925769 517.4717301210496 584.9547710477625 
89.8811440947166 287.11313734892786 115.90159726723431 553.4370676053779 577.2648463618688 77.38533591827064 96.5341132671232 29.49416598304129 
454.9224741139346 541.033728399316 303.9135791872309 407.9410822009907 594.873164672209 384.04191753568824 582.6753206666103 523.7847998601289 
459.95379832157977 494.67179409132297 147.92429719042485 408.28112253822553 307.8097268689627 516.2378701197729 443.73641988692754 283.6998937644474 
443.5550156838637 287.88700074426816 448.37604303776004 292.8925264130271 354.6957057617062 324.4771021308018 534.823615287072 609.7555799560271 
111.91019467171874 456.64894048791166 545.2070853794783 526.6839742584887 569.2802295189738 102.18434496557208 87.7308919501596 65.10778846229766 
247.56620398067471 189.74490587582306 214.69621713374303 605.2062470530985 134.12091862818554 306.08479273949513 390.2063648077081 580.8927567199717 
183.03493780135577 387.831373602048 406.150885122425 436.1646363353417 249.10796599718958 228.92751599204098 255.0623374260093 588.9113902537842 
339.23937256906095 424.8292643762978 118.43925512157135 298.2751806682448 614.8321044142432 124.5525643789117 379.1292537388762 81.65735369268673 
528.8033881372036 311.66296554661596 516.3659128132181 277.46462573584887 230.79623337866528 485.3018611689571 92.05322533202958 499.6888608310523 
324.1852863193832 162.3431209398723 386.89133921934416 80.4140499570845 408.47088858644355 571.7738671940907 594.937406970375 346.3442665529089 
590.6551006774063 262.3931029834624 35.19515614761973 125.44641042690361 99.19337078651425 94.92195613767791 588.8271264908548 29.80140250466839 
484.1156483814236 239.61929674831865 120.58311929720645 610.7576828492388 36.91069046990532 150.49652351313603 193.03874670913157 32.480643105308296 
413.7672928497453 37.22511991730762 532.2378098507777 59.99184133094917 395.7662255737329 105.83093215076178 253.33221910697085 507.7917242457474 
469.6165289270433 589.2687652679703 204.81317207425477 245.15953945595462 62.53013243318473 338.9711109085005 339.92749470320933 204.2243280884603 
614.8282520201417 298.46473272483036 573.872695758583 386.90057757617603 223.8735591553228 330.1489451874582 535.3646177647246 416.78242055628596 
542.9217961280136 216.32910180743843 371.17141784713317 132.09008926405753 568.4864960118168 205.59942795971628 112.20756941263066 465.7623191586883 
99.81076311772675 225.6685131817135 59.78167619350448 208.78853186328772 404.03953554185705 33.72154895670931 600.5919013568355 602.8744956258175 
570.6865404283253 325.41293531050405 609.0625752165907 458.53530679413615 188.98918920772738 173.58292648851167 345.61603905955343 44.70918934629365 
531.7455831985701 117.79222961441359 509.47316792326234 345.9862912453496 179.22712270125453 575.76819530508 54.57648231554054 33.54571985000415 
366.76051893306544 397.85635768069886 327.22956440503265 445.89502644275314 89.57308191336837 535.5711460291025 434.0465679729248 225.5055564504435 
148.49486460040126 545.3394138045218 98.8055153035276 407.4376206090835 70.11153191851412 398.53062063080336 616.7991300707577 106.0491316355501 
184.9616377952547 418.8673889852419 65.2770022162122 295.88148731446176 297.37208496983897 118.31015053365736 78.57282046482624 332.81645632156904 
330.5255713918099 452.50970661088184 246.51041929997598 211.59779851809805 80.35366833132085 366.92133288066594 144.68229110739858 105.81141627053506 
161.84929378671205 254.67441807205967 355.194583001041 286.4176746529717 381.3924632392789 497.29097625363414 586.4719652896562 464.92984354869145 
318.68295170079864 209.3473041745455 350.71644027109045 157.3321341052276 451.8735568787352 258.1720113750988 607.6136615973637 614.8313764368893 
509.49790585872455 379.67459177780034 132.88056020623554 617.5358154993337 282.78635654846136 161.3980729155937 320.24800352455236 177.15500497495563 
481.9639228715451 613.889460003083 475.47235993498987 544.8143789116853 170.123779425754 201.4819446312301 610.9694851051138 470.07838707664905 
58.270296946046535 353.5823226000793 99.6651228697788 207.2757692969372 95.12517769780476 227.55767560661403 496.6553311431036 315.22096650764075 
335.2905840260902 244.31484623891959 587.2706886225793 446.4251499020862 419.36294094513505 467.66648830250534 70.1381118086197 471.89078096781293 
349.5911584723443 448.5776734351448 233.83394422479242 437.583545901437 594.6730305869534 105.3863755902067 335.7220981882103 198.67501839240254 
307.2835699286609 161.09201551051086 541.5710495961212 327.6503725960392 387.9290574681261 208.8055164127849 234.54336326015925 42.37436170512595 
278.72049920942123 426.4548160762919 452.1514643176827 50.20962018982869 320.66022892319484 511.83941619580867 159.7736417056944 354.28103708666544 
58.03557695840443 359.1278560779949 219.3236371285527 617.9797621976983 423.5130267366377 547.8917943593452 261.66797984855805 33.80073116140703 
487.5269980239525 265.7704561846632 221.38448778584515 392.60749924420713 605.556638351119 35.85921446086671 442.45599243865524 599.4180328856062 
546.8847214440591 569.9160313326253 413.49266787728317 431.80519967212933 538.4320832091977 618.4794882615054 541.0770794373018 287.00585164216517 
107.26157343611645 438.99229625801115 119.82550670894483 613.8320682532807 555.3451728092934 253.02378666043194 407.7592317651571 75.478476265895 
250.1880164628563 613.6853678871986 265.5797719082861 39.3191815824229 264.90315695441524 354.33256031536973 168.4416092971256 339.7883867579722 
251.3307140145878 539.6474382497569 548.8161598058225 210.43808170020725 579.7951947744505 190.195158190535 379.0409581594507 431.2668321006336 
529.0948061711136 301.54836213071263 252.14750218442438 487.4132989840732 460.31642253425025 429.0732289686228 569.5617108668108 285.3081875831563 
458.069980879943 459.4708688894944 594.2707385700576 522.3785494972441 72.73599820711839 540.1678382716127 78.0497737697628 156.39797988041175 
347.32021131069865 87.64958172983843 521.3426942971047 370.57663808825924 462.50865342712973 545.830377686317 274.3902387409996 580.4847274054911 
83.51737833278901 515.5538220689142 38.19952576746822 378.90321476253825 42.330204325459626 226.3172164208381 73.94863912080818 464.69557358466005 
138.9185233064864 71.31407830626351 579.419971484254 551.7942189230878 195.03668597459833 276.88804641810543 41.05614778273357 204.39552082966324 
444.1868876496071 527.492295454746 320.2323149827198 294.4570159506992 491.347231139857 317.24804162589515 382.3383641619282 527.5905826021115 
426.0567168280485 349.19587387478254 327.2651356544122 33.44543623001073 22.450849800356146 53.333782249501986 329.88798081882993 366.6745629973095 
509.84180641844324 244.53545310781755 249.14178040926342 214.57842604878985 347.43670263779717 291.44283222835446 414.2810479062217 57.519665013199365 
586.7878036539756 317.42638693168567 46.91862323087726 378.2025204768093 155.56841834586473 504.70716216155205 127.43719763789113 565.9107889236207 
546.2682421016166 522.7340571593784 264.36698298489887 411.79800858421413 543.4018870260181 451.91031486431257 275.32344877927744 241.32362357390033 
172.8243318225217 523.7628428969273 538.0989364089328 79.92892958017922 206.74704375973343 148.6482107373176 120.50178338508726 198.04649036563592 
508.0485363080285 452.0889106632943 247.53674465206197 131.53676129105727 47.47317297061815 290.8338656402056 414.5205449577107 23.645863934751105 
377.3118154918483 469.7367225542557 404.726112411038 484.5778501518506 95.15819402227987 430.5457754000529 20.14951944563675 314.77575280710533 
381.3347091820392 33.699293742719036 483.99313214164584 588.0046229441409 443.5814676060678 604.2199803658877 223.4588376626706 340.33075674737574 
252.60214021335298 162.8022127265174 91.44508768883028 461.0905579287349 502.06057442387123 113.18604693770124 235.7415158436664 131.94291255991942 
76.6218970868222 606.911410912637 374.31486252572626 310.0988572584988 461.6316414828808 356.54663973452284 385.27988020593835 101.82218976081785 
278.0269972622625 618.4846681268318 70.14921635214706 222.2949056079988 476.0735781005302 616.4009570928127 98.95563858788496 287.9409624565329 
71.52173887871187 26.466840637580738 295.8407557089447 237.30250160890313 257.77597575045786 295.41182872949406 573.7037109235365 126.56193439841657 
77.67140066967009 312.52894133448996 376.50365672277 495.8037682138304 588.4507477454111 106.71661415042247 437.8098945489474 252.11004024383308 
403.53589852717676 589.6508977175542 614.1931712736722 565.5828626880493 444.687593693712 116.18188839325117 302.05219893754463 24.388041391945908 
488.14701873511615 183.047992167625 296.4688405896149 44.91344599589489 238.35315014848413 337.00176758319276 300.68594374174705 83.13580298312507 
412.8294737409092 313.4411856637625 244.8014654417409 143.2898624080699 71.83390344556486 576.6400575859618 522.2726156705078 29.933408524167085 
376.3656776475805 382.67115060388505 602.8238821142179 539.502123207145 508.1228781411462 436.1161855247634 430.35249761382494 537.4479199143484 
435.0043621256056 561.6559635548839 164.4253787457756 217.0545469697646 155.75002505322294 361.6347934619201 573.960976136904 586.0240734449554 
207.31279581607555 180.69267697927268 541.6900068527901 176.9282844133219 568.5564474876471 448.5591596480294 287.98872850965 327.6184692078038 
43.87283521294579 22.102559832000004 472.67851534266725 527.6874729972494 160.31224660171918 297.7283087578496 83.38549869884353 277.0777501214142 
361.82077573192953 415.2201277268293 369.05406347971586 52.9291866818111 234.1782675372625 224.1179228716256 27.207779717737097 130.76039059523515 
44.230828622451185 233.72589561706093 603.55177091804 356.077185314748 27.011437869144444 517.8449503838405 412.5100849383354 512.5022423534076 
204.34248747321143 95.32286640164267 437.29186787298846 482.51928930218816 268.5140336453709 257.51605142019287 218.0801168203986 146.92592235469118 
414.6314937387221 463.7568314525893 286.93675388519574 319.08864331437627 555.2265109205371 175.91966965642752 258.017658713581 160.09385058357157 
300.72470080014944 353.18038918639667 431.6916835452706 470.88864997915226 439.3642112366719 278.0619585267845 521.1570690333009 207.505076293349 
200.15857280991457 534.8606772091009 60.14926246341304 115.46164955910146 332.49782035206937 311.54642324126866 400.33373990855665 529.4358435273757 
585.9815105450275 146.23088509021014 556.9776685473416 334.30140372690454 124.077459518702 389.29728308208723 311.4941492627776 33.62398085506062 
555.1998656883593 202.28556117655063 129.45267458445332 21.70927168017876 614.8006551773758 264.62663891587476 202.6497611375647 305.29689627557275 
482.0677642372551 509.319574865232 473.8333067253261 270.9941903545195 264.824030608434 558.6453520443895 52.67457309364443 244.5434320990985 
136.2206362214771 481.01094444210077 581.5814115598149 138.01633803533554 156.8186524827845 240.01766568612 259.9465565581976 231.02947698764171 
365.65251878570257 556.8472488537384 185.4248143910063 282.0745931271884 73.8692692417143 257.059618262634 420.83269060522076 516.0572412780502 
244.53709240344213 322.89599445191584 545.264368220374 384.1377925509826 392.2171954363299 422.1811635530498 398.01782609738495 141.96836993085577 
185.89248151481587 234.91857461228892 473.9246296935789 242.41959754402922 488.846998488818 48.67208265325103 378.6773667783458 288.8907366427326 
519.0897882957496 43.82805021509904 502.74837211329043 45.29722167283701 563.9169118796032 239.8315938625264 222.49353038704191 348.82903982198377 
32.20541767311964 223.49065711056588 487.0348148196193 121.57394506271105 578.0329971121442 330.44175437495284 199.5154982480192 227.09914231252392 
179.21707288644052 100.87106292071206 551.321573408514 468.0852226191782 204.36708574780937 180.5846224830814 417.86329687558754 171.10609675182994 
252.0436227617712 188.52139552936256 274.51046936891674 354.64868575457984 95.61841657420905 221.803077475915 441.2753802993717 226.46604878784052 
617.4285501251977 619.4140209085766 614.836944328825 106.35784539485239 565.8190796656968 155.60555204103323 596.4999712257857 220.47173652285676 
518.667343454108 184.11799428559016 474.68327113523685 563.219536499631 386.9831913401164 204.31435083543576 470.53020126856427 572.9018678163909 
342.178478608739 470.31939475664234 205.2356377639017 517.1350996253275 200.59980448214225 414.2578100349585 297.6829474303416 34.174183221983185 
248.91821863176318 404.6852885378279 350.9847866641448 226.22535764571288 43.96955870356283 111.306186103556 136.5214408311969 250.84224479112294 
270.6392003234743 97.07155778144028 134.0705179927998 506.4993026933822 291.3851284550347 208.75131401558346 136.62163427312365 58.43609826576919 
370.99270477456184 487.07432226655504 178.46996285993637 100.86655143663495 310.1553841526893 267.5299589351571 395.18230628867934 201.6464912647373 
171.47466997100153 292.92527135858603 174.02952376836842 25.493555280722017 531.4733333748165 208.79099099269462 103.47892402555905 181.8530453249557 
442.2155393483782 162.73065142795943 180.34060294635012 193.50354314171958 436.12772142922165 378.8062088150517 483.16121579325886 131.99602864007232 
57.61376301135804 528.0540473087038 470.4591230438072 616.0202102040743 555.0585282197153 266.22510238189466 412.3945918526304 218.79193066208737 
116.8131438432897 59.84289074173106 214.46873737409234 280.55519289495487 384.7561155425805 371.6731126438243 41.84518546055867 272.2928340956628 
529.0238094588644 426.6986823917627 102.88780569718482 606.7392719608823 317.50411869032945 329.6938215260414 100.50875109822653 542.7894278229174 
163.68708269108606 255.4910660187022 209.92012213329156 579.3972634135018 86.46616729936994 183.03487115187636 191.38328130216743 285.05787086507974 
265.4839868619956 194.3155804598648 596.5494354399835 58.96680745087144 25.616234275905562 309.277554171656 576.9853018649702 469.95039562228914 
34.187533358649134 177.79512071550604 153.47761413137184 169.26078266301528 44.51289443201576 299.8102227184018 554.7100644527062 123.32953863283767 
269.35876916260486 594.7252914219296 583.9067201898764 462.57346622114903 217.9171486150924 91.14543105374263 322.0353460664346 392.3463520093718 
379.8866335067524 458.06331743604864 226.1646471537648 362.13056074998246 290.2541933102428 48.58080743369122 31.569038632069727 439.06209934338597 
458.3713867310208 77.26089151101137 216.174684678677 381.88285095463516 194.91872891395963 302.20373119020906 535.9406136552287 461.41391440528423 
320.3520091979697 132.940659549549 489.7686832377061 423.6436285829665 88.42424924354442 235.23966750706148 122.53607302075152 141.5240873638807 
608.3771992293496 453.9164551937581 324.84407376989174 251.5699527785438 199.3958697177969 224.7443431742478 138.07695367113604 21.353179691016003 
260.9201622886102 596.5573508065394 123.36459475563105 43.98758042135931 192.4070473664917 534.6396336809022 603.0428184296464 105.69681128909816 
246.1372048204031 126.49543096738027 533.2047848335342 122.55965139291597 146.65994679948105 61.0931661170151 515.9377023546715 192.5262405409719 
60.469949462794716 102.67726613073725 409.83818284419687 158.79913323602958 449.50970694528155 30.24176752407657 147.40018828990463 430.67273281176864 
492.0914532641371 63.75918926503175 517.8693381189023 557.925074383179 304.83224646092674 348.2585575289666 224.15721442835516 604.855569881242 
349.1959562133461 416.8463173577303 72.40951925454297 320.06249160981866 556.2360146147869 303.76385066397995 102.82176141168944 248.05392829435414 
53.13245230856676 328.5753311975537 220.29625101486485 78.78609287833078 325.11736130692515 322.57979237706525 33.53417309574048 481.2224522865277 
396.381998227607 418.5409463785903 361.1564692516614 417.0077774580859 363.55977209615037 274.82875108401873 613.4472585036822 80.35055257600104 
365.3786746635204 355.06623198850644 208.31356653716696 560.2077479187252 222.07671342390992 34.37547073298191 330.0551526151266 470.8654801971199 
328.17449089798197 53.31654899308643 89.53808263848977 147.0095245693064 332.1983339041825 190.61292576671397 494.36592258009875 149.37919772630593 
86.94788839563306 575.7573988897461 387.6422052369746 177.09864329624367 303.9019099206608 212.59199024134796 463.9179506503285 432.77891826060056 
495.3559909408907 234.95587417598375 420.91803171866184 436.48505915178475 337.8859684760008 365.4948004022254 255.64001783193604 34.66143284819008 
540.7307130759318 598.725965442624 63.419471336438356 300.10943003660884 52.68822587393441 479.4519403569111 48.55512849264714 369.1111950784722 
391.11852567417435 497.6175328668755 205.08806043512968 211.79298990390453 426.6473020011124 70.70325862040978 476.328214504337 281.82214942062035 
507.16399040796523 534.7491075080918 551.7224180482834 541.5312662947823 154.70804480578641 115.1025703424394 409.6573657633821 308.56330778099397 
118.83707652152067 397.9843838254363 464.7914446846564 520.1315751497971 520.0707823680651 173.9660261696934 328.5090564753986 560.988069809045 
167.00421073528577 74.45248835406973 141.0913492410245 551.1941721971755 480.6842388111903 172.26422373901255 184.19691569918194 339.7872824813738 
209.84303792997252 467.4119753660291 32.246374401212194 400.43723526133226 270.5821364055754 529.1581556787824 451.30439530736857 375.18612390055296 
394.1009864875913 115.45865233380904 604.0532339323878 162.3655478515759 616.0636939719784 340.87877507148727 69.45108949466004 194.78461014304244 
391.19760699703744 314.07701614957716 335.6694362222093 104.28294214552945 266.7177399518638 515.9504600093665 574.9028444144086 518.741953143962 
398.1705099806469 339.53555490987947 58.64514983999785 287.6485416004037 541.2906770734153 162.75805984844027 522.0256355918226 182.30465786001326 
303.4652647399381 475.12575880364267 135.79904474572996 266.77667355201953 388.3981153289179 329.45788525912087 294.58314605856555 485.6782827146286 
317.56889722232296 539.7448892773065 379.93768446375367 364.8805725009854 262.08030290361035 396.23228891589156 206.87819273024587 471.2431181352024 
368.4871791337665 218.82248412534324 612.4188492008392 27.45985173428774 112.20133270426685 619.8880648138156 594.7377283355468 228.11341214349196 
362.0657217084397 297.5906208579068 361.5584278103476 153.03169410846266 189.69197696601333 330.7985723345634 596.3417720545166 524.0404872160127 
407.15469085108344 296.69792493456606 400.8812138786445 101.2057843460909 166.63646733210882 482.189643176485 122.89598723407265 264.65959195223184 
105.6174252840304 610.1673541565609 427.215369005294 478.1030499008408 471.20281360499484 51.76923091559141 519.1481073463965 480.0804473174293 
207.1826760669371 445.6977011030527 378.63063821365427 599.118080750958 137.41705008891705 395.7007719050092 613.7479017361808 138.82155451544742 
329.14071335838696 267.3088180817168 292.2203577250084 529.0253309392124 469.78108318869056 454.9203513902213 459.45117736539873 289.0883136651651 
240.88304560950752 40.330729996567754 201.72717910030855 199.42910632965283 422.73444871864575 513.7975451999923 463.1673114062296 27.394823640590676 
213.28605070294185 178.73628197549442 375.0125321012754 103.5572000003681 194.95965258632296 411.1401381786559 405.8506141954808 194.529492714678 
132.93817482035075 94.81772855920903 391.3698933260787 268.3984122007197 138.53137648286457 303.54241984642124 452.2354554952812 98.86430354467299 
81.21106113666193 51.20698281966039 358.6817399201925 204.1837179445811 82.90940999930396 81.07740150452621 250.41511382691132 167.0079247239684 
278.1743088277277 615.2395924631383 370.4203001211344 131.21120293899077 573.7752957577065 135.33265527189272 21.26438017020687 21.802566082457325 
91.35400097218883 615.6625814988679 302.4920246411665 184.01480808135332 326.7127456716922 179.78998515966083 337.7059115581892 87.66449279876396 
609.3350326399838 501.6858579597552 249.9258101803974 292.8767350036935 395.73182386598995 22.548773721407382 293.8203479779673 423.2684084307261 
280.2071363494907 604.3775855362837 103.40499742202547 442.68366912615517 356.63690072537344 191.39317862263474 363.8001791668651 81.57547887636261 
114.85468982992222 600.4031302032608 365.64312115798344 409.1267531645198 605.2382305514819 311.2029690231582 50.747330011337446 297.2052073716987 
155.0902479744417 478.1078277085687 307.6033365490602 472.24523509582303 270.4074970443494 333.70819399737013 225.31452266320193 401.1509683004692 
106.6318392171393 305.94353169078676 364.5617137444816 407.313964925655 41.9768661627622 119.5875533522794 254.19039302144498 562.8394009813773 
236.9240218635178 303.23883960767347 72.01418181387818 53.0745837949507 613.481953165144 72.91056472064095 418.42835710925516 259.5333728602633 
437.8026690820491 313.31313505630567 241.42726057244099 557.3104456594084 39.74851160599091 127.92340622977028 321.6191692317529 573.07893679028 
153.00350490854507 178.93432578547078 75.83257582891594 599.7653833002416 509.3228487582029 388.1786090896285 187.90737308009454 413.9957772507074 
70.51444043717312 120.12038915901978 325.2650552384249 492.40609961919813 231.74596299096473 118.00839893450228 549.85129262443 172.91164171307756 
479.77155373592444 214.28459543007952 182.0449254595189 57.02837644282295 139.671488039795 186.34186026186407 26.126987478806623 499.3403861156928 
193.69894147430117 478.72456528831634 215.90347038232912 180.2070606028324 505.82735029144624 262.86583009109756 489.0757927584117 107.80376408664216 
535.592241097547 55.45501415875536 248.95244760980168 545.5897334152818 374.82120613888407 66.52950743104299 122.09574294249065 111.29703591123676 
290.84590848403866 598.3842324259875 270.4973911797848 443.53417531723636 109.78961917320774 166.39288137437475 466.87660705169264 182.09829442585223 
523.5243181410647 362.8344133424729 491.69454571810934 558.0895586057209 153.89092803868175 234.81882135661883 160.47878994970003 39.92154807131328 
357.776475832619 297.40560957387095 240.05163318834158 31.321408512081852 506.6419614130698 453.009021804789 262.2559433069485 567.4135119319892 
224.09464315254735 238.18354636916482 193.77230471670973 504.98030131932444 615.0984883545638 368.8836000099661 470.62128175608996 52.994218519308035 
270.41659241110295 505.2910901899014 455.94440713230864 39.51430399277263 579.8792922565965 307.3045126267097 329.6577696420871 261.0413276002846 
238.07164829710104 201.78352926074248 168.5719256417829 610.4251776757941 376.03416792388145 232.64262539641263 325.5718609722069 429.4182200076812 
502.57047608253913 314.88760792679597 166.45074121928647 81.9683763430287 388.75558695981863 563.6887356079384 172.99123513039922 494.34579943587823 
379.23869236560387 519.5842567031999 570.8881267157986 158.1966662675337 563.9340806391035 440.9080600275703 591.1060410880913 42.61807821837767 
593.694061423602 184.5351297756677 223.2659235732659 611.3476389930969 273.5574520242441 346.0387292104248 469.6540926758837 491.16151579450013 
617.1676124519425 280.3528560746792 58.447600309247186 487.5748630018602 395.9536251010087 374.03389033232276 524.7496706993253 593.9380785728376 
166.6683960572233 490.21507097854277 518.0289290215082 590.0229110057169 110.8774304461431 457.34759288570723 544.5561598865337 576.1920614245971 
369.9920722294003 222.82214370871006 503.4324810782422 339.2459901702333 109.4409116849622 442.5644348878645 124.80239102755746 196.04070209927224 
95.57313756806269 227.69873005744512 568.8458659979932 110.97039431816323 518.8875595405132 319.37292042761635 194.1427553607072 33.408458922543346 
347.1810465726678 312.83901186704963 454.0037090489362 351.2007736422083 442.21020078306395 301.88266713128354 229.3610420320219 306.30509929789883 
223.45993642409377 64.69572607865564 256.8134167413432 168.67001182064993 612.612707482803 462.28522661945675 460.41810144588436 514.447549838148 
342.3122279487594 470.5129162953608 145.82457375104497 504.63295640501383 462.8153611628637 216.85875488303856 365.3431244004113 210.22546789368846 
230.12589265893897 143.0024470928418 112.54227078722673 180.00387283966367 109.20408195904528 364.3164029384532 354.9688007581729 597.0105300071815 
175.84551550937326 247.3642766070968 63.58402812843214 119.8376534057632 350.8232858577664 176.49843223237363 347.51019224935095 54.8095579940398 
49.88702373007539 430.6504561068785 552.6805696366314 455.154740856471 383.2126158814125 41.408148673280316 332.9872791742014 93.26130830514141 
187.89636336727807 453.4729325467409 252.52024608367788 402.10984273929023 127.08733711470326 358.5914630648733 227.49135534840718 431.9770632525709 
439.3516541459436 24.054997638505853 66.43732683722155 618.5044051131354 271.86246262730566 586.8604042767669 517.2951595326119 308.2249659838562 
81.00932780320232 134.62660248822004 379.9439497997084 537.6427875455859 334.02076675488536 544.3600978844963 392.80668523160625 311.9580679122652 
95.19386991310841 200.16334557362208 152.10587712195968 579.5322064455536 430.32437728455994 60.979804835167855 272.3667985032689 248.18620036187 
312.9314110718727 299.46927264291935 546.7619449326235 539.4264601424087 465.87021923600275 283.10746134520826 615.8906235441275 526.6914960837919 
121.9269662778967 418.603323131986 203.58731884220632 453.7133775970343 36.98918059809627 330.7281089505195 328.35262899631346 179.08776180930536 
39.385541553677534 596.6496689691401 449.00047922576414 43.146013096553595 548.9890491949664 406.8660135433637 453.1154730904405 203.22352749621308 
249.67688876251304 473.8316730762515 346.91394075459954 33.417582462379094 248.74118044826213 259.3706119767767 255.1026389168434 534.9288840272022 
606.8440472008082 341.96967767255296 489.328737469405 253.08018994541732 472.1108915653326 495.0460314266547 393.8148017106505 547.1060601863493 
601.9556496142387 397.28252850383865 226.77266892450282 208.8072608718096 606.2316492085274 446.12462407600015 286.1898610954634 376.1637344434256 
195.30198816742617 295.53280370461164 38.58224928865382 37.99975603513131 66.62300147178658 89.08398514987368 159.3068752141068 375.7951307198352 
613.4347733118959 509.5158501111929 343.02848904253665 338.73611866121684 389.15222287208405 315.80787898414485 292.93365981798587 198.0998400216566 
611.0507062517269 388.8925778519599 47.28632598861533 577.0659673566565 536.8397483516446 57.09096136933372 151.91813725166986 202.04937241013658 
497.7187443074852 422.36588357461164 537.2478888576777 571.6475573927069 121.50833817640674 158.48700759689936 108.42337721817337 89.29651530555829 
429.45119775924206 602.2010286458911 407.17950857542576 555.7289790321745 40.27602290456338 508.5011871201269 54.006575194094715 467.32841318786456 
465.1184480623016 591.0895386999745 429.22234754901586 116.47309736962468 226.89270772577427 319.1258886209454 601.5415795743043 439.96334634229515 
287.7075690675875 191.35708498140687 462.73700013106867 511.6262828587432 217.92066415881672 58.72040393671281 576.9852491781298 525.1913651122304 
90.42457855543636 416.51487809600843 603.4916664001449 463.53083864953885 433.75868111990826 537.2342249778093 100.98760982459987 400.35856955286727 
527.6404765449914 65.15503461563068 272.69412724545435 130.4811828499137 274.50996029832015 43.774288912164536 560.3456445738557 174.69520882931556 
230.68109273093845 97.18953655715326 345.8674984040542 355.42387064821986 530.6938050131134 36.51582739989648 569.3009813852856 89.18752436319116 
188.46055976330035 512.4329849013963 221.56972321740355 492.0012014869475 208.80101761437916 484.9569763402532 220.6811607976479 143.79327861317762 
292.9586671801484 231.52916056299483 329.95675493344123 507.9387465636698 71.69311718769094 164.51718636399434 126.88481890730921 552.0011170110524 
349.54186800546194 279.22123634904193 181.18961183846906 465.7764882052082 593.8452210995786 403.47938489737845 350.7105129533482 322.7336512944683 
452.128112355724 369.9658410721758 53.68502358689523 80.94385274696575 31.43271108342696 582.2758227425322 126.0293191496277 269.59424188474867 
423.195342652363 595.8907835931338 22.210030827054197 457.1783284633903 107.26167939545289 85.11774375500079 468.3012072341827 547.4576357718887 
418.6338247836265 117.09656643287347 225.82005085513143 499.2879591222116 410.54308798553444 403.9687569190719 374.9351604434867 216.40422297830014 
597.4421766350875 354.3016934246095 275.64105749770624 303.2575209374729 411.51065409393715 494.86197787610143 115.49297385637057 332.9981664111551 
156.26719680679741 383.8316328249689 502.4951465561292 423.6985125614592 390.8826097954333 86.56093543548974 511.7369412139657 68.90923075974419 
228.78733705488938 434.9516191685452 544.3700992504599 318.64284635681355 384.167018096082 441.5641849537825 307.5211485837273 556.8782880861058 
149.9400732674932 589.5431195222668 373.7325994461412 471.6802275377955 440.8109897994909 469.453695637119 328.52663861808907 564.0267459780875 
584.9929291057982 384.1241563645585 464.68523430351206 91.43946704984279 98.19363573967344 492.5870162373783 331.84020847928593 492.50953616662196 
23.458228306187692 214.21327698292302 199.96718447284408 288.41338397061156 370.4626694438801 164.13316102749306 245.3770425960232 607.511998883343 
537.8516963428513 41.037343733530165 217.7987334750038 429.12745389468745 152.21488821317246 438.4522115855842 97.14709531537088 392.59041708938605 
307.2947192258943 500.58302446340537 598.5695202718185 567.6523687048584 537.0202778108812 293.81872826523 134.36515639465927 532.356374918953 
205.96040695644118 114.99207697253522 591.3704679709203 54.46010986894294 550.7900223908965 507.4889132373428 232.40475579556795 22.50481963824136 
156.36338564281013 306.3003246978766 180.36958089004838 422.6240404115413 199.9880754489659 383.11144016703366 93.59569767403507 107.18588523426378 
547.4933316888048 512.5204979628563 191.03134623025477 251.3624835892514 334.6866538952177 330.48217851323096 535.8655051979338 343.7204731632086 
617.7922793465606 506.06867704180723 36.180075634142895 306.92623977453695 226.46536467526653 397.64248611562346 171.22447667917623 294.6595857879957 
102.97565246011396 614.5345560864104 601.9067619460425 60.82975991629931 361.1541740462724 455.32144110784134 374.09453630452657 547.187381212587 
248.6970695735277 143.79550556240287 573.3199116200033 285.426132039346 546.4199825794923 533.7216242365675 239.48186605407946 359.86801656827805 
288.0569000518286 303.47429461574984 300.13999067739 26.825751142653825 234.19717692823755 411.64886732897753 430.9932606928741 36.73623951883563 
483.9545309816236 534.7406477118692 302.13764961696756 255.1587663737418 157.96168003396068 557.9855789881999 618.6962281873863 528.7316609292543 
36.28442978801267 540.456425441534 114.41569598503857 92.18129206810902 184.84893339426583 525.5078755045638 406.82284001724645 562.4769009231136 
353.97592657187687 517.6647290067939 172.53488166085813 316.2253692426919 282.61557446437695 497.0465125122858 451.3173537339267 596.399344577982 
191.87680110415937 492.4226378142723 437.4833036916503 44.492673072993256 101.44479578102006 283.9915056328856 467.227567533259 104.1967888908125 
352.48050013355453 256.9776740531537 260.4897360719583 92.69192612074762 470.5956137964856 277.14049821986123 425.93990237143896 485.6467172627797 
252.49725769885447 209.28815072005443 387.6805035470238 112.02012907083102 509.8956674432598 449.8908985563639 442.2583233832229 104.75936690644481 
454.2688546953999 394.88709463674115 204.58028636049903 603.4875061594046 256.0779889937144 113.77584462040191 251.32685473315806 355.2746294083858 
62.02716521713092 451.0900886775182 120.45660113663897 509.58620552642515 103.9613851166344 526.3437416077176 375.39600529458033 253.50253857813183 
82.99644944110297 153.54672475224967 392.5079802487126 283.3027679035703 362.4745935334771 451.3816806663722 480.43289505000627 258.50764509674275 
453.33941540620975 265.13592235487056 289.8960240172203 534.4742697602601 25.524210804010732 571.4826360250295 22.57500621699687 619.6370857400532 
28.946991571583496 387.20488468962253 297.62107986875816 153.48835995484646 457.7064046523795 252.95627511204552 284.42791225701444 551.3924142318083 
441.0718950912931 113.15192930347524 460.241749621204 212.32689037762947 494.862254371402 163.08364541592042 301.2065690248741 335.64516243425044 
316.8059019280226 184.35292053348593 565.4381131365176 142.95339539555803 59.47700987774685 239.71553692143425 176.720431809344 51.196163168597764 
564.4009216237441 348.4316032824344 67.41872645568256 293.0442904585107 590.922907319767 513.2146318801769 89.2023043875778 30.678657017154226 
23.43373814658463 219.87358331287965 450.17130947917207 359.06383010029384 190.5459569803921 280.7414016823361 86.98098714860595 344.80508028904046 
379.81464480165397 442.98410158113165 130.5572975365236 596.6827940419174 581.5962698512867 132.88374635939647 373.99757676438867 213.95769061173672 
245.63962898900994 257.18954449661186 201.25001097586323 108.54095951167768 384.002267095098 532.6303543660055 585.1656275148047 47.12280216067337 
303.88651361046067 164.6827035176454 313.51667970184303 309.3532748454268 203.98859805220852 246.68786757762774 151.5749820415953 408.16900156578026 
617.9547198490789 400.41180643542833 599.8441483184046 68.3598282443471 38.53781596582338 329.14176656736737 55.539356467883024 609.4688214642395 
606.0487630801349 304.41324435024677 336.4083736350785 229.1195535756991 94.6957622515622 157.46100745439688 275.4877379977937 232.86443049298455 
180.40562049424955 96.48811503935494 245.3876564222908 406.6476776868927 523.7207800109605 220.84639691294794 420.69949217816963 277.9769060971562 
551.3657245636058 553.2224888391945 337.1196029453277 361.8968958218368 370.0766271487783 560.9227723970896 255.88317535202486 37.85933602367411 
196.2878192796831 287.35140151230576 192.10190121357806 253.58236901688184 235.26911144585702 564.7748221784037 415.59919982523957 201.9936009784289 
93.30740647126322 529.466659035548 182.83675548286055 67.35037807346677 556.5265504055387 410.32680000641574 608.5261326994228 486.63101279068013 
519.9391353602301 312.06827996604403 335.5191533544215 322.2908263324498 600.3239262335437 264.0658438191356 411.5708652994072 492.47660691898466 
516.5228000790344 355.9598301947041 131.5688179491084 154.7933900844467 270.7508030065315 531.1091801356563 553.8224162669135 489.71719211666664 
314.5131552561975 358.9873952774745 149.00598373751666 279.74749095976205 232.72299261830224 457.61496826165114 190.34956054536121 30.39323325275312 
429.61343791114444 187.12235574719816 443.67083062322183 329.08602324268935 50.03797397398486 185.53694076996032 65.84220825990828 88.11439294478663 
119.75267165428967 467.8879162322569 170.28674168198577 467.67274223286324 38.2740967246513 559.7228089638302 468.0964753781859 25.118852702922826 
307.9067308406319 486.12933920816255 543.3672817389247 386.5335416414307 532.5334667243445 387.35640203036576 271.34356685113806 486.6764180556603 
469.76311550302756 282.1279772594129 37.966945957470884 173.43132944939794 70.0285892054423 449.7435532952414 369.42236047525455 522.835313779887 
586.2294862389739 52.05902785568948 130.27559350350995 360.78480174149246 587.5128635496727 166.44169334553538 398.79578535351425 37.51278099395333 
60.78598140264449 150.7930598162309 278.0567674503684 250.93081500220154 133.5546927263174 411.7333511863631 451.41093684050924 64.92940011784782 
501.6812674283436 197.04128911063773 440.9295567078294 218.7306921501119 395.6554264446734 183.44314768891297 277.4028966793117 573.3871531115229 
68.97229993364002 580.8445280001888 40.494433598966964 491.5200376274592 542.2110441434568 24.098813301338545 477.64237902948895 296.3912652245042 
86.40791630158307 73.40603550743381 260.30269604588386 306.4025756349459 479.3175286433171 494.4357516952334 586.1270638054682 91.11575920155775 
218.15605857632787 39.26795181932974 385.6696887079408 144.8875063624651 22.420077983958357 199.24543097963485 342.21671120256474 524.212833703127 
510.3748993634165 550.8316340186539 483.33181648352127 144.87073337324938 282.8060258057633 265.56757119011775 252.71203505893513 584.9658647748589 
397.6275980434679 105.22162939314022 520.9472386166224 389.95985932343274 368.9414836869668 573.2259715907865 543.7772769389225 225.7862941167763 
374.14083482077103 443.4934159624431 426.44036410767893 376.14279355483404 502.6517903729977 37.708214717628245 602.7065837558096 430.05417616432834 
29.907127077129108 572.1849683374542 187.19012607687696 355.80031577778317 450.1456382578851 45.388983412672886 409.5341397601463 507.30251362142127 
551.6308609757316 87.21201927187263 289.06190543985656 59.06216222020211 167.88306040201317 541.0972456588182 58.487967957032666 115.74531439020521 
588.5181053702765 100.10700349498259 395.2832603579945 492.50708574812296 563.2870411577611 468.02715969382297 69.28758423664027 312.14945483423486 
182.91011414203027 266.6019118134039 165.16350169640305 115.20645633385311 470.29895156870464 459.99265022963596 388.28531199299306 329.0502197349022 
465.7606823677123 617.5547291463861 112.65677921351833 92.11180867348763 339.77774248715195 286.02584800204176 179.4514494559862 579.3106306998496 
616.9571462118328 92.21977388938028 404.7692283351249 324.7859659148559 344.7428462361854 347.31921830703544 505.2030796302709 188.02458537510648 
190.48518300567505 473.86161227045596 299.8095293123061 359.47804794993857 400.4608270493413 326.5114366384564 597.076688243894 151.7635705324841 
504.43736233909243 427.7129366198735 325.4835627266182 72.54209158050466 599.3758384024571 89.31704271931882 616.244531592163 425.16733795253856 
595.8654526354652 341.2760007511087 296.8324952605832 433.19962677379385 560.8837754789789 138.4998148123107 403.8747140436041 234.87818994557944 
40.47646979877553 266.9678940852776 74.01483664565143 443.64574856236123 395.95018982395106 120.1899224239894 521.3350959074144 120.81904885431128 
537.1724276996629 267.109569582342 359.9321950963846 156.49916291536047 586.5719617163436 482.5447992881466 480.2408752002199 604.8152971270617 
557.4339111998668 461.2586120680518 237.6986820570264 469.5958266016534 480.08275261145604 386.753812624262 462.3459103673626 186.5603477284632 
159.54741360052802 475.8857424862739 147.9542031889248 598.1264358546039 498.3020901319037 570.3865900902503 229.2778867767289 166.92497618002338 
67.67631781494275 396.39508042845097 406.02143443312906 124.11762525775615 561.5283940612218 63.085259239354 322.1171437008375 398.6104008195431 
115.77568666865741 521.488160469841 358.9065233812971 523.2568902624419 427.3755723011751 254.60019267948525 450.81927354589544 64.1450799869399 
356.3508846786492 219.87170678288706 282.14360089153195 469.06130933324056 444.4534863061121 415.16981772855775 173.48151567956322 181.22532895449172 
334.05979438312585 389.30909897248944 316.48300907183136 214.39000760676151 20.892058006597306 568.2438513059967 365.4527973359347 335.3996090800036 
424.1588999131965 218.015721358163 344.423285864287 350.3003128899175 107.70925515078576 615.5505367353634 378.2876853482836 140.09664564509086 
135.79307240352415 548.3978872490401 506.58689281898614 42.247769400578846 397.022762838559 214.50748459708993 188.5439134334504 323.99720003499175 
280.1291064157913 343.13568242854393 257.93966370587634 443.629790203538 535.1053367780754 307.97633667839585 36.42374877842254 145.7496974255871 
303.33305654881036 353.6094015133026 463.85409466399716 386.6731226853712 250.28402154901622 606.3611502023723 254.25914875527621 436.0295177526455 
84.39119989169404 490.66985881824905 436.0163283665833 250.66505107227468 495.68307741033635 522.0505157472797 384.8405960057706 566.9420885440959 
497.77491489272796 197.75241726571548 408.1768098502984 507.52837622401086 506.81062906356317 256.20345802989084 289.5896521287295 448.76972150079587 
40.94919501199897 326.334704046084 151.74484199636467 44.74003412316503 73.98910342687064 537.8791061418343 546.5754132544939 54.06215259266337 
426.72491785718586 213.73814267009436 31.22680373512539 565.5936436323565 129.62935360191477 115.51002148022907 38.37451434892405 369.0709153102715 
440.4549189763429 463.27325223897833 599.5080890885703 566.8056661246701 150.34865231771425 300.7193845382868 29.775080107956025 72.52735484692917 
562.073803252452 326.7285932330144 432.9789235130141 193.46533344950132 473.9322911010228 64.48186621229533 35.32426928519155 241.7645380211029 
52.98144472591093 189.20360568766273 306.5037580285904 471.32838446694944 231.13907574583598 585.6282775022994 176.7196493809849 586.1827415444463 
607.7703223664544 456.2850402439399 208.23454958959658 216.45450733274666 192.35039174660355 351.6939126698593 130.04432569710372 108.05883603017158 
70.79651745091988 143.567317349161 294.26773547070997 522.1885188261626 29.063255437543138 312.1107691371705 362.84575770173984 90.69936457608546 
517.5945826532337 268.5164614505283 83.14496872430144 323.4853656575016 490.22683674799555 183.7433714362945 561.0583923449713 113.93732933333649 
401.13597439257865 344.6778918135131 390.1976012978012 138.5787555302145 593.4230302487586 608.7684271962668 345.77002044735985 596.9727709974904 
462.9314999449284 278.22794926562517 501.7348924593744 487.99368170817763 330.8904978144621 64.89820340937305 179.8319053355178 168.55715463298077 
308.97722052440355 166.86917227661505 489.07602746852626 90.90255051549552 190.39267016995504 27.947725794606185 364.31256302523605 164.5213606652568 
350.54430654311653 101.06922849779328 562.4258257922301 138.82522916356106 190.92937204457743 86.74557327053732 224.7954845248178 352.6475894946669 
409.812608121044 267.6437744517167 164.59422380319785 546.6726071036726 533.2922631592969 110.38858493233492 187.52040239761484 584.8848891594328 
90.34790061278918 455.68295279959847 104.55953643064124 481.13420287666196 565.4640101100908 167.84022472307518 445.36841003780154 276.9084893319989 
612.4229526727324 464.8215942416672 230.8753949455107 466.4092487252932 562.861184677226 299.8727423801423 113.69085766346518 215.02288353422642 
613.1823229812527 515.8532983940611 144.92149052031561 367.2817134153114 23.42096455635781 443.3530099573143 175.98195797178798 390.4086551010851 
611.6509079837621 163.68815671379394 253.99811015247985 149.5389548111058 577.5315336934358 207.87221720681592 319.3950791045771 160.7130513631906 
238.58620935011558 212.65429181538005 464.26428166695007 117.7341676088763 612.8062492786429 604.7192246556623 160.10291714912495 438.9843283999288 
531.1744239724079 134.14309247970994 413.5198273113976 330.2926664604384 513.701579869715 228.19773083848776 358.5013559494168 409.9497814265494 
192.5701910982679 286.5982650545857 343.83107113415576 91.96172285572055 215.97872970802226 589.2871508688452 324.2570186980373 473.63761727741974 
516.2801977653266 237.84858054750777 514.000302962907 223.60436256565347 176.00913251169615 501.64720187862883 611.1986856523603 316.34251252324793 
75.39038772700346 89.78436658454619 51.879039217253656 609.3367436658422 54.9235688766407 219.96638755060013 102.0523589279518 208.93492427749942 
476.6370733829492 305.37781129052195 346.5249956185533 521.009396772966 217.6050995104089 30.654073289979205 283.02012189068404 432.51421180653654 
79.32174954847089 338.04690474691125 80.20281203015537 220.0321889131093 346.52572936232406 194.87638002286866 108.2028065586032 331.405403540591 
579.0695509484091 563.363326481511 200.22853389838582 536.5429797295823 270.4268250015896 143.93586532907102 353.86624996648317 293.499819591943 
356.43160824532407 613.1038274846803 530.6578726460231 125.92011755172915 307.84331653582376 226.99482650641093 362.5515015912815 357.9393664960231 
90.33111037701272 411.64558507943195 323.81816008164475 302.63860992183373 225.47154548922228 311.1425340205978 77.02861079958362 550.1446516969347 
536.3530419109153 614.7051596064617 51.684054939375585 351.47008927952896 111.38105815368706 333.8060690052004 464.0942759489829 244.18676131520135 
569.8777697590001 350.4213077339703 537.0971133077444 416.0265067484837 463.06987502634445 107.50496597740805 228.21314503702212 452.50286660063233 
594.0583227909331 362.7814512266025 324.82894131570356 264.64757637710954 590.3637772456044 476.9496026550502 515.0030405889482 342.95554731159336 
212.64144928215026 457.3919576356962 592.4881848856684 233.63203688851272 433.159176401969 128.48335028592007 504.5636483383972 283.23588119451745 
67.6323851416083 549.5921747963122 501.2712984390463 447.81247612983515 94.00977782996388 351.8684531969628 394.6492821387361 312.6102235677324 
341.80342679652927 214.9121610165165 86.55699867694138 418.4741786668642 385.55704185154127 54.41568673716085 73.6851484301233 341.01083347179764 
426.04621485682276 41.874213776927576 188.34453307613637 518.6174645524584 492.8043043901538 527.4576907961043 383.62749024189645 575.4701631020678 
51.56777773301849 287.1381388259987 321.53559769746255 235.56395289257776 250.23473129908726 465.16617112322524 72.66741850531058 73.89897592637229 
386.93033967805695 132.99026414138538 186.0601233536276 100.9064775186716 133.77296782325203 135.7127672820195 137.7785692574244 326.20813702561907 
599.9348172570168 247.17618534635187 316.8457557929152 397.80282016930965 467.5905860124448 604.77366323518 257.10836768906444 362.7741963567264 
384.3482143511508 545.0772917550485 373.6310611911946 545.6131494223505 145.75520938667697 111.37802549725755 212.21327901647956 490.2487157640526 
351.4745267759242 54.23103281352513 170.62251506676924 61.88119667008468 568.7234802564565 496.1000945112652 600.1375052645328 554.7113531503678 
586.569697425206 381.19494728822286 145.9952612070193 201.6592451332739 94.67770429513556 581.5951214742054 135.3357046363687 232.16668145562664 
70.10000056319231 480.7543702653239 371.2375646109157 574.1768022739851 305.70626624063976 205.4789494458427 41.43931772716081 446.3847737359792 
263.8444766424822 427.47401912663673 200.33905232472188 36.853094188018346 388.8278122562287 205.55144884709566 232.86667492552237 214.08551410988636 
561.8408767361564 89.59320369215996 58.82269299705021 366.65318081125093 331.85917659854806 457.36365088585575 186.27681794735742 617.4666926858674 
306.1755144448608 205.26487957639492 272.62055538640936 408.7880182753303 34.12703918192766 464.1286012619743 601.8671830236462 604.0758084759578 
467.6167794097373 161.13837935551604 236.7932340625333 202.758061611013 32.02332744996937 398.97603696942974 154.51487305091737 514.0256652314966 
491.09245101199906 573.2859154227166 24.093152407864498 385.7407877787618 539.4044206689551 499.55075655557357 234.7618450398331 434.5536931460171 
206.0107452039254 170.4729215869539 533.3714970500318 173.32185739465245 302.83407170645523 314.9547866554665 579.6436954671593 281.9250187769832 
501.4250900009293 479.7719696645416 77.82894912821297 217.57006267308827 371.6700328840927 505.0332062205056 493.36232516306194 110.67930553811348 
66.04267880852726 614.5205695176245 313.1101989823346 442.456066056669 482.9945155445646 292.00384748841304 557.802255745967 350.2212977070668 
493.07678817316815 464.62273184013236 205.24215932849393 356.61480883380904 361.38835369282003 464.430672528909 332.8907898299621 468.7551797071995 
249.94278396099804 589.1941461697143 538.4159171537348 343.4517372656012 233.5489030038313 233.5408924202948 146.80178701697236 564.5626478453801 
612.7979545453607 311.55125575760286 62.612545029584915 28.592743403912827 257.75174225218484 241.8858692900817 76.0033283649638 184.62474367969625 
465.9250056001436 316.54399236794274 381.07250809380105 24.677878715243764 368.1560743454793 24.345743105135913 615.1491039292806 70.58737302112893 
65.95941766464759 450.2323274687782 77.60893939157177 153.4987734551205 233.95389401675646 421.47784132586935 536.8134205591076 532.0707117348719 
270.96043849221047 221.90648335250515 583.7645645291085 445.4799003738256 233.3629087649188 445.208813309947 41.07014734378912 347.3222256500461 
534.3259024075679 508.45096958867913 85.81254833087453 416.50345476569584 142.4632175134841 296.8704760544656 494.9152991956659 91.21353256557481 
163.550782795633 161.05235987255782 371.60083881735784 522.0780877904526 38.877742517326126 37.579518798100466 461.5333792688346 590.5809498900272 
143.82947325134813 414.250795858336 517.2405136527524 88.8513813078559 120.29634746217909 210.96085637684612 319.407484684178 406.9098307334439 
426.5018286830459 597.3352582102053 513.6376864980612 423.4659882297576 337.843825041185 518.2147788548476 171.27320685310593 446.3626750400962 
182.3429708396696 448.08254675671213 132.86927278295838 198.75965743662715 144.29151708002462 445.52781249370395 342.91616993781315 397.15086824068726 
119.6968090880191 328.84008150712157 534.4024852563127 217.30887056729696 457.11275049491167 343.82738593755795 571.8134533172139 494.25035587802853 
567.4533971394294 244.95241277107914 511.15802802292853 452.31634549178466 336.3820220282265 260.88023455874827 585.618643248697 511.4609189300667 
422.8698798567214 365.5314806147049 275.417109765914 465.8421874201233 77.51789152865408 425.734502730888 570.4907506541651 480.80923311454274 
264.2354190617324 346.57059236068187 484.572182277359 504.3788709314819 218.8696776531408 85.50562896598824 29.26676704259033 439.2957613491152 
328.37959319406156 156.4022477724409 406.7213551234918 571.7699501055636 364.14784423196227 394.50602732667267 129.47804185337054 102.98525137918202 
