179.6103809892483 128.4019954744392 104.64690472367116 169.16143642315566 305.04989472953605 108.0310922176924 333.17555011271367 445.7060968766767 
194.4729973899981 239.54926556350645 219.80941670501835 112.37591116739469 278.77246842841043 498.1585265193945 287.09011935068946 199.1294204368782 
82.89023738122086 270.6541940166561 133.72921269354651 207.76799234179148 189.15102725716696 380.4115690707016 411.99509722691636 153.17316676863544 
205.75336781334818 129.73722734120042 404.9840339410193 482.26011208980304 211.12136160279343 361.53784964811496 236.9782751279964 435.1001906794285 
269.819991498764 167.25989929251676 375.0944921366185 37.66590994163709 240.737386112445 493.05307691411616 205.42562312672158 40.65128364670788 
223.23706650255426 21.110828206790266 91.87922103257306 243.82074199201458 111.9832068886221 328.1410326644271 450.91547321398616 270.3397530189977 
356.1421823609192 447.91979477579065 500.3880437849035 480.54026772600133 143.66344002407726 89.8817601386596 465.6907648119445 339.57407327713156 
356.3428361822194 390.6998965383956 151.41338325199249 178.40722997690537 266.3715691349021 200.80783091035624 411.7094904041551 412.6087024878778 
70.07385391697557 32.818006331567055 177.57970290943175 408.3862901805016 479.53643502405293 423.78870153229127 324.2732332492926 310.3230080706005 
217.83302012675847 88.29309884181612 287.0111013157282 270.2670344095808 388.5469059040896 364.24332012451623 458.2338307060403 141.82833540456866 
315.2947262621628 78.42293327018551 24.577093656479413 329.93510176005066 71.95462014570663 83.68067370605569 26.778159443872177 109.90317084813893 
49.30182743967098 344.7387382081717 50.71641272895621 355.4714164621364 28.7548723325745 74.5686674257323 82.79105371559713 240.25645504916793 
358.93554007934296 48.28802165916556 187.83899700515605 102.07954979371391 455.74560909487775 346.53092963548113 292.79633061463085 284.6190279202009 
471.6635852942984 405.2455695353482 484.30610989397155 395.84122297164487 104.96458315032335 373.87190415931065 353.4759856469326 47.6631419485029 
144.56632843754178 408.8525245966212 45.98853432312132 266.2999249440837 471.20460222268423 154.42998016346087 300.76748038650953 387.7502189295762 
360.64108989477376 287.6835570074442 385.40298047658246 377.8726637102065 59.606898914911156 129.75873785885523 461.5391110386176 141.50655582622971 
230.1846681013828 450.24228669906176 38.42651669772067 10.089810189168594 483.33267741616595 216.63638826694154 297.8435957464007 222.22735600752202 
347.25381773858555 165.8846483380239 198.5891688444393 336.6631203199687 141.31270665761662 199.90328411434353 393.749735354646 142.10870216267517 
351.2040146595537 232.0705528035805 118.94466946989562 253.38181990821906 226.0751052033158 236.62755773567594 334.7521811582681 208.30777263847583 
443.30622814875363 377.9435583265952 31.519338202332705 504.83687515440266 311.6512098427434 221.59889716039532 229.7593506137155 142.83117826558166 
108.44192775720845 154.23871892804246 334.33898529060934 359.97337808310107 271.5595912149495 264.15047901013725 125.6595021891701 376.2513265414771 
291.8760676686504 59.518554277733884 296.03407300871515 86.47096864209651 276.8681903872641 26.308927821379992 64.46487622128265 265.25103296220584 
281.1083875979822 152.7371223468214 28.02293002830574 473.9525207140572 124.33457266328489 172.2725290361425 33.03395020721738 483.9961671613317 
42.802624165403195 402.13225073343284 474.2730895397732 156.0208796992582 144.62431724659308 179.21748331916987 55.37193891716679 339.33647914245154 
264.79406115458664 20.445833529181435 168.64077719888365 481.1236851969509 440.6075017820052 259.4322878832829 177.5092450294029 259.8345273741626 
353.1750200488441 36.47235391403263 509.7885153713698 182.2464017199601 205.7333823571984 143.780263449344 94.95819183870151 208.6227199233554 
134.45860004437327 352.9354275885621 303.6808623019295 95.4334419585115 372.4831087772258 476.49024546728975 172.74775864136666 270.0885096050259 
12.820485001363949 40.69249742876418 323.6582303282761 177.13737141741586 340.90064274998724 71.27529431190925 108.03654603956447 160.38769471983233 
332.4188955640582 119.26774269334754 138.0888911736593 70.39633226235318 37.201733696331054 278.77963679491575 485.3037811751603 411.7858440058491 
194.7926529221528 73.71297554080823 455.59906028443737 469.8394740337091 52.46106021820817 215.35370115756885 474.11849327821955 480.82787188154896 
481.3373802905753 357.79673719782835 237.88116824611993 35.520625921251764 111.37752604900585 103.15723436797835 419.48680365081873 30.33570065007889 
330.8598309317632 133.52153044906433 330.08013673865645 105.57999825810293 121.11758755148205 471.590572503604 74.77735616319768 135.2340655441842 
322.21030919283345 496.9691623712937 358.7579309771625 457.734095773228 50.23680275310515 470.05407539482246 227.22481748173772 162.20445143590965 
111.99327768989951 440.4741637843065 147.43613159305252 369.59364516205824 387.6794566324782 42.03562494672402 466.01158486450714 73.16714258462625 
277.3560277049569 301.12543815544484 399.7166339889983 227.80980147085722 431.8563036350397 210.52628772197596 342.9275562380518 402.5914338521576 
113.85549102643222 445.5959052645007 399.9805608493903 436.0483017439949 159.80046839623563 224.764071004238 175.608048237108 158.63388045042626 
138.4032491127518 441.30038177284194 481.6651680141732 371.7918900343845 426.4014413422265 318.30585802380597 243.34981377846358 398.10477621142434 
47.28851233621972 463.88155341044506 13.119038013990384 141.97079398495598 243.7172399486459 328.42736960858184 125.50526720238663 225.26270019202727 
379.27937105572136 191.02401270380176 151.03521481463883 387.4213461134215 390.36462762399094 426.85139440423944 432.45471209065374 464.43716514126106 
133.80213597902645 432.5965149816027 111.46261132167106 386.17271627272305 100.98752805338705 211.80400081623262 179.15678410272687 256.47945351170256 
94.19872683649949 247.12231482245656 208.3954698530175 205.56179626535214 85.80353441988768 411.3989504657738 51.27698589549744 329.04157768507497 
106.06228445485992 294.5775792193545 409.9409761624653 153.17618073219018 130.22850232743866 448.35025728042854 313.89435510479143 190.68324147746128 
60.65085349409215 175.51803764836242 162.06497113464135 276.6252778434804 24.57936426124823 116.01277673532638 112.78624676218439 498.80713447497016 
333.379214078599 506.5336343482528 229.9158011296915 162.13959077012478 73.85499049691907 115.75103758653515 418.29127112531876 351.42214569263234 
427.3888064432466 482.031447306687 306.7263330546882 281.998047000727 437.5951746894374 205.63608885389095 361.75028633888655 252.73484300852493 
72.19584172655657 172.3465424021116 140.29400377660616 140.78347608721842 49.817800021374914 210.4705743948303 214.52563591608143 502.56903583389897 
27.417438723563105 308.1811538568495 427.0390864160913 470.4663065995837 369.0340853274652 143.14187488174161 259.59836654491016 259.6133949422782 
341.5760063904628 301.3718594505505 223.64101333453917 224.3162103434932 208.341974525489 187.30332090812718 305.74366836323156 28.49732689791489 
315.9816448583487 251.9848734285797 126.25289365022412 119.64204029284153 395.5976432764371 291.3836672133793 94.28445202084784 320.69489819263606 
423.6927549458343 191.7396023916667 467.2940725465781 479.3598051921594 13.665111698079315 123.92459333288318 348.4229395940661 239.25682771753225 
433.55468853250295 313.7601624183004 279.8208851095193 122.38877396115859 470.74403391245596 140.24633870686498 215.15054129892422 237.37073755929316 
489.3166074312475 438.6551070143198 279.4755041109946 52.87572852785981 150.77557874561398 10.441483423854693 349.7356864522429 300.7494274279019 
393.82642782491985 466.9252802080245 114.01290781576644 198.24733156269164 393.92641275545947 158.6968410711535 392.7899253301798 303.8473031008486 
348.3038837949016 67.69974636202974 130.40600133905758 446.09064264117285 57.15086381882255 163.9435344728185 89.91206723099737 289.90494025741106 
396.6916913151476 353.7998972847053 409.5288133239573 229.86168225234047 404.8311497937351 271.8350494242008 303.9104851272038 424.8217799777125 
325.0849281956979 293.1317031135848 318.4178983237495 413.4222261921474 79.49580264208238 268.0536054244529 169.60349377481054 374.85688512604116 
266.2384399858558 106.40593933268232 330.1117548993571 224.40464035202555 402.61613527572536 462.944482053846 141.19793911544735 358.15793270707553 
259.152432024513 401.18679598035857 361.0684717734507 486.4049011889348 255.48090386299742 37.47859529383284 182.24583878385135 120.11822240288693 
13.736139604204435 292.2683288806438 376.16144185373736 400.0037087446418 290.14905756215524 500.5431188988866 348.179174303569 82.56188382994499 
130.54969173289103 258.37924836162694 11.253207455365668 122.6156884889365 220.48060920939744 507.56025140295685 11.422786542096432 416.7571893838684 
25.624008305988255 485.21575116297674 463.3474478983178 397.1668272731101 443.2456679396442 290.4341622881537 479.08547500829656 290.2579316937272 
310.3589057772842 444.80245141195076 398.31906850159436 479.5999087004038 239.3115629595621 448.82595712817704 253.229073749385 37.5730407745407 
376.4992809435868 461.1814888989868 126.22246920528973 115.2081602549767 304.90807709928544 352.7568516962973 183.71583539832065 504.66424343758604 
436.18943617303546 12.429751322943762 294.1778177319128 313.79701160655367 362.9708907256722 406.5394619056295 263.63376946902304 317.271850640193 
267.1055200000441 19.004169527796314 346.8356215848871 173.67390821139983 104.56303857670918 424.0371909552488 317.3002366479308 323.06872865438055 
412.66610916390954 368.41523846768746 504.4192524322322 504.4663701994259 210.37454715512948 365.25174720976105 330.8435792897732 457.6423013174323 
87.32089111288964 426.22854410821043 508.345717173361 498.7680469529751 202.30021915362954 184.23878908703776 175.36292595329627 284.3047733542165 
36.91749540252714 283.39452350662856 384.4245006003471 202.61300952116056 375.0955015817505 38.351737932308055 472.66611409758815 457.73142948492824 
104.14644046060505 489.90627553180815 473.6345429835995 34.77809833052885 58.11048602319862 108.81360614170659 353.58570486197306 361.4270353952874 
249.06419199344418 24.78552280670281 480.47932650491015 104.91342677488768 457.10206710063557 282.6170901297265 358.8731830617296 169.02044860260895 
274.69436656115516 252.39672114809852 288.92014131839255 80.50097735436239 326.1241809168435 445.7527083484502 232.671189662733 79.38722687620036 
507.707061695393 115.08924572310401 295.8873859529873 352.64137604535875 219.4961942527801 137.7650327873317 358.5640288788888 475.60049870769654 
184.17630138374474 312.16772470290226 12.370099496922517 250.66872196685168 73.84941844549097 317.6371294375298 88.2061183415227 257.70986858862386 
290.41559319545775 215.19053904021416 182.08351322258065 55.59362507990178 370.25172931942893 491.0030698850514 212.52869153982138 99.34845767803223 
108.89163057612343 269.5963654358951 167.71482654273876 62.37427683175688 126.410349050534 448.688577362639 325.52460724600184 378.16811338780656 
219.21610678370263 132.6589301327271 354.74700240721603 441.0157511849233 468.95269683081654 366.5798109856944 330.6112100458552 30.102679852240513 
204.2156963452465 297.76978354660224 322.8608093826357 146.49729388733772 35.78543871860467 16.820254644623937 339.57144686563146 77.45948946935415 
311.08008109973514 455.04934532954667 34.91488317259494 127.52790918273448 458.5315988387141 340.335736630639 214.07294519733176 80.83883337008656 
317.5881735639339 338.28591066549023 293.5039677657235 84.12989750921106 175.0457952624761 130.68761352262345 499.7653845732445 264.8817200144583 
353.4124146866887 308.20293444845845 215.09523562879468 24.05064593450478 322.0076638975578 79.25399540048882 502.9558520906299 67.84562761676975 
426.5012614756601 422.05431394641255 471.7428322312096 368.0024664370153 457.59335490357745 431.7391651219186 259.86241667984336 365.00846274138297 
404.5397266607534 239.54784503938302 50.38041765814643 353.73063476947493 364.2251724140274 506.01112833256775 148.44576937899427 115.90061703566784 
201.48806352650388 115.09688555950869 279.691910203341 488.90944736604166 181.39928678399224 321.26723087978183 392.81903019797784 185.36513327598345 
419.19860708928775 226.39998358911222 374.5603611609841 302.8664937332014 118.59168700172312 88.52793676209191 210.23566569252722 88.44601425430781 
194.11074554232525 89.3487575641651 248.09491983853997 147.13505864280216 498.2421534719418 312.45876288919794 350.6555135229935 409.1046409779027 
499.02392883622093 309.26381584159435 341.2359148675213 294.83456844554314 378.81638155603497 254.52021791553508 278.88897732779105 142.76439331427187 
149.94892673658583 318.4589206213986 219.93810769157173 88.87919698891865 507.94627449558953 507.44606924768135 249.31926152634486 212.6832234869611 
268.03710166545443 350.1331242773805 189.9320325501817 389.01465721664823 355.6482902352706 431.0495321689627 23.20284349192874 410.1545586765225 
446.5879012174612 398.59115749326907 179.06347883739076 67.68306296559416 477.6199874313628 199.3576753791897 478.54798565400597 508.5361639229014 
373.1343878115543 415.79184196152227 137.21111211018604 304.71587958661763 458.6146179090735 209.0739870701713 362.57141046465415 301.1072596271801 
156.60695821514568 494.22472508519763 203.7821480649211 430.8550863239536 185.8939108549191 99.3690084047481 436.7330748991379 312.75362915706853 
109.57514490728242 286.11476904482504 392.78626202097826 70.10238281504081 202.75896306251826 132.99907537753813 264.3491003699846 435.4810034034926 
235.56759986367402 408.95517991196095 45.487543921870255 330.89659989828937 392.15923895708073 188.75326218965327 390.78281707637007 237.75642799034824 
171.47012292783714 87.36838053471295 300.6345919860387 296.1191619918851 240.37969157446452 115.22837340048369 166.21389671178042 197.67784783070974 
335.00190240641973 281.2951160193636 332.2687487326386 61.927694175885776 430.8060231212523 195.932122692291 460.98570391511356 109.97178609491158 
27.269770448319456 50.511643379320894 105.11046820643953 75.41782240638571 17.768111192878013 475.7143827636115 23.530639222509024 416.81914366753745 
240.4007377032071 405.4750388790066 397.52375852248775 21.11296942136092 430.4614553634843 198.52659948372718 230.87373056493865 212.5091377197662 
420.2524757086191 394.4967311061022 342.0588226651096 506.2823884820649 56.94684903847446 106.5092846265257 481.71427587117176 171.9213458694632 
434.2020860070354 177.24401762828256 233.5727522549346 295.0872896636538 158.2281387340204 350.4077324700743 482.0856373589526 152.83590435779115 
494.01286914559074 334.56984463120983 354.9284195702602 341.5550549697503 362.40808195939576 261.31572556861545 173.5931688879394 222.0717894618231 
283.77929844938444 164.6705850421764 70.2714001846934 371.38162050204227 488.922389383812 233.74745693969496 54.23022794562947 355.45327527541735 
42.950090534971885 215.57202003036278 435.88513856261824 262.56197725614277 452.8518060014349 470.0375904353245 141.77237284911075 61.60445982493373 
354.4293986410677 303.9434307514542 78.6241219191987 474.8487644666789 499.312465987872 336.0693512637614 329.74962967863866 179.57197500379155 
387.7561101500108 270.2398264136467 91.92526723588422 278.03904863386737 17.924174796130668 78.33082175054861 385.9968997235547 100.2757797430307 
347.3613339816671 220.1722453351087 199.39738359567676 29.0891652969965 187.35695004288615 152.29937900887984 343.78255586932056 161.7880922972305 
375.9039400240297 502.5062370263154 435.98876571751356 248.0577166870726 199.9556982504771 412.15415158471126 35.51503048528181 468.44042066759346 
162.68428098567637 173.18846196732255 96.73295966795891 242.8766842804369 316.44291196063165 411.81672976990666 19.027651858192208 383.7587917450307 
507.13598863666556 195.80136065120456 203.0725629144649 32.95069723154669 500.69960701205025 67.31990234070977 146.44155408285408 447.22701898576804 
87.39593011954865 128.34604463055936 236.76123380884295 321.584371003244 384.6242801897175 430.5045724584441 25.606701388067968 464.8781464552124 
183.95229080288476 46.35322702785593 391.3438099181107 267.23782422792954 313.0700846863302 324.0447745013457 124.12108277724687 23.714013360724252 
108.3707501496463 452.32230054304233 91.214479323358 303.6102732168051 218.86006318835726 87.80084025630197 265.9279689502753 179.95291299626487 
87.09881393044965 421.4885815848665 28.25319487643734 258.5517897988606 77.88056152131233 186.50063623939977 270.49133208945227 71.10540197827152 
350.34826925399835 233.9186124924909 466.04011907293295 21.80317406083148 194.25269246907789 428.74900998102515 484.54942478422663 201.87827094863297 
176.05573633770766 242.93365223256086 61.64822247598699 11.563930812256476 65.58198760302264 47.36527018686914 456.4463802589858 153.90653890902277 
138.9213803484438 229.86124753830916 455.0140319656932 189.8884056549898 78.2862110438796 391.04887586348497 503.0420685971838 469.31366862697763 
314.52571998344484 495.1149552712114 375.88646548412316 376.9100322283936 283.00114516658016 477.37318167149374 419.1999668179421 458.0998876297201 
188.52458867077593 435.6021601258383 18.353824056500038 113.89364965201786 500.0646723482989 157.10735499043798 79.85320299260378 179.35856635695325 
20.9221925099654 358.4600435572592 432.9488777585856 325.1160652544115 505.07887336293874 139.86637901360626 184.64875577479145 346.32082856126965 
415.4223133815957 281.11970020570664 186.33210150963458 28.574642795937347 44.550310060117496 131.089235005086 395.1697013105486 405.2282039663715 
343.85763859939664 467.69830868624405 38.55304206446474 345.5240242190089 431.6083991964009 330.3451556856266 114.73566026546766 38.033446117679496 
375.69717612664914 451.7194945791785 387.8897677758692 58.841040805104655 471.8019109463926 40.968005626666574 160.78130713306336 338.92943719423624 
362.6318708408975 295.1617701372184 233.2664942596279 470.21766845223675 468.973618170714 141.01885198246 79.81306475897142 414.7062654635793 
328.2382616594877 333.83513639105297 404.2492853792809 306.1821574580362 61.21304056152071 165.57656537281972 354.9438760475537 158.93643440139198 
312.72032481225403 159.08581412574233 308.6199599358231 422.94829583025944 136.88732464374618 250.35664835686265 256.00614598316747 449.98809544251264 
422.7294101290956 85.82903294739978 447.5279917207741 60.09275024536325 80.75030806084942 186.6580791562108 82.24272358093798 22.866553957751936 
336.2623113206364 356.91003862765217 448.22066742823387 393.0605703368247 100.12955580351728 337.6383755186136 47.576143559162446 264.8837616091662 
12.637496329001621 333.7931436372319 364.35131243611977 134.49880788443102 381.1917222839014 165.9167110839289 58.455848336573126 185.15604467823636 
357.54934501180685 423.57897360560395 493.8656328853573 434.4182695309927 325.2858406493267 122.50522953878401 134.28364739948898 307.92989327830776 
93.2007033584557 492.3497867720484 464.4661479799944 329.183347147124 115.3649155897926 147.06841872417513 220.41723149963292 239.73588223180786 
83.51337798442547 14.842907406390207 336.6548950474625 489.330048778671 362.4854731872683 29.510630377683192 143.75184971603204 160.37074223869206 
364.41683539915255 210.45239613395833 474.35404600582575 16.212129593949953 82.38542170936063 382.89174178501503 460.88011585338865 487.70752545676413 
129.21508742106468 415.5586554162576 433.10484874524224 37.47528185260101 252.13981729071293 477.6709332638375 448.8298808469871 466.33391392264446 
419.0315652993763 442.1863389910948 115.84455442221864 351.3595291823808 196.89498526225944 187.27857775461558 488.3803015592966 430.01867453867663 
268.33220978535314 172.99030822712746 446.2615132058845 369.82975438337706 56.680583621113655 295.01626114490404 89.9560277371737 488.00618984525704 
55.5266989219511 142.56966892044812 309.728464553317 110.53427507796836 83.29985078495854 412.28495195354617 312.0994363491497 385.13912045794126 
308.64775022189406 355.11004872068725 11.813802221789063 487.59156033878753 17.298063707972425 258.14126449542357 322.5210734902839 285.8092699498434 
216.10853821238373 88.35390284508686 504.37112321703603 151.20519632810564 295.0089865661611 50.18183415320886 351.7282256234885 231.7364547389427 
92.53831302811848 433.8989561139654 129.20678128076767 126.10677684838261 335.6795149030641 256.75589043779917 289.23153447564727 23.57559877242459 
49.696059865138075 323.82482973634546 129.3256796107147 498.8270652559806 158.672437004738 460.5058601993653 172.32981577601012 276.35189282057337 
122.4623371312361 293.6477224605851 177.75502341643784 403.7952750011384 80.74732367988756 83.23618352824262 317.4729738034473 398.7241040618939 
99.90925231474584 231.6032615740129 173.9463936640576 58.266360760789 243.41954271985566 222.1101821581799 344.2030005666887 246.07603968475212 
311.44845263712045 364.25746787220976 57.755803008488144 96.07656975866867 220.3973719614378 347.1750809547849 341.67322725561564 197.4360192192127 
118.0574098860796 228.44583832323056 391.0019239029805 450.2270185794307 455.09728173303927 110.215193665037 427.74552621508815 406.2246647981692 
358.58368277964695 379.5405427014733 456.6024479077813 34.29548546656712 278.2372786507538 14.933157443867964 450.6657800909836 474.8306181922845 
501.1273915543679 86.04579752113206 125.28856502203682 472.6762355649155 255.50848585301043 198.45934654297113 83.31739090574024 303.0145087189984 
249.50175949138492 260.5212943346527 239.89756676423224 129.6480392952322 115.32469517817484 74.18941673306527 60.052959448563364 360.1410192886995 
354.77187411727436 376.8337680778701 267.24356927587576 187.2702609262532 506.65017813245987 85.94991712967786 306.10408655152247 131.23904686277115 
381.8714259357735 123.73679114350126 467.56637507487943 22.107155179983174 336.9055656583395 323.4920923570279 209.56924782276442 486.88999830170496 
181.2977040871711 44.77851378622437 331.5584250298621 130.78015952866582 439.9518302310784 249.3137744671699 285.97990202432584 226.94425513089493 
315.8846589455566 414.53769731133974 34.96994113821394 354.34846903078846 324.1524410638939 286.8094055925924 485.44459095067464 48.06571409185339 
192.6541024344433 101.1877606502412 160.79210737101846 151.51759940818738 250.51362909181395 19.748195057561748 392.3712356989487 185.104437006463 
149.7450050825713 165.38901541134175 439.0184785746385 170.67614325521996 390.9027431077809 253.08037742059773 67.76761070443808 476.297510537102 
248.42100530389155 445.50896647187335 253.98440508741913 370.76064114890835 316.3447827326766 185.07161242627467 284.119813002088 102.29794075399894 
20.155866406117486 379.1708382980445 169.28465561073156 440.9485788359238 65.39702253759366 440.76556039396115 402.84896885789067 249.0317203455575 
418.79730228564995 311.1300848496847 220.26916010326175 269.1795067711238 42.60179064828578 216.77443560311144 144.3460175826841 444.38300514171726 
227.80872104874754 37.479169916730605 224.1168317203515 209.50425593060683 497.01730869954196 287.3978692259465 500.5845986053895 318.70742602738164 
172.58917340629736 336.18035339194137 357.48756838122847 398.26235048212646 330.82673097522377 122.06976515784822 40.31214238852492 39.173502718300604 
487.8714499628293 233.92668092022922 251.75235573303027 369.08747947712016 488.0252896017094 364.1333312846918 356.8189826467717 167.9322227293432 
190.19828642158276 259.331076341768 355.80146033575096 216.74109089429015 173.18553461887313 420.94425265950343 408.2856873089782 194.11472220522512 
305.47663572743136 432.4435183024268 316.43085090385125 59.77417136467138 150.30070990679343 415.30189855502573 500.7084480361189 489.65805743781993 
301.61015243398754 240.59641651552948 126.30659055950143 52.01711099534666 371.70626869348024 248.20881298663878 163.40264377920798 438.9591751034728 
476.20978126146804 350.5780572897782 289.50751674713337 192.8976793688436 187.07953236891132 22.95817950654399 167.08447779432854 492.3569359339954 
49.38238651538617 307.1341816532771 254.6458996102054 186.5871313446626 382.51742182486316 80.54947261075701 434.53077379645583 393.4423296570826 
211.59764960877786 467.79769979894616 365.56635822695404 99.9745059928726 299.6923321010498 396.4322622312967 93.81691262562107 330.19675827157124 
376.6329627417706 424.0465530271952 79.62279256126169 69.46891376880703 285.08616896402395 88.578085631894 424.13286099664424 259.9584584380566 
389.5965236294613 158.7896375041834 203.53351366786586 306.63012112795565 219.3024840889029 286.8804947406385 444.1773184094656 158.217089061899 
440.0285232446844 190.18094257256334 396.8144566679104 152.62707867847328 376.4566827668888 113.88317088614501 393.13004555001265 441.23636113404007 
430.0804824550248 451.7616763720046 192.79053237419336 431.52474677388375 363.644494128387 26.836237322400137 354.20222144469994 312.5049072700152 
47.77265932297952 158.9307028697511 287.1851063902399 352.39889444572384 390.4883946826295 271.0806391571277 270.76505661126913 283.01516370445336 
295.3296798061698 411.74294384921376 344.2876168590725 210.27912872115695 118.76228692231626 194.7606689147709 105.05639771035973 115.3704398297085 
222.59417951605724 284.0359805498901 70.69927498232235 135.92002394039636 342.09426535521095 174.86461910763782 389.4655285887749 441.72011194868804 
115.51865397554933 148.8847543757691 306.656941441941 144.4003249969065 245.74746623740222 404.59355808992194 420.39613418683103 305.52290771426453 
389.735394440915 490.38443745274 384.9351004934144 232.55034743496105 496.47910159106664 292.05821801872463 344.7072596717281 377.13835203578736 
439.2045651673638 451.7613351992622 507.32593545577106 275.2074663711401 412.4775843744778 220.30405080143638 388.7325516442917 93.24631857333958 
189.94039604125805 369.8120481530054 388.69759873064106 470.2997203167979 463.3777857824528 418.66432164431444 479.8775020223165 470.09469054502955 
108.81550920540788 45.67061365668689 418.6305310640441 82.75756342911465 350.3544358531092 195.44143764264336 10.794877139734806 340.5752165289957 
417.44335360041794 501.90389934929857 90.63196043606735 237.25374011369925 416.2936189521564 281.9163288732543 496.13824637993326 265.12739362205946 
261.1387958508599 475.93502122001445 448.92847999559575 509.77127080287244 136.04238276117496 37.685960220498906 371.8936811237337 366.4705381425098 
82.95678181459265 399.794946412263 302.8368130735114 67.99956753608242 436.73655390213946 267.3289925621287 187.2894861762971 338.16397309650444 
452.80920663097356 116.20223979976912 458.7126199880427 110.55869051832344 98.20656275780064 398.3995597874686 439.28420581681945 376.9953137816346 
101.65981817931346 80.97083885056821 219.47750682974475 355.0516823266214 483.4614898294729 270.7491653731737 299.6325505684425 289.1969372093319 
410.7973141350613 301.7460467687966 401.72413564327303 324.945110149749 349.251203247067 287.1766947912797 484.5296432944394 20.490490059794745 
106.1865171397176 263.0686209796787 120.39942483007987 185.2776558736851 486.70657625549677 175.40658472773973 16.833282872162783 359.95961025807804 
407.8977137661538 87.76700538648507 91.06589565138816 377.1968471450781 442.0579150626214 111.39507833093253 130.86437073107663 67.75070198386427 
384.6141088505636 184.67760581662262 199.74119835905447 301.3239554897434 67.43144431181912 453.96465962239887 69.78544437551597 176.60189450007596 
263.2173691140147 132.6933209984048 90.31565776683941 299.94696090335856 151.72395076203205 340.76650688232377 25.557314166886215 217.20006931632994 
443.4513268541163 51.14008692463189 19.548058054212326 188.04170584893447 381.55554419708847 395.57124440653655 471.4739113987193 117.36604881949124 
467.66382508034985 206.4815873398836 229.63943210940184 83.12108592416222 382.3005094872698 296.887616380709 137.27513532304047 25.06793519545596 
195.62663331254976 105.35214152739502 88.38509010498107 283.91248208959973 89.19637273770286 457.9094516754911 376.8379710742367 305.26249160874363 
434.43353462536953 323.9175868562916 246.90468986560103 447.86319976441115 198.53099153377195 67.79065506697206 178.44558419249395 460.5647109262218 
273.4765280593808 323.5644280353741 64.9504943141953 317.47410477946386 448.907822020453 244.24837016879079 67.63464879183344 225.74553100676835 
374.5001203217718 502.91704073190743 53.793693062074205 245.4613705061056 482.5893069362151 47.49426564711899 152.62074918526423 86.05759597403488 
466.73382971122624 236.18297053360604 86.68888872574847 268.74636968823495 36.918395777360544 105.49391864148693 62.301918296986884 469.3892087586313 
297.1026824748538 147.82643528723486 126.91673679460973 481.27360294424636 215.81813376286857 100.55431401790231 26.84032403751973 362.24638177747534 
285.5159735433656 373.5698929780846 223.4046012137285 455.65689118155814 91.3695021389666 367.2395600371006 350.8220477623926 99.56304908024171 
135.23403459946223 57.723760831998085 23.92548272679861 463.6535599775311 385.4672155254964 351.61460064579944 28.99495108911814 78.33927977542741 
148.3132367221439 336.84424466175494 55.87492568129586 245.46685062006722 481.55378550316914 181.81714418308442 254.58482106224588 145.10782428687114 
496.1290227159759 59.719304534845854 24.626182692622447 77.87638271924412 16.431630649582075 99.95767811676558 70.18943231333984 407.22860973582465 
194.9770920598889 493.6827604879277 379.463409924529 391.19677642340355 302.15334105741573 505.3476405902212 411.2508801184581 218.0113967901237 
36.7527794537078 267.2564675074428 397.0930084698146 185.06442306382397 327.99007125777877 359.0556407463088 292.10602416565223 85.66664640923304 
224.70844442318443 299.120667809822 32.73314535891502 493.0523408980411 92.478028021089 199.79194016989237 384.614964801389 256.08441394593933 
464.28905452275836 463.412486893658 288.78130891006083 146.11311967710748 15.543138717166052 21.12088624988833 239.3677640974424 219.44140844043457 
259.0458988061113 241.35244297868928 351.0600511579046 84.85011422427351 180.70376984937647 260.0016513634116 399.4691993967088 390.6361612274346 
161.62841293806318 109.1992566789467 242.64086893184495 470.61665978238176 157.35163359857128 146.65691652886036 156.90171697600795 213.5523746368492 
229.85409732135852 412.5325921063243 245.2461379023707 345.44340226223244 153.11080414572075 165.76983852935822 201.4664032866466 439.15031295226106 
437.8566064694395 476.864090757732 338.2292448817455 90.79384397475731 246.27480279505215 379.0090658132639 412.3022308177735 327.3863511112152 
292.31193884468996 204.57643369022065 405.13280289503496 435.1479372089395 448.3219418874962 358.88185905110396 41.98330663633614 22.96069977376868 
403.74278304150477 408.19054001749623 457.82500490083004 260.41384113947754 346.5086406570893 483.9153796788629 43.19428379111977 354.8931689235597 
262.90091973134633 129.9609054531145 128.21410498579644 457.16775638251784 76.5409477236198 345.166090548276 287.9839169544192 309.9271301888799 
472.2278172055299 197.79910697738893 177.54102330775856 78.72196758461496 375.324177089262 14.057294761157848 429.59670642198756 429.76154004800753 
182.3933422846407 267.52532089110775 273.2500561608679 44.02091895627623 463.79069116680864 421.5447493578313 156.88272360352028 382.1111468533826 
483.9125605175511 101.44809639993112 283.4377544927903 139.36547548699335 509.80574515782774 98.61049169539619 91.28549506909388 455.59478109178457 
503.84068154939257 333.2721500361792 338.8798851922344 68.96529906124393 421.1515231659009 28.084666174294217 76.40804573439823 228.45179221044924 
457.54614593319127 469.3343485560742 412.6365310261777 304.3193208490132 218.5892654621084 357.7956307099383 110.15708255831002 161.08662828383302 
405.561797505814 376.1677946307599 167.2353329520787 482.4243807513505 238.99952043037075 225.04804120089605 169.46526287345364 362.4414355864457 
465.5142419110616 504.3940488587112 319.43283382688276 102.8119705710253 418.6005323685206 442.42917103865494 177.59162558084552 280.1969872708466 
229.13124598358868 98.9434098684373 272.55393468869215 273.4130548312516 406.24476887039174 294.94325331742436 364.00011442810603 64.80149784125703 
134.32735308229314 145.6034797541873 266.4095492927777 255.25113688054333 256.7935021072522 198.47411023958392 266.81626415175515 357.327759281757 
42.367554185693535 303.8956460409178 294.79228181328745 55.963343040992974 454.56964144896426 469.575648758976 127.8619787030753 251.15827473880614 
270.10910788155104 76.27984898226258 40.55031770045768 322.1496328333916 16.888552929261383 456.59079988203723 430.2684350851554 177.49859464905947 
327.32151297602627 463.6874218499574 78.23935260468278 280.5502284114486 427.667100248431 282.098286953871 328.6671537793077 464.7187100261532 
109.08453313953369 357.38201539059037 94.35273445608694 478.0510657647243 151.11077692824242 446.68771839286984 221.95912772744074 321.5226556433641 
293.26443377677526 417.1487368348393 375.129695765019 70.51743532833953 475.47895569615224 44.06273292769596 218.66214770612763 493.9461629246599 
193.06830073579405 185.81130601880878 311.9416798687599 410.45569651546316 436.9282662746572 337.4722457653943 244.8361937072101 346.1824482258172 
314.676452031918 190.07745586017614 174.25683935553954 183.50318165657563 73.43414255398943 447.46987392173384 44.58696310545428 115.23619238496029 
369.9530729717543 277.71230524295476 400.1826060830244 343.7461515097688 258.7903938618306 401.0014475815201 323.14757659145084 89.40555135504063 
494.23481018162346 441.0400507628716 154.58646317643704 97.86597743072578 366.68703502333545 291.82064846707186 282.53834638576024 460.592358105737 
419.19773059707563 376.7735936284589 404.79476626940476 188.11328570676844 14.866095814690997 302.23283854479723 299.804670064239 100.44043011310148 
350.80212014755693 32.17242581811557 263.8697369221174 224.1104179575531 139.35569665756523 336.1668816294832 497.83309842331994 10.301993612821184 
302.31567720447987 387.5285631515917 351.4645648868596 313.48186860099486 148.78213350941442 13.575214931329674 458.74551405531133 195.03221344122488 
132.4146500325727 224.98066311163683 422.2566080450456 241.31293407771136 408.76016939003466 276.1619954570831 329.8713722049422 210.61193649745374 
38.36314548721519 133.65620448123232 11.958790598595828 448.43644344882415 306.3613872580363 354.4393771446254 72.2981417428936 135.59845883699023 
254.27061268305107 501.1418293792461 350.9090393281719 58.54761134531188 144.66075697414348 346.11188520340386 101.9998754758003 216.40442442996454 
204.42739360045908 241.28183651863787 295.2379032045912 204.14706914826908 117.36117420744945 155.78895099063917 73.54383156162763 436.4049412659147 
361.71844121271994 508.3047325549597 25.61430792464835 401.31193656433 113.49631028604401 46.02558879685791 56.37526896500216 258.872739716357 
61.11510455104196 147.277964459728 263.5693447885042 223.29511613548186 102.21144889175869 49.691136309654816 353.68039087546475 293.7414588368429 
18.245088740863103 130.8907397864138 255.39831371077094 22.95260579230112 347.6225144899945 493.6661742396835 213.82735040696903 138.1971015866969 
303.04055648181765 232.56500560956354 273.6407782214232 453.9990343415794 203.75316210947253 383.867531976618 184.3854340626244 141.09757328475646 
18.464277839109414 185.89452280711714 386.13882989692183 41.09127460201705 239.55012591229357 401.60145005560116 358.72236708532927 341.22038153221274 
434.3139810831938 80.41209156527711 242.67340948464704 48.740160265016975 443.97650245405015 261.24485845598633 265.1796848149396 329.3384193714538 
326.10479654435085 243.6848573254134 129.17880020464094 399.05037726109344 261.1833299871498 179.25477445766285 148.82631533829564 284.1239173625883 
269.0298195591795 359.7378275581641 39.53522989872437 388.2884588513816 205.75918441057811 204.50580887909447 395.79022814578315 431.88047889597243 
136.9987887837251 73.8053944737662 14.93960810401961 452.27888071895615 308.0579520535836 159.95583657642453 350.1682046737855 180.10327697183652 
56.75496555491571 333.41111326306486 500.8543347209443 230.6283417416365 139.60472341393003 445.63976787371405 273.51380896412246 174.8673491170759 
67.07003176108205 215.77545647243133 471.5343479137399 179.77808515995713 168.57977432310366 452.99142464960187 196.90334609892733 32.044053769141314 
233.0171366067229 491.5518760634236 72.13216909966556 484.8844277783659 195.38073512131365 340.49360676206413 415.58011015947875 492.3455651924495 
465.32217795319224 174.8907969028709 28.38114991782297 20.527366814490293 118.26282490770522 420.65621842611324 376.17661996047104 250.19762671944045 
294.793061190277 309.83191048712183 73.85683549593656 110.24732772640677 279.05722164630185 408.32251787437 206.5150325495298 206.44030527125202 
351.82713307905186 243.02441499787673 144.81642538863625 334.91002694088075 138.9676091058694 280.3035759821875 137.9857530984234 394.8569594995578 
300.99680919246293 132.7755853945059 92.61638061601789 139.8994457572871 34.44479260028359 496.3407240651975 70.50399159152036 332.53125391150536 
480.7132273155754 444.4272898379526 163.70815072544835 491.1389936583077 263.139461760497 331.396285147214 30.04464256581334 44.03238661581859 
497.96807954238955 182.06070949125169 497.2120320524864 329.94071574108375 249.9330370081712 69.27230185114058 268.7551563516724 509.4283407002583 
28.153559739287672 106.52919836672808 390.06913855446845 76.68265975282284 43.046759918455734 307.5574061992037 257.64659925471443 286.12737903256874 
69.96043755098512 189.8192347911022 79.7715336455319 433.31442135731186 390.2287480751421 123.901924454768 321.86278719478815 54.54753289046076 
405.3542626742741 55.739498016114325 294.6703777467558 234.69066274136924 145.01927891380467 353.6209674112855 168.52762318723617 337.6143265645 
14.629643520205951 156.9380886011197 321.86239329993185 98.73296591439578 253.09418706892743 228.62571101934353 57.170463577789704 144.08658519699878 
196.54277535335723 438.24788139178315 342.6542262871627 125.41962209496187 68.68637149972884 127.68281892303855 362.7297030209012 285.71032958220115 
143.5219236102443 236.35994776493868 285.60516991757453 394.6036663835263 251.08542357055262 188.00194357574023 281.1344105634512 118.20088086234192 
221.9561715959821 165.8251700741935 447.14776991869564 12.658967731480445 491.2153723605374 28.151384166342154 427.46410996608756 456.05298512977345 
207.56222021764052 241.38397751576085 129.78676964320738 457.9545045916799 318.2905732795944 332.3018678283868 76.6867377898091 411.17917027670785 
225.82935523829616 486.6241177328446 47.876041088489906 475.1566958653013 236.54976606772752 45.798442956193114 296.9746414120524 405.37614510276927 
147.54250382068489 278.96668395070407 250.97371417050846 268.35991753018607 442.0681047373084 432.0604883532782 225.59875480802387 106.61935616435524 
189.38342133864742 180.9801480479478 314.7753664163003 243.0451341701551 369.64752826204716 240.8099015430068 237.40092602024416 39.18569118993675 
469.6100494345614 508.02263425734606 49.625418361383666 46.8666193282618 319.7850883077571 237.6273358563093 255.84426593114438 117.60427318194155 
268.8139074870191 382.21218390171174 476.606574464605 159.266798211597 415.71943144530024 344.83660923104725 456.64172322968113 354.4353861834156 
245.7557149291368 22.72526820988007 321.20746972790914 279.91931333048285 140.555506626228 143.71723629425335 113.9627700879705 491.8775066324286 
358.2790544276896 22.423359222982434 274.5683394818056 266.0000634776067 204.4672483266685 488.04508745253514 339.2181501191677 307.2025557882246 
239.3022137588144 360.80766682443226 272.3049246780798 368.2865177956085 491.97852220681256 478.9611340124502 462.4228413534943 342.0191161840858 
277.88812069860205 403.30191895904375 40.91043015052397 16.085040437510237 339.32209859270955 51.168372463109726 306.1370218908655 305.36393620716683 
155.3924119067745 136.86335267934658 161.73559917362235 400.9863711063103 391.8767767149537 420.4568347887527 101.98533997863339 400.6214508591058 
86.68964697931486 391.92183778800023 402.54699000086794 109.44929500135375 291.68268578129175 142.55674069064648 299.75410480954247 326.27145653315534 
16.477604340118404 300.64703994405073 66.66330164580918 54.21234198399754 445.0346399485736 33.31979544360202 19.0667519424793 200.46493608254218 
20.659744653338855 241.54376851935137 109.66984948866309 454.53368260063206 120.15363287572133 200.22852535368722 393.63737100446644 159.42797085011938 
162.8057709759157 20.37544587521194 273.71116463146467 115.25907567673931 124.936512835911 435.2339004115869 58.10240370732072 379.69381043982924 
55.690363881378374 37.41569433398716 489.36174307878275 254.7180500212111 314.7837005522255 218.92088278845094 27.43035199149273 274.1630741529423 
377.90991646628316 191.0280520214737 295.07490376581086 131.44811534996103 180.50510994426187 86.0022774285511 218.9097980456016 111.99199095681627 
95.57757843837815 267.5737915030855 24.20969210389611 219.74711791283013 266.3041190487898 102.140575539651 366.715345046184 312.3089052288835 
139.09627773565845 67.6478970931601 509.63608608853883 184.05375199965627 167.83974385136528 202.09802567437873 79.05186977313788 161.7587614285125 
285.00990966611863 18.643152408623457 55.9181734190241 402.15618634731464 360.3668399402534 139.21474986337705 287.8767480994456 205.87586944525935 
492.9326749417495 23.642349342883385 429.0754598171701 287.228771920116 106.95457412653124 296.2150426359725 341.2002805978821 64.2846190726708 
447.5565256285863 296.638629635823 113.92246128209415 158.69693909698228 196.78283447953365 107.34173744436391 487.96427728651713 419.7284751584775 
55.736730188679466 434.08391061111945 88.98618912551537 411.9301985837215 263.5169401308006 341.8187708764908 505.4986785784305 430.9270038367256 
148.6555836910201 472.76553291663043 369.0019338442372 236.76323487453243 433.76035654859305 498.64180682184104 219.55633537022024 319.2610825787498 
139.06420731206515 184.01094027804132 64.98711313652 134.84514814209203 55.58559882220198 62.69700627187402 166.92599669807805 379.28614877666655 
383.6025079063783 354.2205067497746 211.89327719460164 485.8168706332591 257.14323727437295 372.2079613815112 150.62324046582054 163.07369175035285 
500.19723431745194 301.728515188449 113.83612598704461 412.31657503116844 85.3490240282989 347.51067085711406 437.6597384003574 88.38077583636438 
390.53823101154705 379.9922385201174 456.9038328288431 193.81337653223073 474.6491591556312 331.15672430901293 349.3904864308575 220.647732394534 
217.6326543412637 217.1091573288935 439.5433501390337 479.26902688952265 295.8636777790593 289.3445726340069 494.4392426354816 478.823957402315 
88.43752769316114 441.66227278877665 170.52487247445436 48.627790412373905 235.10795440416658 124.67891050486672 394.2020647222637 15.021833263320952 
191.57023691336627 144.89361552151024 84.48447546610271 373.13446094395675 252.7923282058545 350.25821939561484 250.92898057175344 17.998838159997526 
140.09726775968394 329.20578274241205 125.04483007525596 224.48044903636287 372.6998678957855 375.0904078126473 108.38375086322621 190.46763060887872 
269.40099539040494 92.9916787828201 445.51403314754504 82.77803990600579 51.142272445554575 150.83658225930995 155.08182436729876 150.23444821984472 
140.12467117613193 301.7923435051545 377.1626324960804 93.36275138883248 376.19384433565517 429.882975010962 420.1063480692101 505.1654965591259 
496.195461548303 495.78292448995 415.07867887556455 322.42385522527985 347.00365826481755 384.7408983153651 111.50234015618564 351.98148830353574 
427.9256618189922 283.5867520166658 471.6009724854563 61.46296854271903 483.18580238514176 338.77497461284923 347.248984890691 448.8803662135439 
490.1919843891477 472.417542915305 147.33043322166967 430.5807788653209 14.287762843539545 358.2593931818042 28.81005309486705 311.9880795400318 
25.693074082173354 184.5497519152946 269.7195611491959 30.591973431860644 399.3369255524536 455.7622490888528 107.26241471853226 485.63750699698545 
443.28497865665685 210.11704441459517 449.2400356244217 393.9681604799126 426.465243618628 154.8581395323477 492.0027366230101 236.47555982773972 
201.39496565373025 346.23885714142574 403.1284493418536 484.6090767943702 142.61194004476923 166.16877543532436 352.0322649979441 421.39831222787154 
246.51322736835445 472.47512493970163 296.7101586787971 496.4417127165503 363.3044654962259 424.7317908271337 59.819718488131656 279.3143044110632 
156.7629172540717 112.60911779883008 352.3012764150227 200.84779047284812 12.517416834752261 238.6975749251105 27.74235536031249 396.7360294938073 
240.54816385865084 232.75838440257394 475.68873604690316 92.91918231571854 42.609740519613965 299.3543616095672 187.10511412707325 97.19943656088958 
340.2802820827501 25.813887878659116 150.18858043292337 86.5415925772402 184.33998618274387 302.4813714011452 359.73794311186754 504.51162500029363 
91.18212588224432 432.2071512099027 348.28222517611454 508.3062316890708 276.9596513561447 431.0300469187183 272.17115131708823 29.82665187643129 
385.17048183137905 147.00564700014917 210.8310357448284 140.24973176324318 428.3847104837933 449.1334824006857 462.38902273906115 32.5494784187309 
289.8166860859744 363.33622670404947 243.86886442927346 61.422136095739035 255.44527233869323 157.4439541573972 329.1614147331877 405.06799974622857 
172.3852896580361 502.13673460700346 282.9727967282637 38.28299612045293 454.21329506456027 459.7985407788397 73.9535974742675 331.3132360592597 
278.95088748577274 178.23569107126747 475.2120065833413 213.92563169290074 450.4085190296229 291.212918779262 285.41415197277587 469.1476517706362 
18.59309267256714 152.7601605322254 28.67472418556354 346.12949137373823 379.88241260157156 157.20327034880242 416.44098997703145 306.58155414753804 
202.66956276264514 21.871681310244355 479.5733498825672 344.2406462397013 149.1803729875267 34.436269684507124 403.82555909118923 441.8176943986968 
489.16720843860156 391.8303727221132 226.9276881088773 354.8804209472595 326.181947445736 382.7072857364799 180.47508782273684 37.12388866764765 
282.13155856375164 290.38715616212966 84.82626781184915 146.48211362020803 110.81921270474197 18.246618829938377 330.2130307469778 196.53388617475753 
336.1741437335672 64.50406407580321 102.2658499560795 42.65588279229436 135.8733088647303 98.35390154833833 135.15762065624276 17.376264715902803 
316.0580957765821 14.402715057270967 400.5690215234512 154.38174552552618 347.8490495499618 467.3606378005323 265.6784867156375 65.63147645237487 
61.36185517135039 13.940899191070935 278.3799393387444 161.0306531765465 217.9276939939654 113.92084654435119 362.9314913622281 25.11707751962743 
306.22097520358415 367.3173146164671 334.238130588558 390.21379009739854 32.997825178137255 489.6298287930599 263.9716034084396 270.5009589156407 
104.14807874282683 152.10436218206758 356.73054002334635 446.4599276326167 16.764360100778855 438.97109143229954 119.44399733947341 114.14286551625473 
207.9309266604684 298.60912857589784 232.22157424812067 138.72086694025614 30.935710803024364 490.5913347152588 153.85314411145373 476.7638567654754 
154.6085941638119 155.5624796998311 120.16137034452439 456.7051457255052 106.48896576649801 259.90364872239627 318.4101579459157 231.9440852950718 
305.52581837612667 292.13626801366746 145.97211373563738 346.03969223720526 55.013363628892634 213.01870644416664 86.45818677908689 474.4485172191463 
91.46543893159203 286.288650123571 361.51256548099263 32.25975807811453 410.13175001837453 42.004277587006634 141.47597675112317 462.3809033027708 
212.85899491506598 249.43757794479941 223.12058666025757 143.62688023446572 449.00022239778167 401.4726570459383 207.65947289955787 483.1658631689485 
45.07533286035819 337.4623777570505 337.2339466929341 382.7750101605589 43.885899588679436 256.49636194636815 273.0817056514146 393.358989411645 
498.78753500610094 498.0334581306176 223.5891212961431 497.1847391378735 93.82278989824215 91.85187746295375 455.43060921140426 82.285221209336 
85.41781390664093 204.270113195742 345.9983073232011 298.485698139796 286.3458062777344 232.5916116030217 260.3251555511084 109.50525274578587 
437.66055593717505 424.72656654148375 160.70450174608817 480.5870241685448 439.30290243556004 25.943831711828338 482.2094202942472 266.1100695703121 
35.083591924228045 79.70597634733838 432.3147304634829 486.6359936471296 172.74533363016857 134.54088444817663 497.8249642029327 309.84366132631095 
384.80744530702077 233.90268859495276 67.3113934067519 174.8047595364111 160.89601606578785 190.97545708652123 202.26117636233042 124.0537953640448 
407.26282977592143 275.37256327129586 215.14179672440997 32.905210803712166 214.19609292440106 63.684958376656986 337.5838808122414 50.47100397459269 
277.02619149701314 330.83144434380023 386.88565970350356 191.83197286943158 441.4294946924207 484.16405993918414 464.0419346794143 145.81555800225675 
468.7334114067776 167.2817325292805 341.50092797875385 487.83354530637087 241.92575827767197 285.50531251507414 323.8520450532956 112.23271368277709 
258.07163404928133 329.9671092854039 489.6475987315267 323.611513461838 377.84087767397574 502.2679898062374 347.5617263741213 151.5559756623248 
427.8492192305746 266.65537104651764 65.0896584614664 78.24792713478706 376.5163240090734 81.67491776322422 52.990267948189555 493.3985736376581 
429.14377551211044 188.2493848797062 313.6752637159547 315.960797879218 12.916179096539018 456.1375240133476 86.74795373418448 347.07297752879884 
247.5284282800845 415.7261990886895 449.89487793004145 43.687733560289814 122.14238621696771 227.10899194522827 158.3333071578415 27.338581569389056 
224.376035543344 463.4042007321443 131.01772573000642 267.49763938263044 492.02815165605506 210.26553807621383 116.80856584592242 503.9775386882758 
83.24175751650802 108.53852494741456 198.80617354506984 97.83063067716496 85.80943366963095 92.01580152680116 420.0531664873711 125.19865950064789 
411.32352922817256 197.2444515840001 438.8083904298318 153.5659898083992 344.8745822055831 447.3383716790937 246.59542981145543 264.8694839421438 
346.0008124085211 436.74903129069315 107.22904695356904 14.918305037899751 321.5921033056393 368.9474502940041 500.02236000121945 143.57647711715504 
216.45137706189044 423.9708032206203 475.37819744271263 475.16171311287354 392.21655191229655 457.7865847572661 455.96753991579305 73.51328603139194 
390.3462952635162 160.42759317832162 141.69823754308658 341.1822642062989 299.87251955328674 424.85064009232025 301.6771854514948 377.1972173961931 
75.62295719065303 303.4724927917015 361.3690078824236 32.85842038447916 277.61675788177087 54.335737793880725 318.154332964696 230.0137837676775 
327.33632172961677 403.8579861812424 143.4910028549649 231.26964662382525 501.57849395161617 278.1174706812784 454.8810591736076 176.58937390009282 
509.58821166894273 379.6280937413173 365.8467776604009 325.7331875091246 124.17775468853209 111.55714417713035 47.11896078169852 70.9920584892314 
462.53472425917613 476.3387528257316 157.2403710579289 409.6689439316198 137.42188309628926 200.6361892976573 425.78769638235894 190.76051267946212 
124.47189497503585 463.60626769942905 297.414941275813 75.29240135812303 316.28022757157083 230.41870637645505 169.92159437009957 274.7611186643134 
358.9992903796954 317.9839069874587 384.5484697901249 257.1358294632939 492.1368292388106 444.84203893888343 251.7045019469305 234.87306584138238 
237.26189144433974 142.16660019242903 20.32761865434223 374.3974588271469 406.32132709714756 27.835642222682136 324.0826703329532 291.501735368924 
25.270032629709828 70.5237742586423 262.5997376545147 22.118914094561397 393.71802510014004 95.7679371457199 400.95579166516563 282.920082276766 
126.29748241131105 410.96032645761903 95.60292070715886 461.190639101182 146.4529162772754 51.22133226010127 179.94619130976918 398.43822747309764 
228.35756466544797 273.1057298697223 167.7742716873659 157.18555610958006 307.65904760217444 48.09536526385704 257.7460750051412 85.40108455848782 
406.75760776343833 432.83118578020475 47.13624185137976 118.02080641877254 145.3198419025899 318.03801249899203 488.042991022955 380.0142188875183 
431.7312706138797 183.0950204300643 244.26110218358176 280.4475984241319 56.19061150548887 108.20507330363354 232.0233471599642 411.9977488882273 
31.149174061353747 421.11611378016187 252.81353204143002 195.3692413587817 149.7982226390248 480.34765529531137 251.45406079154853 333.0684274751034 
358.3076178494403 221.87550557492207 357.6714023294498 261.9872045289966 162.51882490972258 221.22788351995035 494.3423755146333 419.24978062105146 
414.79533471926703 147.94607812277926 460.62456321246907 260.7754143851525 451.7337538882952 114.3626583779309 23.17377359946692 97.01045582523159 
178.43850888630328 45.65045362910985 173.65186361080936 435.2825845372612 320.0635136718354 323.09549585482984 335.7279805249656 143.23061283870814 
186.32375714688385 77.54687138836258 429.77623483936526 372.7627463531527 419.6799549063797 134.99666984897016 328.4731770816263 308.99654663771395 
322.89944886878277 241.24334658389972 361.4979315228335 433.63381995182243 486.69648808236457 317.59125053913624 152.53828120626432 117.2232706983382 
63.15490665513028 124.53984619993956 196.80585900657343 479.7643932300066 155.63647738929353 335.41541504677485 212.26332562560972 84.10540702463514 
420.8779235406383 146.8986273319202 422.7670729447771 151.58860088856724 103.97979650316601 178.40087765578033 56.328046792760865 114.39607373105947 
351.99032477394195 37.24272671941558 466.6943802854326 444.049062480494 276.7873786686033 51.58736880934749 411.4585025772707 320.5139452678723 
362.96163006541235 298.08249346818286 144.89209008085479 331.3680620197462 441.40404792302513 176.16333797253645 108.71190869867058 15.478466663065728 
74.30092433385914 405.97037730289094 128.97977628804273 190.64674935880882 322.23938186842616 451.8346382166805 152.33951881478862 129.6730913956463 
489.1267618634778 498.28369295375444 179.7943692085382 274.29253097302495 65.62669167243023 230.5215538787954 181.22768610060234 301.436785044146 
216.81526405852622 296.33561027152655 398.87019931346634 481.27454956886737 284.760197529718 451.3836907335415 72.91700573478848 391.48353766533097 
401.72630276231047 14.814269488009781 247.49721324588506 177.20730094492237 434.71025429750665 387.17322414134935 440.1996239756464 171.15005254117082 
107.00782501983495 507.549950841571 83.35736572573431 313.26240673203773 267.5167576902412 251.9161363689678 270.2946728482022 434.4715479641334 
403.4783006576654 399.61039915049736 464.7390495216432 93.90844242979706 117.36065280240281 419.9216032699188 456.60175221139656 284.0857130389988 
413.587303856875 455.72436666412943 472.3297683805629 443.4789511244804 265.8135412341426 506.11954150072893 473.03263429400135 340.96473927009623 
60.454165389139995 435.0331022455792 298.5867884196118 21.568549756253653 137.16548740257878 57.72624549242188 440.92106031410333 127.9754912638981 
271.9848631540459 182.17014078860998 354.68602502516654 37.25719126552284 73.83083404895324 107.23817750720836 338.51064035802693 377.26784262400434 
390.0669163243183 204.6690836695869 145.04903487403553 112.16253418967769 441.8322839866765 336.75383254927493 103.02087514514717 11.491098807420599 
34.842465638200366 486.6996049277825 159.44808699968465 442.3204085343553 316.36300594639323 103.62382341599529 375.29137045910846 48.83851811799999 
174.05948395962434 289.1315006348163 32.689420936933715 508.8934486997382 497.4268427491632 77.42893629511326 137.00408405796577 181.92004632104974 
147.5010984797243 185.92691183838676 221.8745615599621 87.70783758253359 105.55678944582213 238.2865108104758 490.4837503495712 280.46308979045676 
396.49301338382054 86.86069500326437 451.23985080110754 307.6181879306649 507.61143222342736 486.4847682619959 331.076434403431 67.84144267233226 
148.48911121497042 496.56883191612695 174.57399135949152 507.70049762074035 322.64959022265697 113.44536745661792 162.10618177142032 221.4323717904662 
306.7351025489264 259.92506904404263 305.21382219159796 143.27333904578313 257.8831192879709 384.01403539338327 302.40981999671106 146.80175126017136 
295.0104214208867 43.74555165331128 463.61812834342055 490.7469883152872 24.7077398147904 480.07935103369215 236.44985593155727 175.71742934974375 
107.44810200842663 304.8217544371791 492.5196676634026 401.3009152254041 84.81206378234295 55.51964862914909 357.0055470950351 437.9905779950874 
313.4328861650627 494.2813994533312 489.6552169557839 353.38920559087614 476.3647650928153 152.4780294311213 350.4420464878993 157.14533416659953 
267.577409067544 248.27751410806403 108.07385736648222 54.07418043432681 470.2797777328168 228.9655376613646 474.55765439216776 119.91643879038226 
274.7765114056485 315.0056925170745 374.02327175880083 339.18818595587624 306.55972664812003 47.79238525971679 479.00932244175794 69.57501851010188 
460.33972654325436 468.0494149565416 272.4142738710905 122.3234089967609 260.71740879245226 176.82743029982606 418.316115666239 273.0825736194321 
95.20177501262683 156.0534812838567 349.86337181597867 142.64988563501984 290.2754323837586 350.5855924232379 107.44091935505472 12.072982175274184 
126.21135318926929 138.72565146025983 85.3135037569092 261.5616395833133 11.34399574148264 443.1436262496457 469.9502156535725 247.66269538040007 
161.49788459650614 359.1663255373179 278.2329122343775 58.150909410679844 255.27675727609417 302.38378710201573 28.75197831973141 209.08908325732327 
160.91649088482484 302.5263711406643 204.39210126250768 473.5105130170065 455.40482270789266 195.5657876526503 289.411748971226 156.17680022823882 
81.57106700197996 90.99310217628909 289.2189395259075 253.86433818434 113.84891284502385 116.22683314864129 266.0468016909669 65.6323829425775 
228.41547172972903 65.10436778118765 48.731876149187215 442.5259927326531 98.40961878845083 202.4097240408429 399.7983773643679 491.1669201646935 
59.932859664232495 101.39077014481877 48.05134727023906 170.685506246646 19.535755739751295 16.219163852105247 119.88217028768338 347.4468506010382 
198.89309876076365 416.345962772598 127.48919087805304 497.0242137587449 437.3708936428364 434.7061493501885 297.21683980468805 367.87291474385296 
398.1883665749856 106.72514467542604 146.21627480603487 46.1577580583603 148.87800878023748 402.0804914541318 340.63064010395675 486.187189950866 
211.74685442027996 176.1716722541558 493.50820749566617 195.90720690211765 305.04219299402536 293.2514780499472 185.64628366074302 391.90827954150694 
120.52456826525564 298.1717106479014 117.56925446508653 63.39826649860613 108.15158816942504 138.69663028686628 425.84377382784606 509.5946000302872 
363.57527480021304 65.33710708541446 321.934210888147 39.98869185048564 339.1563783430637 460.658615684072 336.8015232251403 151.93585962960114 
224.1985963978521 475.01634095320526 79.44861398883678 125.02376356879029 465.10590276578534 470.6702770697253 42.615448728674224 96.6725603838867 
21.166161835968246 401.2336437126671 113.82686684269792 308.4198870387834 76.66393834880763 378.4077363740908 74.99632245610948 337.3437213755296 
55.02598042019912 302.95615828104246 498.78867219129 252.07636981671843 405.7020807127043 61.87174836540736 74.94513660463186 257.8626330127073 
