361.4036920429529 109.05261498043417 77.58573230288462 458.32209968296644 131.1259200618885 
510.0510711040791 122.49380468653119 255.86041863301853 603.9278474590735 338.3999135279815 
282.7270155300089 397.5226169765129 131.71142064934165 442.0946178337118 36.89985266426493 
316.06194011147585 31.787610934442583 306.107406427117 55.69401158937722 285.69101680819085 
330.48520188420144 106.47877139219591 475.5635239089096 433.1251408632611 375.3506935737573 
471.08609120950155 376.5781037396447 259.5997580751804 24.53336330655796 193.18340164411242 
247.99827451668756 194.9558578658228 271.9491044752197 93.80578431670568 375.17635046881844 
254.88690852255974 516.8167926172877 379.1323304447609 231.37670554398358 22.44119184760587 
36.16105512786117 588.9013265517123 508.1093548859721 124.87332371079809 568.8749925204429 
581.9714184654001 567.570366578787 126.93850783837415 469.9367500497192 555.1225568658319 
450.78299017895813 511.7235641438097 443.3736976940026 41.19038682628987 525.0332656214646 
370.10820293735856 212.56783567909767 182.62796954441248 404.19374420965886 569.9504924430412 
436.4962863593329 526.5883869485785 125.52919703357036 126.09020106609601 330.5006460997125 
337.6222112535365 116.57796487871906 42.26369808908804 200.1788121057718 174.08334991747375 
235.70277579598735 246.02427752397145 246.99317854449478 224.337252544815 119.90474250920994 
587.7615932686474 354.18889289880025 448.86503042008 223.49423619092568 224.91397641800054 
311.61583891118823 524.357354517686 81.21257677071858 62.46733628899935 88.0483097503041 
135.8918659573054 79.39796361534175 470.83446518367543 509.5958902345149 313.28777252468643 
568.7898057921215 452.20844397921894 52.79940892824351 57.73153957113169 102.56479081821537 
376.4839730393542 411.00572481431544 54.767201390047916 133.1987840519975 357.8402227182194 
42.615133362141535 219.74528632038056 251.7480540913367 293.079139709624 59.794857181650634 
171.8239397898736 603.1437866949381 532.8128437460425 166.2529291135542 482.61601056020373 
61.093404943255685 506.59393020081365 302.6655887290333 295.5759123746951 496.18269838828314 
573.0822907461607 408.3523704493272 262.2200575631018 20.7723012604699 516.3424777268741 
457.79253622976915 91.27433952803739 244.28241072336155 259.3649874738125 80.5764543438094 
556.84284064715 522.4593522994388 115.90557315367832 223.38588566560873 161.69114863830612 
334.21798627576334 451.73611884141735 462.5967566350007 201.73815840854098 469.6533431658373 
176.4009037797548 126.09833112957318 327.850229702011 462.8156295577802 236.57189133022595 
132.92230231313948 451.0312333508823 52.842032658364275 432.0970906272849 209.2758284440582 
387.102387736828 607.0392994601244 225.83531698581328 89.57209182720092 186.965592610656 
189.51069318466784 568.3714750695333 261.05207855759653 48.544005415546295 108.92117328929898 
308.70589203632477 360.59155610055575 56.493589613162094 128.99443298252226 112.01157879878883 
82.28674519062731 145.77948297612517 475.3357522942467 555.5530047305882 404.41261392035915 
235.21076782462416 122.17417100615454 423.8603846563119 94.34745590410398 27.027522463086 
192.61787243283032 174.25301428156155 600.0575418070434 518.6339280196562 456.01653716897016 
93.80540703184938 186.73553741710987 422.57100149038365 456.02432086480474 218.85021996218688 
327.186553545901 40.822948237923896 152.9573179630674 238.11136854843548 104.5554538810416 
89.55068239491551 514.0392146334732 150.56142978100706 135.9892011394679 520.346378781741 
435.1288006130611 199.09675572372677 475.82809563185685 334.1027165475348 327.5232711761305 
551.1243835474014 506.91946754060433 133.59072731798346 53.4308324799329 147.15411502707366 
