76.5936265647819 317.1214429710651 263.6575009217497 503.2777978513687 148.5557379067207 
137.31448881739107 348.79721099283375 447.24959554361595 423.43607428358115 499.66539618949776 
117.63022326894306 309.22284328458096 97.24751309446893 119.68917624056901 172.31450446553742 
19.579712946788497 403.1219090251519 145.84724576614715 393.4449829610087 85.00913415510557 
501.60753119567687 202.68447818788553 142.01171614174285 19.720661193152345 307.2762399519875 
405.9206317548716 414.26946136168857 280.83925746471766 66.09371121912105 195.19924541627452 
326.4717619249453 116.18404046648084 123.00560841426687 455.1971095828769 431.42258685671993 
357.6342854107266 444.1930657166191 20.797487912920623 493.79879605864613 318.2856373220988 
83.45034171411469 287.03014891105227 476.1964435367858 76.59978131830496 407.1380854550824 
269.4814244539922 112.85409716604732 55.75059167933326 17.16502549612319 85.87728325119647 
73.00629571275906 431.3699982392235 436.45138613850537 454.54269968407067 340.8201911939739 
25.896579529081357 246.32716554464994 430.4403395596183 63.868702186207265 472.73011748008946 
490.3182930796378 224.49169793576027 247.09302127121956 58.395171543976765 283.77390860273266 
76.88386329111079 294.2078581109 275.9167319510553 193.78774007565767 280.0649873170915 
23.5023395699585 247.6113191623828 78.86690789429679 72.13160107755728 409.9899148508692 
300.4963247405468 202.80109133236527 246.31089779200752 430.86013118041984 102.52097932208126 
62.18530727262455 447.2411267128475 16.185594484696075 392.8219627081392 492.0493148452817 
249.75319972632232 231.83720038398332 464.2067921619813 239.04689987443928 240.85662161997394 
446.56073760286796 181.06808961158177 316.6580788292679 450.6329462290842 360.16792304998825 
440.93195697816907 81.85733089444518 102.73974647037248 394.79517555368443 112.8434224932605 
97.70108039575908 280.2284085088299 76.18303477109377 110.79224310436413 471.28745996432156 
227.3786747360249 156.929550883394 385.38202210661586 481.54149844419567 133.25317502524467 
358.6706074740937 241.94602768336324 436.2789017626225 367.67515033858086 235.1403877190745 
18.312429349095485 323.0015148882961 265.33227660048726 283.0651362750892 280.4225726710182 
442.87759956926124 178.7098711440137 52.843237005613986 319.0049608339004 342.36003460233246 
145.55658708463002 135.9647924583739 355.5083734346855 481.89559195206164 141.5857400921035 
31.123922673823458 490.4971226223312 206.17842899876464 14.115235079602375 15.976689842129568 
52.71160502317861 205.40085710137723 317.3494794243575 276.49798187193954 131.99719054550746 
281.9545528316827 395.006157106799 170.8903843230588 204.30475178990076 362.0353577473581 
180.99119450314382 129.99815397419516 381.965789477398 316.6047250269633 313.8248331965451 
321.17946131363465 447.44534213806133 281.1610743183185 285.52216661881175 327.5900487516186 
453.7757807582558 288.7739454853316 470.6310745142591 219.83127440190114 299.87474740978274 
155.8343280887194 506.1307443996378 21.915915473964866 313.9501038658798 184.97418022026505 
117.89399340847238 198.5046899475033 503.1952647112253 374.6081298211543 114.41632264872658 
415.3665613715529 252.9778591820564 449.5508228641584 393.51505529786874 450.0161617142032 
383.72507761708806 152.1626321334356 432.7014868389626 254.48131887417145 98.70844931495597 
358.47721705874955 358.92929807902004 297.15375183398 480.9316051192559 208.76379362419894 
318.4222971889816 435.6762665180185 322.3238646591613 66.9773626643873 492.28463337314173 
197.81935514774668 193.44281786178934 248.5500945695438 228.5966266384835 472.300468827387 
286.8891392703602 80.97672010646333 386.69928549122125 236.4990412410039 192.63667439915926 
