451.9126770777503 113.8193775794836 
332.76647340120303 50.755674326742756 
276.0278244163927 391.29171459608983 
142.41761943760676 538.3064390519784 
391.1160277726954 97.87292499561794 
199.36920643602676 424.164521123078 
342.87995042563256 213.55726875974037 
219.8131409144938 101.36514893316927 
597.1451657853387 394.91769032412 
572.7351359853369 475.7132502858465 
79.89376141852199 421.1543734708069 
413.37479085505834 432.89539019652767 
126.61174432481451 114.10572193166891 
239.67145520810314 111.97569698686698 
405.7943426936962 134.56538539918603 
511.53968424910425 462.62000098316815 
131.45262211385415 207.24934626676875 
122.81810135405433 513.3917060498773 
29.465390765207047 476.7565303327376 
465.73524611721916 528.4631667639186 
72.6200842567062 446.86686291280927 
577.7363633250426 180.08630156732283 
149.1862783047138 305.52047946438574 
210.51472405490367 214.16638010680134 
179.86578366562202 587.8218825273891 
211.09129584917684 36.282415584376196 
547.962841877412 479.4126155041401 
554.7864828025564 595.4982120864275 
257.6183985755575 612.5565267149699 
119.92777486484006 493.3075826518878 
584.9519505862309 157.28101096777897 
44.13691543842378 395.05772099171844 
536.955064261621 359.9183065485817 
52.040431043049324 371.1942113279605 
582.9798511539501 431.3902929857806 
94.247270707857 145.67169949762956 
73.66661919240167 37.58080938067794 
587.437233460396 378.87372320079186 
312.15415086243763 594.1390951191621 
95.40409697553339 262.3856485421694 
192.41645551280465 118.05806430304061 
240.89690670684556 52.964349326410854 
269.56971998095344 538.3713599327793 
188.10353078841078 523.0484555569698 
76.99327336973585 318.3127158958374 
385.6199802627239 455.1527763062884 
55.10818734809109 591.2814431522563 
609.7492735872208 57.490906691511405 
406.657466389383 362.9579302699076 
297.9737428361374 328.16944083914575 
143.33127497651577 281.9127467132934 
312.44434150312105 545.2978765688117 
338.58133947177186 431.05305575402 
23.33082896957848 410.3576381498505 
151.46785098109314 542.2503679713266 
551.8765569470663 322.1742894498895 
136.38303820318987 386.4930069346631 
563.0015586151221 608.8363772401732 
503.49475894493736 41.9073403884412 
547.2977954029457 94.90487415875036 
144.7542301196146 491.9914212222004 
482.2601414369214 531.2569248468783 
590.3113477274574 356.40465792252405 
512.597045539012 164.90758312778814 
610.1815422914931 306.65759241373894 
39.46447314975359 76.15325715421667 
326.00780453241265 469.04507864830043 
358.467018887053 260.38084096649294 
247.76173287813194 267.16708737539506 
536.2697787034716 381.8859945777274 
600.227215240056 106.38056902946043 
365.6648142386663 477.0444929133638 
454.11065476622616 252.52618442475722 
388.9360263174405 34.18036947219568 
526.6213475330167 207.27373305869713 
529.3660511430048 27.47455598903628 
466.3659084745145 232.42999483274622 
220.72900060624872 32.25778419928041 
187.40026857463087 225.55269429420142 
74.61287930769285 99.03160744773847 
567.2833139646639 299.21437920358204 
475.4151912588867 413.56109813560965 
173.9755871333482 366.25995382337237 
442.8557789662935 320.3831100404124 
436.4270627775836 383.4016274404189 
251.85042127547194 237.07381796493075 
23.69756602237288 55.494924640402495 
49.58902257222569 536.6192941098935 
147.45368013527212 552.8398084193325 
59.66221923186737 25.232847037490316 
52.68589474816732 143.85017373017632 
313.07994534062675 392.9629049721818 
511.48969419018334 395.4359994780332 
396.0259400425423 364.4351380134697 
284.7543056521009 143.44145679510208 
454.1918681759668 27.072677003008152 
66.60305265524865 185.48310514666028 
43.53464763272082 564.1380118620106 
376.4287966167806 398.53152327313296 
567.3009814394533 369.94052995934635 
413.3683717511728 533.5805735746965 
389.16270140528906 74.55322815245127 
238.05977773179626 489.7476245917546 
62.30670228825319 355.38255459109536 
396.5258073646311 220.14879160693033 
464.3231940239568 562.9348826336949 
451.02785134623986 171.89279271316252 
177.73603755798905 338.12371154701145 
432.7337585237405 312.5372166229973 
406.0190035842107 548.4609398767309 
381.04333726670353 145.35089344097858 
64.9414917426258 20.47631957081147 
484.41532719488276 465.72627643293697 
439.08771498191606 295.70861108668066 
287.5396459187729 561.0853695518881 
543.392882169968 187.61227487291762 
379.69848522704797 306.6230953432956 
479.5402361359798 466.7234474442687 
529.1602714842461 559.2318033922986 
227.0627797408185 151.42897038540767 
378.4499797361358 201.9507647618267 
58.993158238907895 231.68213556566943 
565.3396777053304 341.2841692999197 
521.9058121602633 203.00906242166346 
484.4030797472287 509.73164560876165 
70.19486450560552 538.149178365017 
453.9777947238692 75.87487866827468 
594.4316195547085 373.6739282785276 
603.3789897512484 214.36416162249844 
33.64544553494733 238.92712604344686 
345.20835494336484 138.14856848031252 
611.371645758953 604.6308728954959 
47.601979349831 45.293517183498864 
185.31029164401684 378.50076400637454 
71.26096509578704 582.7295841372892 
350.4395730483172 225.21409798199053 
286.10842121339635 179.27607590584222 
285.42747393372395 138.07489561078916 
332.41688322072594 150.28333986719903 
82.1856283035932 39.719411260972166 
441.2493931355915 26.23750281444657 
248.40887385266336 339.2059566710295 
379.05861231560084 507.671266140115 
422.9445505024452 122.83270712133057 
231.287134756749 398.72470140039707 
493.83502996677845 406.0273499643309 
289.8131988982142 421.69962572238273 
258.8773581180581 223.65219632731058 
459.08525613834945 564.9514337956713 
518.5437868714466 486.06857573206537 
345.7893035368773 566.4620508481737 
241.1068314884153 78.30432667044502 
146.89264901465518 85.4377805294549 
189.81268813145925 29.66798383309051 
200.90796735218507 64.27581491944154 
151.94675933003887 531.1535331447947 
217.22119459883186 333.2432029375852 
459.6350283122765 327.97944706254503 
548.3272488340253 60.21185214532841 
42.22495386653893 364.60572376817856 
219.81716512554434 597.7935435012472 
200.08980103102053 509.57269188553926 
382.9604582825742 230.21853853206335 
39.69998539814178 537.5054429348666 
404.72644877013016 472.301619898102 
259.8052971580471 495.62736258166245 
360.0882715052228 522.8392476344013 
328.5716854860274 532.1268687619264 
441.4534414821579 424.78164075361 
41.516447046411024 413.720850092745 
550.0645037223663 34.52356930989125 
400.0853874590386 309.7585594926075 
484.21378007695637 252.65738497802374 
100.71597384445136 370.20994368840456 
89.11570908494478 518.5324194637408 
274.2299355352003 374.8818550794438 
83.28075118222492 520.9640865745191 
265.39927295487655 281.206122165093 
226.23445828223905 427.43676809302696 
392.5294133842165 247.94313511275442 
42.42547885773809 84.14406515160167 
176.90303105139571 62.14467680362459 
266.16638811723885 189.21015997384026 
481.92867706756454 446.7198034544372 
322.4508417143118 191.43617813570978 
151.83757124185067 475.9475275043848 
508.4910722234131 416.91504140240494 
89.77257165677997 476.27995040322554 
290.8192223500435 475.85892928112463 
265.1130003737695 139.77979915544626 
482.7965206979046 551.9827275872881 
489.8789522293385 327.5358488535991 
417.3738432346667 326.78743464286435 
354.05909142711914 390.40023422951384 
579.9475276982181 41.087238680463585 
459.70539748342617 384.39119951173063 
316.15406902163073 546.123991202705 
43.63887864251133 308.1052136219315 
179.44768371811793 546.6128032815536 
28.609745611699026 39.48204023185032 
33.3042148420238 188.06256554306287 
292.75605032148513 199.26662265821594 
372.89527158980763 490.7151322332615 
497.20432279393134 118.5115027573092 
81.07635678900824 282.44688517400243 
161.65607224363637 37.46347733449603 
183.53272881765483 232.976458237646 
427.8039313637767 413.1782782855437 
517.9266752061894 341.72238732322944 
500.42104617094566 363.20717221006043 
381.89003834168034 181.65432788219368 
505.96763788277786 422.698832090076 
574.7056839374392 551.4818240233907 
458.55835261313496 542.2606941688363 
197.52173033607778 538.5240879611589 
173.13423148152222 603.9233090850215 
326.9421622538914 344.60474254375094 
315.6830107988283 82.55136842600828 
426.8377319712264 577.3152046729722 
130.35148210804618 230.04537620126348 
513.2208118098501 258.9905416529069 
133.29378714495493 309.6775078186928 
37.02790867700461 155.7413039350066 
213.09914950965603 557.9055679505036 
199.65374144562392 178.88546581075516 
527.6431103389227 101.00870163011193 
366.08039078471984 161.12388364187134 
137.20571165572647 403.8885866823729 
390.44560549370016 259.80320201358717 
463.7006455120681 378.3799719350356 
418.8936095517328 389.60991691430127 
415.858879656703 28.414204377083223 
84.55256993184462 37.039316220774815 
170.21071972935903 259.3795515973316 
359.4821185646977 558.9831094101798 
147.70986788686855 429.0220386648681 
78.43497674302465 217.77939078224648 
475.84339762967784 167.2305297887824 
299.2761781696773 555.0688866936174 
376.0713075521673 142.04996614375068 
414.90380930016767 256.8009209812833 
66.43937261957088 199.26616386349366 
81.51501799251326 211.73322342079396 
119.20910321642253 52.906383102011524 
178.06084701704648 415.76899304437654 
563.3485886838473 53.99896934660263 
361.7339429523422 124.47518470246351 
371.7278523063419 314.9361571831637 
534.3326120833034 206.12567656292114 
522.8626241054656 216.78356568554534 
484.3451173653667 197.61312152859205 
177.0501449900402 476.88031022657015 
519.5980322876911 115.57316261918413 
256.74081474296514 504.0732822342303 
55.312156778984715 425.0648018870751 
70.98950750061883 118.92956192380605 
272.40996745102564 318.1507146717728 
373.8300945137024 466.2705021183774 
310.9183621333877 604.7211423004086 
596.4171990111738 297.37146159951607 
613.3102463113328 267.90526679771364 
342.77865590090227 149.17071268958318 
182.62887788257436 486.41369624250507 
389.02268771764636 97.83141657080334 
470.2387279512464 76.15585257542503 
375.8433097851207 314.0003832675182 
558.0464566800465 53.476020135060836 
134.16790894752916 597.1073712159908 
250.03595414387098 372.35177967196387 
333.79060271464573 616.048576292941 
237.96100497277217 237.89864423222474 
94.83524717989806 333.5982932149463 
56.039522257208304 348.5245099014124 
151.89169608518642 241.89222483630394 
89.49290503306898 169.07785849994136 
510.6692822099063 586.3263999057476 
251.77437988282568 287.3333028689325 
287.0109938178038 105.21530444971562 
95.33009107666511 256.1582643161357 
368.1123307501782 362.55310240594486 
470.736652268458 473.70464555223003 
85.78850512403926 301.22158196752804 
399.0588660558928 603.9690249365158 
241.63365382900093 593.9886987908579 
372.2714272376386 390.0653918245073 
373.91597365067855 319.6413033537647 
46.58840995418306 462.55391754400296 
506.0524238626293 441.5959459690132 
43.54410867604992 295.169696855521 
366.5067327710168 516.3314763795664 
323.66915392544666 210.29510194517408 
619.9545631604129 408.9871213344111 
347.605620216543 86.51959886925265 
599.5593898406354 343.46994929633036 
389.50478334987895 170.6306550875448 
380.2031632901022 564.4151508705625 
517.5513920675976 546.3795298901343 
182.51510248923003 238.34331679698147 
506.4581156753488 162.36583116456012 
447.5427579945831 171.35816444647966 
496.7740013451234 71.38434867613286 
71.90878222461416 270.7284699810939 
565.8505982345135 83.578132244911 
43.29735578272523 227.69811756443676 
525.3095955477029 385.74136522526703 
66.1139347762564 48.867919963963075 
209.8556361440345 29.11603296398411 
517.162120435634 213.49290288456095 
72.27812152701753 538.0258964096794 
21.181284699847374 184.03892642206964 
249.48568323066718 241.69157832451444 
86.08890953468007 147.34234044656165 
614.4172213726596 481.5707237761739 
187.77115295045667 213.71633719761678 
278.6730110476064 596.5665908558875 
444.2655413712037 451.3479348298901 
560.7099337921272 138.44924340684946 
369.1795650725393 483.32915237318883 
584.4442945618869 519.8327419419477 
344.1887500047583 524.6662785529215 
23.106160752869446 247.05233913226473 
600.4581660027126 486.6108798717538 
253.1889206355229 240.2853129737271 
448.83094916929923 525.6563207582309 
133.3377965683656 493.25909979654233 
48.62777608241562 564.5436334081807 
173.0210416521292 74.89074914510596 
554.900755853486 62.62031789967935 
205.82767589043553 25.20114364594877 
433.9858341496091 62.89598620331385 
432.23536981867437 447.8479388361813 
287.1971886184787 93.13852454583963 
246.69230931533951 51.62083147289558 
472.5074728996613 48.354522346078355 
213.85678813828883 543.2431694105092 
564.0577060561185 531.9977092363796 
108.8382501414762 423.8231584089905 
239.34042768109424 83.24922438441328 
486.283594769846 91.29902317677636 
133.89996468808565 467.71332998851426 
393.15234708853484 101.22138248166632 
153.3935954419089 158.8725317421452 
190.02464452486717 388.2168245945927 
82.8572381915071 87.64553485641613 
595.7856102868525 600.4764480489159 
283.019507577042 287.3921817205101 
20.5300522256261 49.612929297047465 
413.507788523657 411.7088042593007 
201.53095428752806 128.23016387899938 
272.7903456380403 452.35785543606545 
307.11586472615187 197.54881469689502 
394.6977553219585 534.6755524729202 
23.294599046225287 297.4320598791996 
191.36790670665405 617.8014364700135 
487.98228585373363 181.1547352479067 
582.4579435588987 477.07321889788966 
487.66126746146233 527.2600789358202 
200.46716527482758 495.93116386088235 
481.32578954705406 330.84741174796653 
212.0143619303592 344.6752827286333 
166.55313029355673 226.63496528462593 
544.913668559552 573.4194603934941 
52.54492896597139 46.14116012757859 
460.8923644558685 296.5859819758847 
254.982485053181 61.32840752625464 
363.79464455317293 496.2844942987505 
77.53983710260309 517.0530185173318 
83.11480209247438 421.9187860165699 
294.89817332987604 204.66499440112852 
422.70393456786275 513.3655771822475 
602.1056111186889 379.10150155540697 
514.4936255686938 225.0685993193342 
445.1258036157491 71.81778215819035 
467.08051334579426 278.39218807534536 
197.41934348077166 201.89910263453407 
349.0154445879036 419.57772763814893 
397.4016231621625 437.6977640901058 
496.64095883323307 110.64690524064109 
511.62091165190384 511.3386111436222 
486.3208154134055 130.59559326295454 
38.5003115606645 438.4370410692577 
260.905500579634 214.22188363362767 
117.48757551371259 245.37312400465885 
450.277162957851 605.9322216790815 
358.456280305763 556.4656439106988 
275.81798203787025 555.8692937629351 
156.2022618194166 143.38980961940624 
578.6455832461844 135.70544152092003 
104.87898348890828 489.1822802533135 
461.4593478452858 501.4453598509377 
477.2156474365054 569.1774644590299 
183.8412893236428 280.58183805297404 
483.36177023710655 601.2186528016687 
300.855179116331 310.9482342231904 
374.20193856106636 67.48778630073801 
384.7879375372736 308.611518292828 
203.98459629089749 60.29769314537657 
219.87670007184178 592.149560405198 
617.1084487217746 354.19039540386825 
509.8655614997227 540.6565044917443 
373.91046508159354 356.6854116426294 
288.2356628066642 612.8198277445293 
480.2989353404077 40.02161703647045 
370.9523327823598 504.4130286641404 
336.07562960021994 106.23657347427974 
141.5730431403976 571.5474862658393 
266.79060097157196 187.9269940599429 
308.5600634011245 597.0274465339994 
353.9734790622324 37.03409805045351 
424.64131956349144 327.15172788148095 
28.58496932801167 403.99761450834393 
508.0634545654404 356.3059631231938 
42.53227577090291 459.6222220028308 
55.58067055482175 286.6891530047788 
183.09237234094905 162.0000887594879 
487.0231229826353 240.51812974858694 
45.0865499543931 520.83338552946 
411.28879969810447 552.0540319933201 
125.65034776879392 261.50035958210873 
253.60229295916 616.7940185505962 
56.44231797940554 141.20889126593573 
533.8845897628217 425.17249669839015 
538.1356299594912 519.581188596899 
436.07732864219014 58.115213134018134 
92.03600324200583 136.01333121259478 
458.2654561095577 371.790264259548 
93.66998857636091 596.1535203170995 
483.4419767615095 448.8995214437984 
503.1870999687527 219.8427146625015 
360.7584843563651 143.8543535902237 
57.41976776593583 52.861415314604294 
37.105369045506905 599.179442168187 
438.4446559240562 594.8263820668438 
28.865285250934065 560.488316227063 
283.4892554078994 345.58092355049297 
173.6837709002404 267.3743891396258 
451.02743544296607 222.4226646046042 
152.10065168518472 247.56137940402232 
107.90767234075057 50.51248212759417 
618.8860629405258 491.65664244092903 
552.3578209039189 478.8082760454589 
333.92486139008906 235.85131806693255 
237.71000955096142 423.8673694365348 
432.49300454687915 529.9110664498951 
611.6895644001523 93.86145925765038 
124.7698980019737 517.8009798326088 
536.1116105076167 595.1475764354593 
64.43023027448285 108.28860823339117 
401.82917056271776 273.73895441605464 
376.1592373427813 262.8686819395761 
603.7764405280051 94.01966279766098 
281.93499252521974 78.3534645322043 
190.95109381937317 507.0465430412869 
415.9215341904194 191.47226114334075 
456.1792085770528 610.7823073544816 
67.81665495312397 582.8240737988493 
380.5067187969181 354.60355679015044 
344.49794578864197 207.52694195909808 
397.0610866907415 90.42751260034426 
389.8109678956864 29.90785729241408 
489.22694952338526 322.8009710178202 
352.34327538074734 389.57693831525586 
387.9793712403361 460.2956823069891 
341.0280319537004 576.2296332345172 
183.21873376551795 320.55333792161554 
358.4208776525637 240.52074838463963 
413.95071499850707 491.32442472541624 
351.49405253765804 618.3538873106634 
252.15524086958766 199.8444028041713 
269.7912143260128 95.93030799626878 
345.1882295206878 492.8910143203104 
170.7868719696545 392.9006894106213 
231.55973333868585 279.8665599181987 
562.2942700096248 190.96378358063328 
194.93229243877846 541.2487400247126 
321.7651852634824 585.2554667141989 
171.1833064900778 354.7539735492504 
482.3256897252061 85.87218793275484 
473.37507307823967 341.5568673236914 
125.39150663814337 246.87239619395166 
249.4763129083336 484.90949397659233 
169.70660681821988 550.0997070343225 
537.678897097984 423.5044779175638 
396.648998523485 321.17168028537816 
334.15355663085694 271.92531019765323 
401.64730877337684 404.9778049901282 
38.08827580947725 170.52795897690208 
311.5519261294997 478.0305313810151 
388.85320789197874 517.0973349457038 
257.80456659184915 25.013075786365118 
160.135702993063 182.62232527360788 
145.24986721938942 356.8678070339055 
225.8894786587508 363.5333890559906 
206.4328110143905 397.76880163765094 
162.94125944464514 272.7461909037712 
581.2257888451036 118.32255068029494 
105.09911707296934 421.8551091844036 
111.62895442468724 442.34032074079136 
313.6058687905359 596.8205738865971 
91.58774517619078 604.5261741310028 
78.78152857444701 179.49356546763002 
261.67106853931057 86.42411949866246 
117.69840573614556 217.32145764347777 
288.4543618248552 407.9684293529651 
182.73273381190805 193.57867406141628 
318.45068989650775 401.98065368456196 
545.836482404928 600.4660244205916 
346.4341469003502 348.95714718920635 
573.3730784048871 367.42240008658683 
87.99899007229078 499.49095666155716 
356.36100664489766 546.9926992358276 
596.1984186863385 61.671658080621945 
110.96863644210231 610.5955855799332 
612.106645220937 480.8069944236945 
614.1045078323683 256.5349462355076 
589.1481047510744 188.8100512517639 
288.9464015936198 582.5986751412204 
481.0374451730347 550.5957093445425 
305.2531899397815 425.5887682870734 
333.17419344333854 284.83011589843653 
409.3032256036724 20.12608446645752 
267.335673383513 186.37692697665327 
148.30275210075555 279.07401262575064 
199.51204788049813 527.7840940172057 
504.10850863448337 547.9243324668345 
380.7272264372172 67.15489791417751 
501.1079006764367 235.48938867787612 
400.6893276188366 339.74707947393136 
303.10065487213717 273.2440129692501 
444.11449546377173 460.6436580029141 
264.025736107434 505.66125617541445 
339.56779963809845 215.8393270618768 
547.3771995171849 63.885378010664034 
490.6649960506856 569.08611302048 
79.15275974147995 125.08611650644015 
529.4788017117867 461.8421183918747 
349.1788083256576 209.83776965473513 
81.99368854017094 333.66690594112896 
525.6557018024955 319.86696376377853 
185.45249674401262 140.4075645941598 
497.76692171272424 368.5128064534312 
447.4391719939588 197.51896396720647 
411.1960766237423 506.2432406819461 
386.5408688990649 125.86203737783204 
411.3952088218804 93.5712306762949 
344.4335327790407 327.3238817894329 
259.44849643750047 423.714663212947 
509.234492816137 367.60335808805206 
435.374746623051 247.34359065095083 
339.965941651654 193.50598461382404 
493.71273925092567 301.7587304566408 
231.97299097259443 62.09182075689182 
186.23294639134932 196.8446822189334 
213.14005745403637 609.0201916546531 
616.6195395156437 560.142013822997 
210.74932671727686 433.4348748042534 
441.9662677996243 93.3815928446405 
578.8251256652441 126.73359515683573 
285.93017758700813 142.82517625240584 
525.8077765116436 222.56557914756587 
478.3866356881816 135.75576411981268 
32.400892505437184 495.4008041215708 
186.42974727361178 385.46177066787544 
199.43568419677362 385.0148590126983 
151.56161762620394 117.05848704790144 
115.59616919074286 474.23303038349377 
597.9142937020354 316.49075060389214 
484.8489481123889 297.27744474668305 
426.348348853827 155.06044254605226 
403.4212653857674 506.0609662131761 
359.2715041020964 491.8227421857732 
226.1712723603393 171.77160439095888 
251.02128060079235 506.19472837115734 
212.1940459845967 549.0913059234736 
128.65538513639078 63.12009981125657 
389.5072045642911 380.39258507851457 
277.99353273460883 163.13386867864614 
28.659883911533605 367.2571484081874 
39.754519972426635 579.6706695384032 
65.10882154481932 386.65985713224853 
530.6321591922575 535.9604441157963 
560.205218368932 179.1620794473615 
454.15411520372226 23.855318294342027 
440.6362640755807 586.458058046533 
116.16700880070881 116.93141844548772 
306.1649375791937 165.61800083444166 
109.79185103091459 180.20922443450925 
245.51196425837483 157.37174811068994 
484.6934362961062 228.8364165102549 
350.2235457877955 335.7767018549478 
365.5074050627737 38.07688047854859 
366.36869515719513 216.6138122714923 
534.2687964863925 556.9495288535452 
473.9099759465462 451.855249112582 
241.68580619931896 127.86089295949313 
533.591241525594 587.5477362224535 
62.10253827309547 364.57502297779206 
91.18625818344609 312.4550382405791 
556.9944353127506 90.86453915309212 
378.95193749652236 74.80356449492858 
461.84018910491625 292.1866974887511 
104.12986971556415 94.47466396049293 
61.21388283257266 582.7279778692716 
364.3399505352363 547.9875718434639 
566.9410376381408 240.16111605456098 
579.7098690229437 453.6164877890126 
64.1624888913191 210.45833335279724 
481.58419989656403 133.9858043875886 
540.1495816591006 235.10440378479652 
547.6567651097062 283.48700621081986 
460.71467778959385 403.0534511274644 
23.370173337084715 417.8612178187974 
309.0606473913659 379.7730217719115 
219.42613526339613 233.29089861808424 
51.91299290310717 515.7194554239173 
525.250387272363 352.3446943046722 
47.77844393822551 186.58805934918885 
528.2559957829184 284.1189204194824 
262.173899086936 267.68197855099413 
178.74865578212908 575.9197369244656 
604.6691281773593 594.743468748294 
290.3179480268062 83.82946697515763 
552.5873749287485 213.59124549488277 
415.55807458608854 439.5009891576421 
576.207313731493 570.9079068803038 
286.962023785901 540.5239290570254 
230.310218855071 548.520803639712 
362.83276916419317 41.70635143761173 
526.9162066203025 593.5204658721565 
168.0553238577572 374.61574595710704 
354.0530646202491 346.5600987752558 
469.5734114917225 372.72302110608484 
255.40161346272913 120.6800107265788 
476.4143917082449 529.4933127060876 
35.66125369959954 533.0007051667719 
604.1064293932526 66.76722778028287 
206.47954059775492 141.6283520932534 
493.331326690698 540.7765134143282 
37.78937236177192 90.1164019119505 
122.65706497770582 463.1376149591726 
129.39771045907304 311.82715133321665 
605.1936681150463 364.1670997824046 
167.66952047554685 196.53691230069597 
209.01607204810747 75.86254055997418 
82.15065992752311 571.6285891689243 
491.19798311170683 161.89275831897945 
366.97345063186884 400.21546263992894 
385.3002000075466 371.9409968716022 
481.88877381881343 348.53977556824333 
32.15731475242556 147.74496908401846 
397.7683227712583 324.99006666609637 
293.80652237586816 358.17734215002 
301.42089140831166 443.08085168853825 
240.40224455891192 190.7105889021277 
224.56627548227794 610.7384953122531 
449.96034616654475 76.6097768002816 
311.8107676248523 98.23694928374077 
310.77574374284995 77.19719927914566 
192.4677379751325 387.12715087678527 
466.35701951845994 108.53253285282238 
271.06727715485033 352.5038332308172 
92.72189811390624 131.85219667024825 
101.39849614144548 580.95350137695 
447.8973827727483 387.1118616706178 
558.9283212235871 176.5272852901624 
483.46815349821384 96.97562062921936 
476.44050822986594 157.0824282447557 
458.0170731010637 418.59575283198416 
157.73855775307285 93.33627827375146 
242.30154211321343 170.52676007202152 
334.25643884506604 592.9762414960177 
156.00947257890363 612.1174065407647 
279.4207447901151 382.16986462512773 
325.93850097854363 302.72451530292466 
145.60801408814126 286.8183936650332 
105.44246510687874 218.09239250867293 
138.54105930280656 165.89784646645217 
444.9885103507481 451.2414219258784 
93.9680324355257 199.2311294333351 
253.66897088748922 575.2097232975627 
171.46791301816197 82.03518687947962 
141.51145830448263 294.99158251028615 
530.2262146407029 28.58666415082463 
82.43113775800194 166.01646214201182 
401.6246989246922 437.35013112802176 
487.6687716933589 506.51217967575235 
123.48873619652079 219.9122622881978 
129.55839054510477 381.0962631132249 
250.83621363005997 546.0661316992141 
105.46830007937758 482.93887904983853 
407.9715630575173 507.3889788922014 
381.75915515705543 91.8415530516116 
96.76883156973886 151.6575101083609 
207.60292133851482 35.57487622966913 
225.9874699228491 90.44424732800194 
38.50635129064038 331.8195117302318 
76.46448024050844 232.23885099700905 
359.38291811629233 538.0537620909722 
167.02691542341057 343.4380853209004 
147.01665822329136 186.73179213458096 
35.96827787798545 489.5481508759941 
261.76208490019644 433.09608574515073 
502.9325730474669 158.94320092934106 
408.32348663513636 392.9679585069724 
326.0499721589908 421.5237349245019 
55.45765958626195 397.85977160657535 
119.16757591933 424.61869893587203 
54.44375033829699 544.7527628549227 
144.01917545840354 78.47490161201223 
46.16387837414336 467.88409999745704 
342.1777034188423 533.677678228703 
96.63837979890779 409.8870229950771 
321.6342401983095 202.84634431695443 
150.8593730377454 219.62764915130157 
162.84710283996992 428.94845642330597 
44.76649251523484 254.08242846810526 
59.1049933365145 252.57628288685243 
565.2083256347912 511.5998186353377 
556.0478545425401 80.52962288973451 
197.73351976523642 473.88996587053066 
505.189128828745 608.0483543137879 
352.0552599559246 484.0862158238635 
196.28332248259528 297.0388084269544 
205.03281139628984 238.22212006568535 
483.3824324081238 262.6373474618024 
251.0137871080796 317.46771319753236 
269.42518730335064 370.4552565208026 
199.38123274714638 238.46887362553355 
264.2026732790291 496.84849127359604 
409.1488537269316 449.13333293077176 
80.54425586407228 54.55602184198958 
600.4484094852905 247.2074016853499 
483.5673549503195 436.0506853768259 
532.7529443236157 548.986775483051 
557.8350427365257 176.94607761609143 
289.67965165214144 185.50554714787293 
107.26507039806519 391.80340933945604 
360.21593825237284 353.5468380631578 
352.6340566137703 384.6820412928883 
56.21277596316814 198.8190628258871 
341.52074318973496 86.77733292589781 
155.9887062357399 258.64143239384214 
435.53186762722265 323.4897465028155 
213.8885715530587 41.482517705222605 
389.65456234485686 463.26875699404303 
325.6405045618152 170.69548340877043 
88.57893322024444 350.57549589763806 
489.35505668744304 469.79405061245427 
354.83463328389627 375.3077375116954 
452.0101088390697 516.612489834725 
193.58512446372922 281.03107087127097 
81.26546832663755 343.6938505878953 
188.92343874266652 464.3599955104118 
452.45066495696113 312.2498673584502 
316.5130913944852 67.83258309736327 
590.5700158338519 537.0363773749297 
387.41802471565234 118.62261744710139 
557.1683332482755 389.488060967103 
87.96524832934503 315.4329130737908 
121.9013854168121 556.4562460297614 
530.483933779989 415.9133984518872 
408.65463197587695 81.8933683477782 
379.76467866834304 526.9480530687896 
456.0539908324522 168.82807516492213 
170.08286344835454 150.15402068720996 
582.2125829618826 268.9745414013339 
377.6295970887419 184.93709965887442 
593.5569301215382 337.319838380653 
563.1941702501817 241.44696400016073 
227.576583363336 479.0331166966852 
449.9417401688236 565.7760880835218 
369.34079589472157 166.04016144865187 
351.1299647313322 29.7461443976955 
131.62603488682103 550.607497217308 
312.6083680467105 387.62544042885116 
38.49812906364758 353.2792299720566 
484.9441147669669 152.12134739995557 
102.19269020887853 552.5108524551785 
590.0181051019831 591.9913182129467 
333.1376814200103 253.34352656873457 
96.93490237775633 303.61634451298625 
572.9617925981498 462.4626267457742 
272.090507901385 558.8805888001782 
290.33242000732616 246.98433946335004 
418.24148157092634 581.7008403423486 
329.4669685061104 504.3139642981763 
567.419364878965 455.5496783357691 
351.16127775577604 120.41989496671353 
242.53402544743045 114.31606706334186 
256.1788150118654 43.86672458483914 
452.5097411616989 418.84702062796924 
230.84460120628387 352.95141335575295 
35.79771009674504 471.51425423560335 
204.68729387971717 143.28636078227998 
417.10880877372847 471.1494014911728 
259.9734964895074 613.1727707593728 
592.2103430543065 360.6917370336218 
82.97784729288375 474.10854056328157 
305.63041304538433 269.8919526808204 
496.8327293429177 563.7739771565755 
