372.79883622067234 171.65845616537305 
29.74937543860217 416.36626195302034 
221.8073239407579 179.3187648299543 
185.66474575369224 460.7374253302543 
258.8096707097262 87.93179548564366 
149.13267958126625 20.869447437356683 
166.7534912371355 73.95289521198217 
56.63205374021129 311.95311081186594 
156.95548307741234 222.28779674484971 
335.3420878221623 500.6958710355644 
22.580129995840682 412.8477742810585 
171.91947282914916 210.5445790651001 
120.85989065746848 487.89710494958354 
121.9311236097107 160.23963024249647 
239.13492467562708 436.52086796269185 
377.5205074786551 234.52846489671558 
424.79058873334134 457.54120472984357 
335.88571933513253 410.8666602344711 
484.17070638555265 387.21022468453026 
236.14749780807037 90.93463901429388 
480.5447883760776 103.00760932640756 
257.18527451253794 10.798216075595326 
186.20741196819105 139.8711327564991 
94.0192758574494 28.541093898408356 
68.78769397888772 380.18809532847604 
155.31700418145977 213.1973457263264 
16.847166598547727 303.8759669248844 
149.60202452520426 283.8121203629 
134.84410617006014 409.8801209973255 
452.74332048680265 72.4586183498822 
62.542419118164595 45.41712351752491 
274.3032609527765 310.03951030764824 
398.9432283353204 504.291312691974 
265.32237037078636 158.7009030255338 
435.81731264363873 380.6131298617888 
335.1189331804654 39.68694585132137 
30.91648675983232 289.247127430276 
69.68169584927163 430.46329100103867 
75.94207810800779 189.31782739249724 
269.2336188985411 429.93744445894356 
139.34856183022492 172.10161335435203 
247.54499824601598 15.604150308342604 
489.06061092248405 199.63269177973024 
160.57387472241828 41.443997900022 
325.1815073620669 405.3513090785443 
257.012069714796 150.40327921493778 
177.7711897803454 193.1223161535462 
68.31473971717782 400.2833044543945 
49.77199903098055 495.95224839228797 
180.79181381829795 26.867244192554807 
10.16024447072488 180.73296429335815 
357.3392702368596 393.1126353439915 
67.40172308326697 210.34010384550854 
401.3884110431337 298.2377496662854 
278.28932543920064 299.4142943648052 
280.65131842007105 445.52979441231867 
172.24084199610732 425.15346549125684 
153.2405808222052 492.7032369845217 
196.1351372594463 179.44416752244075 
63.74135690152776 233.6362492827575 
509.76468237366146 73.66021380738684 
201.8140108449352 85.31350771874662 
86.98278130226271 32.45661215875511 
240.9054056188783 178.80336321516697 
202.62342528693642 437.8870501272129 
399.64687542426776 478.09757618414056 
10.272002711024399 210.17291772249908 
493.5172060011368 475.6417537378187 
40.96499649781093 36.4521436009516 
369.34849879979174 138.38454629003877 
77.89667637683067 483.8358171281156 
240.2533631419505 403.1737966811176 
487.211100687861 358.10086861091725 
63.55115220111822 145.32768780888338 
209.95734937413516 294.34680618505354 
229.2717651567958 169.2091750302697 
245.2863065597295 190.94473322330862 
451.81491389099443 394.631581678509 
79.96694043969349 223.1066410251567 
382.34298542617125 37.923707290185284 
144.30032809736093 297.4033533902652 
84.48575237563809 211.482449821762 
499.5095257143119 433.55889059354826 
140.9349024180744 490.6411238117822 
86.68337905052225 184.8496703425792 
283.5066576936482 121.68155399945363 
492.3523411325583 333.4366149835259 
64.25045885866753 169.81810027878245 
310.77466397354397 221.95811687512924 
210.18195116865172 30.98175682890474 
308.01075931656646 207.71224039598462 
429.21841496481 356.23235836519837 
217.8640765987978 350.7560715264532 
59.89463578994635 62.62718163814695 
124.76656507418787 72.25049288762423 
82.43743473987463 229.37388199228087 
13.686841049299506 144.37838086033256 
133.7769921121047 303.0960419362956 
192.1391830494955 498.16446913903945 
294.0730694738828 161.0393125148662 
414.37145724359584 460.5249535746781 
37.33418498025214 206.04650266435414 
162.8101890764743 156.87486286914313 
363.7080445046017 292.1293999025402 
166.84071579964674 440.6215791746206 
256.0210934225644 404.46580791973827 
364.00083328970817 335.8722835659884 
228.14560709573277 142.6496328502006 
133.6657638112514 104.68379612116013 
357.77216626959955 181.0223808565862 
258.3027500807058 175.18267870985932 
321.1659391574839 504.91396958692104 
192.37338913508157 291.88388768647275 
72.48451584201138 346.621167708047 
343.961746866448 374.53596752205027 
435.23582479932776 369.9516954601482 
199.20641515490354 196.82106139522736 
498.4539852110327 277.162050841903 
244.6147573518333 121.23772605184973 
335.1713082193381 137.11739611936252 
267.33718739653716 251.49471146907507 
185.76455038488825 358.50137182771994 
238.47992575840814 488.74397203050387 
373.7535840739709 356.904124530297 
109.53414826826173 102.98076799960204 
346.6306066610098 89.61665019720033 
476.99974378828637 55.93920222906062 
359.2979303384864 256.9595420275882 
195.28169736705436 436.81125578432454 
442.6925899041812 93.97432280909794 
142.93742286248224 497.1173954727422 
425.17582894433383 301.30536495669514 
472.35295364576046 396.056932440567 
399.2655937491944 289.1007236108195 
297.92627439094906 392.6662607086186 
151.29017361065988 32.75980770599057 
402.83582549783847 346.1130467754149 
196.5411429155012 464.3561138069092 
169.4723253170311 10.454547587356801 
187.50362819987657 448.5631897670901 
63.61211681348726 235.18820623587322 
87.74214871089136 16.91182576435051 
127.40998639710465 307.9225126913034 
129.02007226735395 159.2067030981269 
61.289791941736105 300.4964391209059 
194.23086418497238 95.93059143520159 
99.81084399592382 404.87547062838524 
393.71921203633224 80.4642243059736 
11.58831387682018 370.15231371961613 
227.5701332303865 404.9499547137258 
178.34563127702506 276.9805454758269 
351.4443009187009 408.62735418663607 
333.1771860540021 10.769192606663472 
88.53757972918373 412.4688310579524 
163.0992707547727 419.96645493562204 
455.2429807575141 128.94348718343312 
105.96755991909856 270.76064817194964 
93.09310554809257 220.73717339747455 
296.8390887908827 234.52649483982162 
124.56125496711472 307.257063499864 
243.85698650280813 269.3449611534774 
75.29933602952892 342.74874060219366 
438.73607165026436 381.92460852163975 
130.39057494441346 414.85391818548754 
231.92730082396983 381.2527729538974 
117.1953519797595 137.43706909484894 
427.5393903588886 360.30456712941 
232.36807327893803 436.50880542590875 
178.09561304471939 267.1378433119696 
155.62341385628775 153.074494870429 
384.2038926151685 51.70233911448712 
317.8298729811354 11.735930398809316 
429.21842500399566 499.69096175771284 
216.00890539716886 128.87432650530445 
203.970811349301 489.7615334090965 
292.81762546582934 359.24276809279485 
501.6489131075904 35.456934620146754 
23.093366307094566 404.7961579802102 
487.90158934773405 98.15193492058104 
475.03803514696443 234.58688224170552 
76.24727699190247 282.354725818722 
238.62061027495696 489.5542654377224 
163.8648013163052 149.69129252953027 
238.77562023808633 171.03591201245365 
307.8442470936548 12.900784966051006 
75.97605125747114 36.829173555908525 
46.97625906373014 196.1700503926953 
161.75853466991367 253.63068546819483 
199.1577175979613 373.1353504403935 
41.779092742535376 479.68232820821333 
89.49211726621591 218.87940625559077 
423.9775517078408 176.45146353212343 
289.1624935888724 237.25202172582866 
54.42866567400511 73.17388658545347 
70.15528156171307 249.84228326756184 
208.4581757417576 333.08729582543987 
405.91314122652875 157.9304110303107 
189.60187405968807 95.18365085695211 
472.99477997238955 213.7476213559567 
353.98580401709086 190.3084697530396 
233.82004898434167 162.3718481045737 
302.7057743395924 455.43511184320016 
305.5783472497767 240.58765660856972 
509.78415064861355 194.94222047498604 
445.37849505523354 144.03833570227326 
278.2823145914595 462.722591524175 
106.71813646091005 198.99840100590148 
42.146646069669885 463.95133296002825 
147.35092581790497 100.09452843865562 
156.36633299074452 500.3416073178942 
393.62948703494897 200.30318466749497 
443.02106151126503 507.71610178245146 
391.4023373297106 464.55290268581825 
385.79672355846174 359.72223088649866 
298.54290945775927 323.2594357009915 
490.5472430270216 236.5192947596804 
499.18874867027057 287.1219796688207 
454.48072821870255 482.2656761631516 
144.76909662465187 309.50841080655414 
411.5479364375497 500.2342359146367 
451.89884536691693 507.75778430187 
146.6113290887944 359.3839489616914 
212.21717419282587 479.7282230886554 
295.9727516230067 411.2160487410419 
94.24875192377934 76.9182827195513 
176.8377968814535 340.74264385071444 
442.3659552402266 120.4898876784578 
13.295262438553658 200.39604859579612 
402.92987012457553 171.52107789987392 
451.38935444073945 100.70690691854044 
332.688441374688 91.81655280485006 
380.86326087916257 356.57919853675565 
69.50988369194582 256.6041882904909 
206.1518995324571 12.990404241575872 
270.5293206989098 405.44578592897886 
334.20205000977325 298.9447142875855 
147.78692557803933 242.68986845989775 
271.698014131713 183.50760525517174 
56.43568987397712 23.795060228597666 
349.2709283977031 332.7498295055584 
15.596784951773737 488.8516990163187 
215.26988395330787 391.4289675197515 
366.9408698962624 129.63033339881358 
366.6728176185355 138.23662822004306 
401.0732842679285 401.48469619983064 
109.71556408392773 188.43943638943315 
406.8013342141614 116.437744846265 
467.81693970322954 42.7420226727771 
223.3618077916195 378.7785640823039 
179.3781697583327 406.19995783463077 
500.6867901628554 49.498442452600976 
53.03466746103079 326.01091753811863 
497.785933149382 350.8941303533549 
72.9383387315386 322.0121720566984 
374.32333548600536 347.66652773139026 
271.6485290517316 308.712392885213 
55.46712492866845 165.84281295540632 
13.20975290544645 232.68617241061884 
375.0898054283751 435.8501752578159 
453.9942736750237 474.1590735201374 
327.39767286498517 71.06930010708045 
73.88776763869214 186.61151217495984 
382.06718746480516 118.19576618367205 
295.39608405861975 373.2296213780898 
442.96666227512173 40.73729097802386 
333.2512418719751 124.03112761826235 
155.54119679779404 421.97527798153163 
42.094939470434184 62.494354690910406 
392.9391071216334 198.71841249916193 
154.81740888138188 175.51862812198692 
375.9579492937521 162.17674042828094 
429.1300882766299 325.54398275406686 
506.88819727980155 87.28419682438403 
344.94992549544685 368.658532402214 
122.33280263844387 476.7977615533109 
120.1736337708219 427.5214376666499 
495.080686084106 31.50128708172333 
437.41999174253004 492.9296929739679 
40.11228748052186 82.84227628826667 
399.3182369997267 152.85687382489675 
304.815369725434 349.3296143690003 
354.9207160171578 372.79186787997116 
448.48912483786273 503.0203650814541 
364.81799991519415 376.2058239933699 
41.21473673012271 157.42388499534653 
197.53443146739107 298.9753838044744 
137.1705048553482 13.151213257418517 
374.7823984674598 416.5903592168901 
202.46970928973883 22.638031516612468 
408.15328770347844 367.9739240997754 
102.59930281383666 60.269162692921924 
494.8234034753607 424.7434947170922 
479.5375174197884 209.232854807366 
64.85287568392388 479.7404454507161 
473.62858629290224 401.43293404041486 
197.65568869067377 53.65667413554103 
370.2926798703253 271.78686834535307 
50.219031065290736 243.58627905651335 
376.64914154115036 213.23800087255117 
64.64996703477365 162.3303656510202 
358.1311849207149 243.81006531164837 
347.6277228834858 42.28321143895679 
490.17018669217293 422.03195556026344 
239.33948108463827 302.7277960480242 
405.0276885193298 172.06103691488045 
214.47810579761716 504.36888387839 
38.85317124330544 504.83313138000995 
382.87958447827026 239.93182646174643 
509.04590485681973 246.56708058637128 
482.3786576653332 134.65512677257578 
476.99872512712034 10.952350465032392 
381.4604552177257 255.50492882136865 
76.30212604302204 276.34746568425504 
234.28648813131545 352.93957537044184 
111.48667914456144 54.31767466604525 
55.672966946782964 484.0522965192642 
357.3818299093191 260.8397859260599 
108.59970274492935 190.9202949345161 
414.16933929894304 26.50240891580601 
121.82761762041277 32.9880855808256 
198.20942436521625 307.02957363839596 
480.20298279451464 397.3135904206951 
273.7177058317194 280.4561522066004 
155.22665340179213 135.5047528073035 
355.3711469355917 142.28284427291493 
268.4662132202509 201.17497459831367 
436.92099086260293 34.93905636812549 
305.38930210518373 86.74556912275254 
125.8910412475227 472.8818952887948 
122.19626663901904 483.42314187361364 
389.4391254349364 249.6590728536422 
13.230075206487882 213.18022244340878 
41.46011104952568 438.2642364671722 
231.54192485480516 106.56718250989998 
426.00846830786594 221.11248183233212 
480.19028370778943 125.18354359710953 
377.11854372979144 410.96452872294054 
16.851889425874003 152.63687705690248 
160.1006308136381 149.12740928992395 
139.32257041551276 502.8173664686284 
224.39108156451192 392.259825711849 
444.48598932213076 319.31613431927684 
223.03438425240833 424.1105742814596 
378.3287082266355 164.81553354679477 
378.8755667733313 253.51773452800091 
219.5793807817043 224.27949463314965 
402.54078766030176 384.9971210498777 
264.55039247676916 170.77198354346368 
292.2845225461785 73.24788664723275 
105.76001876352419 367.73184373702895 
470.78127145511525 297.90353973570586 
21.91322479049206 206.53199186485122 
338.93993022896655 319.85640991727956 
121.81918020376452 503.1512068519195 
451.81906811514216 305.4837539089569 
509.8237878510972 502.7865453087845 
146.7210946347378 130.1035915845315 
365.3350875049277 166.234634146514 
78.54355403215435 96.98836374735808 
454.01991912317277 36.86980255909194 
242.46563100786884 433.2646466757045 
213.24974029098735 112.04730052203992 
189.04788624344303 49.02692192633533 
179.37398608763067 267.75971870822974 
261.8236071689478 170.99358800913603 
149.39877288936546 410.3746371775373 
312.45962484382306 87.03339495765161 
94.64941258363179 154.28179282995222 
473.5648222138721 362.89026861621966 
468.9945349801298 449.27767004421185 
194.22459812263094 17.434806251412184 
179.21024391586204 206.515905074413 
368.3391286349101 267.7705034407223 
110.0621979720252 96.85139000021891 
10.843827886493342 80.52284855988783 
221.6838736617387 320.40632896737293 
61.88995805120733 390.6393559976609 
361.82908454572566 271.18635230626427 
24.063578297799474 474.0287750022515 
60.576898650933565 145.57479597893618 
262.7209574164831 85.36748940890037 
200.06704627566185 168.53330782163593 
424.5185468553298 97.40132652635867 
76.84405368844077 236.33679490103907 
54.21570962688237 503.07076435469645 
499.3880048144246 399.6710336387311 
114.82820124233156 266.7878336433134 
188.41036385692843 235.92086388982108 
241.2106689141451 136.19275984092965 
372.4926156615501 284.4772327509159 
182.14619871210496 150.71839185197993 
96.64630205682833 343.8911322179095 
11.021091231964755 208.29067499273455 
386.37203589023534 54.70260333655829 
310.1629364398755 176.49321133628104 
34.79617902687159 316.77289939507114 
158.92018687824472 159.5240940591751 
405.46282935959795 214.9479845269752 
380.5612663685632 157.2730552536028 
268.35959820700634 251.88138949297084 
128.07140222099417 477.84711009257376 
311.75503548950996 311.8446717905517 
13.925303767935095 389.87283739482416 
97.42604622421413 404.3535800912 
113.91375974734906 125.90339379527315 
351.8532712128477 361.43786095483887 
300.10234068301 473.25833078719603 
110.96261527593364 287.3832213285736 
483.00034211739387 313.6244943811815 
360.99105609496087 184.77313518495424 
468.0179648545553 97.74595371245758 
443.054853685802 305.6589444768577 
256.28999845388137 366.5312048140398 
113.99821533404108 401.6861998092497 
244.94416431954656 54.90576352535053 
281.1007185546821 172.00546376221854 
406.8920009216576 439.73812925815105 
53.221379268839065 332.79564520012076 
155.22071944010557 218.16753533795045 
375.9576938369092 357.22797946781066 
222.26396824646838 327.66127020234654 
143.39767997657142 59.69888299627817 
508.4296178653046 244.1299441962684 
304.0430105118243 323.15963703118314 
480.8628587327612 119.42879544467343 
103.48149967469271 393.3711923365464 
327.02257810751416 244.5729289802172 
231.38693532297964 288.9121203676004 
193.24912591273957 449.99498866309256 
265.4244162128558 500.7678798304804 
463.4017972172937 179.17308529004154 
429.6393404265636 280.3294576503729 
157.64390644151004 96.95721593412343 
309.9081929181585 439.6296091451539 
156.45373256701933 218.92231456191956 
294.0292074970484 212.64478250316864 
79.93943767870702 173.07606093633882 
129.0309804317386 351.4907847241208 
277.5360332272488 330.24948726886635 
113.27738293973438 256.34041195746283 
508.16256712085493 164.49863256399948 
65.94654799749443 62.8911349248708 
15.917632111693937 329.8452729438422 
341.46243147329017 236.2108947231289 
331.3913499591773 64.68492201624825 
281.4567416433151 344.7903343872974 
253.67190575854275 160.190118398613 
121.83961415931942 313.62927936662055 
93.12482044452923 354.0373173952834 
497.55697926501637 80.18588542530391 
380.02300978155125 135.7852959072684 
312.61292009843936 202.0164496598431 
369.10585137777673 75.23330189054222 
367.9349278993031 89.93395669303582 
295.14529685864585 410.0871368383946 
264.66037903557935 165.51363513313171 
459.5971725061388 254.26113810850964 
225.42227005350156 366.773473423671 
353.41589548913413 413.14432780132387 
101.21233077424267 50.858003700080246 
146.11049939671776 417.1587955931825 
456.3996298725761 467.55328415212466 
496.12040109074843 509.93839969162053 
249.48292334592452 102.46140713473555 
262.58874671018646 452.45600605318975 
252.15460326407694 313.6624523504431 
323.6116682606533 129.4272867012231 
474.2547170001052 310.69222352180316 
331.04144135863083 69.31934571273118 
487.1928808051475 149.66368415175694 
356.92176753034994 114.2920409749204 
163.41639028952886 43.36038236154104 
11.633220063549434 101.40051242439728 
474.5025863661713 410.1298884375027 
238.82706563628614 41.38663213264515 
115.45358922896142 210.40542704301996 
117.22545974278275 406.38777146683924 
347.7716265600915 244.68381340855976 
124.36635107507392 262.8909471415846 
78.89289345039457 211.78778232381367 
442.37097739643866 111.26039493864386 
320.55827826011273 451.24089747604296 
10.812232186024332 418.1668303506258 
293.69891798114793 418.5831038815391 
156.76198948161755 453.24635924402537 
72.41481674539756 67.45513703136446 
257.09549856190336 166.31731642403668 
284.62453201841805 437.2797583660208 
13.131029027424681 466.4830808782065 
11.964262705855202 370.3681610853715 
42.68274753642464 389.4489406903848 
156.51418352440325 407.2794451279498 
119.60515204110449 264.38132089764883 
166.93037849118207 34.261427094881604 
15.907026154027495 116.63720513778956 
141.56040042251936 81.60091864584456 
26.513124006203974 167.69220219577795 
451.1206118556409 196.71147464668124 
381.75166371058543 418.59513672557244 
148.51337526244996 440.7868675306672 
377.64581371547195 428.2773656612365 
58.36230384825274 182.84835993356774 
179.08720173278675 23.045016243402372 
63.843659431062285 90.01387932758148 
375.96971620739845 298.58218698756724 
233.3919634080168 137.81724494540168 
497.3614996272847 400.7932069374197 
54.85805259086606 189.4055767965259 
313.79356382820094 196.81222922297164 
169.69764964235145 317.44300353942936 
382.74284091097127 72.50808662862983 
124.76853460911323 167.54880273702653 
417.38806639745087 217.81271871859585 
284.3145325692711 287.09807163258307 
183.71633432031092 386.20113175233973 
169.71437781327913 468.2130507976313 
256.05879910379144 239.65119721224713 
119.57355409220382 278.7733366247935 
86.13327824889465 15.41115704392775 
287.7373613418292 80.27290012609905 
465.67219715255374 375.9033016187664 
121.80317803157868 456.3522262407962 
87.71378281115021 428.0915879363679 
89.71012856846438 100.83362149840507 
36.63471304462617 23.6416379994444 
46.98431489485821 339.0878217017883 
162.0024222894995 76.20096310989254 
262.21762426991 81.55996610243587 
416.3250061014154 257.127798139255 
243.35836550566395 133.28321501906436 
361.777055800704 55.996477203989805 
132.39174192240932 408.20797678888795 
175.97936912686671 317.207529907777 
60.98837231612213 222.1749055186623 
111.91078265378562 489.03070897805696 
484.6989687853732 463.3599596251141 
492.03020966731805 446.40895337038614 
138.27327467713974 64.01932872927978 
441.68698397074974 373.85145668961303 
379.6813305207021 322.3626567301081 
191.8976864520266 319.7440051889404 
315.4153686494501 248.38255861165226 
406.56752880120547 158.40465461303953 
224.65025164287755 232.46845275256706 
114.23444513501285 321.21290642099365 
424.84077391504036 460.6331048982973 
449.4140515986272 283.1404861828468 
346.33373785646745 125.17970067370558 
33.623509217576945 416.011858608504 
208.5731648339929 104.63780926891535 
451.16246124573854 444.8225931786305 
315.4765561807881 411.7962377153393 
399.72925537097143 368.44375581448867 
112.56048624996761 333.66091859254334 
220.9504245839895 331.04036232526414 
273.3935655986255 312.1660205727211 
140.901603544391 55.53211749859326 
207.95489618819474 239.4662719065257 
175.69810384389888 75.42444204523163 
10.476224306048323 466.6388091916153 
282.2331722638295 126.33806714292987 
489.3457976102368 449.6225303517872 
459.1419728876176 183.56522486748793 
46.65216552989303 81.2230667276718 
128.0697306726397 256.9805242662494 
299.9459704013912 383.011684757697 
250.32172343958354 179.63469409890985 
463.79791269343826 355.94593040178063 
258.97366046644476 251.35941238606 
133.7309041735708 413.5405316774283 
11.520332085784727 223.71110949240503 
240.10471530381565 446.41630168017804 
93.1406326133653 237.5821027208213 
64.53112699269685 192.0554196223281 
425.6572992175006 449.80704972703046 
336.3975763416729 208.59112655982264 
262.2692716168565 210.09289619182712 
52.07782432853674 376.459963746783 
273.134899732039 274.6004503469617 
284.40726626212387 476.7447132221372 
51.88410906966733 167.50567410993798 
375.0014315773127 20.03604563325672 
498.13765038143566 426.86884950085937 
26.995565750853594 124.64123979201973 
156.1115471021503 96.13969147013107 
440.78345720211064 367.9678038795649 
214.38487083453515 447.62665894240973 
260.3336813560246 159.91037397102676 
496.9090068135665 49.25841227102933 
222.6613614024459 312.0688427310959 
400.3363868812289 410.965665183003 
28.03359930269538 101.62597846769671 
357.74714620238524 72.01156939863489 
73.48660579698495 253.7125134716564 
33.85131989949429 115.59860060907006 
317.23277609581373 391.0879879066914 
81.74527053015883 222.08031123852498 
166.5357958883269 124.96533190287556 
416.3000110140093 497.1058329928484 
406.63181200920496 85.8073938868184 
84.25981963497414 436.02543874180174 
313.2749796397793 317.9235430880405 
436.1291358256975 10.885192023030502 
216.48529745036188 86.69437171554966 
429.9259806232529 491.33881117589067 
408.07704628477484 272.2527998327486 
21.87986442588118 235.80494403116518 
410.5457986734232 148.44948549009868 
224.15247436867622 314.1978646808352 
249.89226634712125 470.930906473604 
34.659159827300385 448.5598590344572 
499.9609493127272 423.15804975615464 
69.06938543307265 382.9232548069561 
490.87191699273023 94.19384776708495 
350.06424088902963 418.7304036225779 
199.12365146223226 287.0876440189818 
333.9291955967512 477.13960440742613 
461.94513054856696 81.68468937136002 
379.5601315041971 174.54510811726092 
283.4754347295761 200.68870932636895 
489.96089061312136 22.639435116855058 
125.3487240449495 352.80590498930644 
281.3103593804392 489.34597016894173 
199.26293973716346 351.798275352203 
259.67725567159687 281.95013712956376 
404.1102742768112 435.2745527527353 
110.46077088548061 338.75707732966583 
175.24748509208692 332.0468142553765 
330.63516957897986 140.60415236619144 
138.48429309760252 251.88078886085162 
158.87644333138604 78.55626606304088 
86.3678184077199 96.46824739106002 
383.64918450667733 239.1121959399921 
419.34143961589825 315.4493273174697 
234.33178782974207 93.25000718103765 
319.3559209918214 456.3130564455674 
185.45810445639708 200.63970591262492 
48.51103379032161 82.00419221897897 
129.1536974314476 165.35130536609347 
390.3060040368934 355.0644878189414 
495.84476733529016 204.38630899789229 
376.0764802673027 212.1364757457102 
28.317908189176112 315.36082512006493 
64.19661063111342 177.65795083809843 
39.20889280479794 154.66847730206882 
264.6239861665732 490.5752620441825 
106.99839805386546 362.451068051385 
226.3658124139724 342.90348686595274 
290.59310393662315 195.70530532030648 
430.44432321994697 153.9616834726201 
67.56995399039616 455.85367973152245 
255.9395791077138 429.11134283413196 
326.16202954356703 322.107410914405 
411.68776464854625 376.82609058328603 
366.06387378484504 326.9499569012576 
151.21321289115468 82.9208019361876 
488.13459521865093 335.06889694201374 
413.47207384389515 165.76834701750508 
378.07679136744366 12.06440228987309 
156.9859854516306 461.3319324798813 
114.16937269736337 394.26255607648864 
279.9437050403617 411.84126793982625 
254.1325772224673 295.9614127289367 
143.848839879323 456.9406460540305 
81.20305832354596 415.438121377019 
343.2920185385635 351.1371312308098 
214.49742191847375 126.04512663770733 
489.4252207339036 456.3767930637199 
413.7421364982749 63.72363338953973 
399.71678242592907 183.57739182359862 
33.448061780697856 247.26238990197191 
211.5650360087874 381.94537386497615 
206.60764243005946 92.62997965778307 
62.34862924357658 99.9054762496952 
462.9930163204418 307.70877681637756 
103.49182177350862 266.47095118058155 
112.13297575758484 278.7585209627935 
241.1227544468658 466.8826611192335 
346.0470870159116 184.93787843180613 
120.90287480093136 111.34505145548117 
141.8149624853842 202.21188252200199 
499.6056443180735 420.68716592090624 
169.05889765237046 282.973578911019 
271.0226325760676 277.7768643508765 
32.41795289089388 122.70781701560162 
38.77507547506319 118.51631485522667 
304.09159170561134 50.02550988237669 
253.6091703013416 161.2469311779125 
426.5310783374704 201.3962400230633 
57.75306187569323 398.39183103105904 
190.35662343880966 466.9076343628606 
103.9137590189465 399.1640048101813 
117.57861856459655 318.379344737534 
241.49204361589602 97.16824439896709 
205.2007432955981 256.15997887684676 
87.59358543313105 361.72504009685036 
109.28352043346949 235.93493379385765 
125.41419458684949 276.7444693007343 
474.54600250071667 61.87343553953683 
97.57761480596542 175.9783185017042 
239.58401969919635 357.44271861577045 
87.00374840840163 108.4784585027989 
372.78298175920554 350.2176899843997 
302.88555594839175 33.089673440488454 
119.00337698546907 332.0139178331054 
214.352659288425 165.8050119446998 
462.11709876781975 280.6723682668823 
299.3999543835931 28.811834943006534 
133.47275403875022 254.8238381193316 
301.6591321468122 375.0566694220177 
121.3680280662765 297.96119785342165 
12.591402506808116 287.1569420687434 
261.6072488884211 213.14768704387836 
221.67948766540096 374.4878175889718 
114.22229655827215 194.68932053150107 
102.19691517036699 117.2721522955003 
456.43497442889344 428.09943540001893 
425.1330158118302 31.501798939125404 
346.9389317676879 394.6837758671999 
118.85135520994798 453.5183292545899 
341.5793331605861 242.07384449231373 
317.0600599811971 368.08125000690814 
65.50830811630608 207.03709188030427 
162.6720392972164 328.7519690000735 
471.8944098586712 201.89162485600002 
260.1331417657094 144.42150860247241 
242.2640906401987 300.85394940936305 
293.7965129429736 130.81014501991322 
408.55344119139664 487.6476332760706 
454.9212269351718 350.76715340981855 
401.9482426171767 150.7010505518529 
444.87331211159255 392.1986396271031 
358.5904554202407 437.26238750281397 
447.10719595823986 357.4517243769636 
137.22929454568398 202.76003099196632 
85.5059684917706 362.98316114794017 
128.8950188519665 416.7364479036898 
11.658276920574908 473.1404488095088 
63.673587627784514 11.683591304669385 
388.6501503901792 116.88369533620984 
144.6601374713477 286.108154064569 
163.94983199537748 161.27620786089417 
464.169748801273 98.15464234506094 
148.9637939616913 440.5720319914789 
282.28320572114774 211.11436243775975 
47.841994552112844 164.72857578127858 
372.80625948516735 277.1486696140006 
203.11051162353772 256.1723438469163 
266.72019241915825 70.55431542197998 
450.7097119716802 288.6460101561396 
348.202106862713 206.89920856658642 
102.01605786126504 326.9649183094794 
383.2928291190072 209.35669030305036 
195.42569125383656 91.51112235407854 
186.2906480870582 408.5663749841286 
285.07788595410864 496.29306067891775 
253.9490505091867 287.34973492305045 
159.2965566159702 234.39909896434597 
322.5565048703778 506.60858824535853 
506.3278887520374 209.67299375694975 
427.9764521570127 473.7345087043887 
169.95220790735192 238.43929285053966 
173.72564864392564 439.85741671635986 
262.54828252627686 70.10706304570773 
37.168925784997796 237.26131471046452 
28.188130244415234 400.47982363299127 
168.90859060734118 393.2955042810262 
473.340496057571 176.59991598461426 
265.4464236508647 482.1091700060187 
407.76100876964284 116.95545209545398 
220.19666549133797 200.53767114430397 
163.14733690837207 495.87788246839773 
382.9278036024256 279.4684894058176 
382.13730953264246 365.9584491193178 
382.7115319683539 467.0151106771245 
395.2281778339306 17.311448612829565 
94.45687774190802 444.82682987476744 
328.19513569250785 97.51267148690012 
454.10766991903654 163.8627158306365 
207.58730116802448 441.0408796475362 
452.5814896110821 210.95779616229837 
456.8791019964324 282.0507216192316 
263.5281092478516 442.5095537461923 
300.8553900074574 149.3049360565327 
84.98578008467321 246.61301453875916 
220.80832811741536 367.09424712769163 
400.0132226097508 419.9723805276681 
228.12408796423006 210.97276864815373 
486.3756158950273 270.9173646236293 
348.83766633505866 392.1373690036224 
130.3626826307385 184.85244577056775 
336.7337578705443 169.27885471864133 
124.816983347643 13.46713030413004 
257.571951217908 11.73322727005132 
256.4505053912393 274.0352329453336 
212.0142941503192 362.76115039803403 
112.52770858072985 270.13149070203895 
89.833386791337 176.7836478208114 
161.99324350220272 370.09345228453753 
372.9791043412174 29.402313892034396 
