191.53454426652323 402.9632287509674 312.8456324402762 528.8295868477701 57.56017589759142 161.97230157846744 396.83058361755747 551.1811195940708 219.15551688813684 503.4187051732637 
210.31534657309467 463.6550684539876 95.67096517133464 78.94926269617838 61.396839287699684 136.29880365370954 409.3052903124992 461.23786968404085 606.7550410380314 430.37666789758146 
468.72276858119005 586.0346828315871 453.4525371724877 44.83213970318296 566.1836898066192 564.5644555612447 347.29417301510153 74.89572133343756 471.7815570375408 187.36776440869602 
206.34051901581944 478.9329089089588 158.38121421404185 390.678818843108 608.1688872635016 399.6253707028662 40.85122734276492 506.43370136793527 89.47560595036899 35.57953473908502 
563.1845174545172 467.00262770317187 166.61342154434135 109.45616320154758 517.1009418747107 485.7402035350594 135.6577039655515 528.7145559817643 225.72553151294662 484.44718269751013 
460.5951680612864 585.0654034366709 275.9361656388044 488.83774350438705 108.22890737504889 188.7257831627227 432.9744231425889 363.1056495161001 338.39356526269677 583.5701912180416 
520.9134140998377 404.6835930916079 608.0741577194076 139.27131270495852 402.5762188796331 270.28886002151773 598.0226724837667 166.52427462326054 542.4988324928365 454.3495912416299 
320.4657486763522 451.4481619024093 586.5312637720303 490.9050079103878 616.4975749501612 355.2585797561739 141.6705216763972 200.07362103972255 501.751547338713 475.30481528017856 
89.71939312317772 250.18299312842788 568.9444447995634 613.5656273049685 518.3645345325635 256.65489864397114 205.88699891519252 148.6972844803199 503.2678306614992 588.7396072640664 
537.5544145833246 457.7275006237851 324.76465467195743 405.19300708381434 550.8108299173514 183.48919576323874 252.76284442836325 189.99040345844284 410.3811961929931 93.88774531745865 
383.4360244993846 409.17061681013826 324.6645705322207 229.09543573813457 161.3052274395603 59.904300005620506 269.9824228599773 382.76692763813884 570.3023678300634 232.8800315777247 
31.855748659044284 113.36955648815979 127.40940195466638 559.1020383424191 371.90476340217936 31.72195451179978 562.4670350442391 562.1934210792549 278.96487630955573 260.8350786710938 
417.74637534205806 87.29826744009937 413.0127774251562 514.1491507242929 550.8778394877463 327.6768699709721 200.49623284214093 388.260357319406 74.73040895877881 520.0874200007908 
189.66152488885575 416.23106197450295 417.8355912412068 530.0481404719893 424.4722349235099 377.5772919716542 538.9494045156071 498.07344751388547 145.71293451027697 511.02711343471077 
79.34636849099255 267.9781351261978 77.87181790097577 26.143858783476077 386.4391196860328 268.3430520741838 310.39587288752267 59.907815364125 92.31756673509426 268.2362251296656 
131.9122966138822 374.3501740455316 80.80106543764907 378.2830005774244 326.01005292604674 241.3329315179811 426.5977213535442 418.1792162357603 187.17516609006418 310.56858531706223 
240.16418790396807 521.7408730926877 265.4736072235085 606.9732929574731 101.860036488169 600.5841623443673 398.5755247326053 153.4472850257051 318.9902498600457 37.5297595017349 
139.71445605333668 265.17632431574464 389.3296694055039 330.82480772813625 440.1753837474472 511.54779075038283 404.7230682641051 360.2766674768176 194.9054028917781 491.7754121600406 
478.3547748132172 496.39193058700323 609.8405901206 320.3261267843823 429.2813619960004 123.61461944521726 499.5430334843528 68.24298580991793 307.82133148178644 298.75727947695384 
573.741582192023 356.45780979663266 95.39547354307375 615.718577121315 121.37025304882599 447.1873061411665 62.41164835341416 497.5814021263662 250.69784818607465 529.5065089510813 
