217.379043711655 487.7771371409626 166.9519532025538 167.76115801346126 333.2378959588341 140.23685273695017 140.97926354130078 468.33209129197894 353.41567264957735 186.64030126364534 
106.16990051798768 277.05846032259916 356.1695586210724 244.055578013192 47.13350822083411 98.95738928425779 375.67127306099997 340.66471592682944 140.1886224152532 63.680229005800996 
268.56182257839913 133.4002416171556 249.93750945811442 443.3352580141673 341.03486074131024 109.2548925430281 77.971199280839 61.21012791347873 300.9015931950309 365.96747775743734 
90.65771581641879 249.59703272140732 224.09063872404238 192.78815708397445 477.9667634278382 139.9237922680869 350.03576674499004 297.02616212042284 20.28379448189398 193.39398947141876 
145.40470180164715 147.08306628703127 365.1668321098913 505.3392435606217 200.62212044021342 27.674876912448457 340.9989621233403 41.486785138908736 148.63993790361852 27.94586658507169 
59.489693037487626 89.34543378359082 420.408125507182 308.17747264214296 183.9784222710628 332.9130807445558 276.4989884962369 115.79519320021735 365.4928982759794 83.90890782458337 
179.33813407219662 146.3767899728849 473.5160172482089 327.7332699137991 195.49537603734777 470.3647672575639 373.41395220698564 367.35861009747146 242.48842949052968 371.1864261613765 
127.47884506014245 473.35431618300123 119.55277240914229 65.48433306276374 121.53906316802514 73.24877208130897 386.83063558306213 401.1607360721394 244.09019514443202 138.4317252300176 
282.43233754842606 253.9386306524997 369.900037001475 51.79997389918427 491.823086174344 468.14289267928774 25.04044162829571 364.3496855567849 208.9882437583741 312.4045265524288 
235.29935349104812 473.9182942553507 53.83039707594777 45.99105548435294 184.9261511385314 384.2792472387672 35.25121806370861 316.46630646788753 437.6632431465643 327.7926120605693 
374.3711771851792 234.38270272951428 97.01729713051509 159.81472128048605 127.34041925897564 95.70903677509956 407.72299157972446 58.07001876747113 172.1937781163083 347.69710132920386 
425.3525993627187 185.1881170379083 249.2031616368907 18.890058142822955 506.02436343746797 97.60935259180924 369.1802649035445 458.9758586407304 493.16298479145604 309.0617704445949 
29.18299576152488 359.1886671637898 103.26510491472078 41.81287324605303 300.0784550388538 148.9616119532775 137.62316616056768 323.8990624587723 475.41582218607493 489.5338034567137 
271.9605732753074 215.53604365771056 96.062111526295 210.21486687114597 300.9313643630767 72.91325380835826 290.05409399457267 158.0100216356393 339.4375418098016 382.5754372988323 
492.11924897468145 56.308936162468115 107.71713359662138 324.5945142650392 232.31921620095096 93.34141659579419 52.15610199921876 347.7348121048878 308.26854155269797 86.10301260100466 
178.77733029085874 164.81495645759264 280.38203397204916 190.4538038644608 101.35965915925954 201.469242949598 354.60388868582646 253.0933422734132 431.1402146309679 156.51192381890576 
342.0714581033308 26.114987378801903 260.05310724678276 457.1073909068186 10.167119868629994 89.84260638540597 114.45762134731795 16.94932032514273 264.4111569667984 454.6530886136096 
381.3090747950873 330.652002431732 225.6487827130394 437.48729922525024 333.72535250820283 62.557052807576056 391.9845198220713 33.75312704878235 507.9023798137457 413.15836651515696 
199.91704776025654 130.3233369779001 308.33159487525717 171.3487087716626 424.1275524892104 30.33159493149872 343.2724962126017 485.6909868560051 480.3748157379499 385.4697223011156 
117.43351455845573 12.917212678332891 320.95007418702784 256.48924612521705 333.81421428915877 226.8584355242727 237.14485962468024 147.6104397522131 181.6619879925027 296.00870283136396 
