275.1274045618397 518.1844123839223 64.94210738781537 414.6556989770513 465.8742372940841 20.533400716110254 507.40387839744466 27.02731160331995 
312.15595608821843 593.540139081168 614.3886180036973 211.04812581572864 494.8699656062782 262.6900084490627 522.0542582921723 142.8616746434031 
499.42938400344843 215.45032697304637 397.6181665780429 379.92738266995264 197.2775774573032 370.85566308648504 285.050108340488 341.952270195516 
529.783106258034 380.1842850135392 619.9425560375428 558.4607518808126 465.6087259047232 567.3198131454659 59.65197495296147 66.59644992105818 
152.6483302867043 467.39158070559245 24.804737343261813 492.7496668711834 535.6254669840193 572.287657396022 298.2616849568533 301.6042370045384 
60.447262592183655 441.63404591947 177.63488837540422 46.19766507707357 36.40741939770594 287.83407312451646 27.450332676708893 602.5880880948984 
377.33214366131693 93.76147225662982 27.050466789515397 522.7220270717362 592.7626266022196 71.70116465219978 260.33015381459643 589.0964599038296 
50.267996454840215 422.1311524213171 443.3998926272982 404.80920470055395 79.98225093268744 300.9396869187319 136.27009390501001 202.59108658376817 
442.45920022950634 253.6710574934998 434.6499635000554 206.4139890528664 230.93890754059194 525.3940893208281 487.9550936961806 229.26807070358092 
229.11963488270908 404.78685126882334 339.61707834068034 540.7024495631783 295.52880354722356 311.0314346158846 135.78925686068237 387.7226045376574 
495.58683838409297 82.11258520339244 298.5421937282749 302.6385861272204 452.4576868832687 273.11391125863804 209.6425915812994 81.45758541896444 
537.7796542633909 223.10525724766202 301.0095083150439 66.41474340669379 273.37040364885684 599.2153191504696 597.9415897627048 316.235861405507 
264.9997938375834 276.4829529374908 311.20894241069385 197.72579179304785 339.3243545667108 362.08106835547125 224.10362151721043 482.2763084258737 
505.07712095240134 122.50686825569768 170.5423009656263 580.8870616192444 109.60659571854266 322.33209758497725 250.31494375891253 501.29360032306636 
311.85861900503505 233.10708462401882 177.57325853372367 460.79596356428493 142.89474896758588 521.0124487000052 308.65255983469365 238.38176567392986 
575.0411788288499 371.8519663853625 245.32102763393038 499.737460653389 570.7616013678567 161.98063581240666 59.54979161128476 78.74150009174414 
432.34810462209646 133.76145346761155 335.89785803212357 149.03322645093448 323.5235500223378 84.14479557368449 377.60557742943 569.2511758974483 
584.0494049758403 424.9640391226013 72.49020154038539 235.5345565013851 408.43270016510587 323.54143536718937 264.7375898024717 224.8816698589043 
609.8257751237948 182.1974819141044 228.6836362109911 262.9590196071613 140.2127639888965 265.2581683240078 590.6790611006446 199.9548614767027 
187.97636429137478 32.15328324726059 395.131634861733 328.0709159986779 423.93871998497394 485.19996577596066 560.8192948693402 524.2460029821882 
316.9702879108336 590.6649438504977 323.5679946482964 151.7054127564474 590.2601657400787 581.6993518288074 411.38809076910394 203.92968835645357 
39.34190705422647 501.73994109541405 448.16298579821733 324.6365129474419 482.9684491270712 496.9701958388326 431.9837210391524 287.3696851208558 
367.92983485106504 516.4354405656682 84.2233670279174 68.28864836933862 298.90763600380285 228.40534866197387 215.44484740471356 595.7524992589534 
114.45971012379755 111.57782681149389 204.23607541783545 210.2921685939024 280.22907749174794 29.71798409469311 235.06604315206653 618.5645972739395 
120.47067118589025 148.32586106486204 291.2556488601866 274.8824893810381 558.989769059379 201.9267304432081 49.157094714864385 73.91354913212757 
590.5856862647014 470.57773860653845 369.6354391938758 188.14298540013536 254.0946131689924 174.18451622516417 32.94615876766396 33.69275681635995 
228.1254767985961 543.2217552123946 113.1025668527341 298.0917121953218 320.582169744588 174.45116129618393 337.82653789819824 113.59000541780449 
473.06637782512456 430.2308464295243 130.17664831951703 609.6117741103437 251.2543906694701 390.0097446937325 377.9472313205848 427.9397697109119 
142.3418091248336 612.6007985164911 326.9322025083489 134.22553933874997 330.6499404525661 317.82675366864845 344.14733662539214 209.41926280049054 
572.4874867608147 346.13223386571633 447.104865715715 254.71252775579202 141.36139363610596 404.7558574421459 245.23403881601027 593.5882313112451 
564.6305582982701 259.056294912089 89.54136596617111 404.5710743500542 222.69611671968315 277.58559626093324 376.60450402605983 468.27249264943293 
31.82222808030742 489.50420981207725 302.9932075789366 162.32379954725127 581.6808301303488 462.9306862371063 516.2114320486793 87.79122774768165 
48.714377709325944 62.82046720209316 458.25408830711467 260.66671208260766 556.4101139892919 96.96712325709983 547.8723615550067 152.0280427040129 
203.57978387299187 208.71984590527015 297.64117868964104 410.4621992316754 331.73844193270867 525.0111083114398 411.9227950570798 250.3457143784551 
152.67612573978147 518.2880715988867 261.8200088061044 239.57561382694664 207.3161497885612 90.94157519822504 283.21296927157033 570.3448211129194 
276.95377745374344 240.8263820743831 393.9731725408129 46.555784395691106 317.96902171449267 216.4665843508928 76.44847205002716 571.4659680016965 
541.1073007918621 220.53970157663116 521.3128270043635 469.1591131428926 506.4216949625739 270.23342632807544 378.87454941343697 323.43585258173465 
254.97068715785392 373.06863432882926 213.93682170982484 167.71754341122906 48.364825156354414 126.78248413937976 310.30418762771984 609.5570502432914 
237.25643384901394 201.86525489128195 21.028748076179077 223.35018651172564 529.8659003215078 515.3448409960446 410.48993902772315 294.8415774754896 
481.6382623711361 254.41249418838706 84.40152033871196 551.0187822686654 177.12398530201773 258.4836111347339 53.83951394145326 258.9882105950345 
225.17761738230337 618.2874207171708 29.384939371538813 27.426854697958163 338.5680255229923 300.57909653247873 491.4750448372315 394.2034213772941 
119.0940043800786 357.06827835657157 433.0567968577767 33.76260305210475 419.29902749483824 426.157595169181 20.636268562933463 167.86632745074493 
201.8788934408447 586.0850796117962 169.81791766836722 313.28563999046287 167.8759059524244 368.0640351812659 181.42725563839684 50.03711654263401 
574.7535689909057 88.01425050241694 134.3107872920309 43.75733100565718 615.4451987949083 205.47832314777375 480.9070129364299 505.8093871403425 
279.47063503670455 568.316732537877 441.6820459482972 224.71501673807873 367.2143771349771 351.77546462341945 544.5238479937098 52.50621334347314 
78.4592339686873 250.52002904837576 405.18865715863296 479.58993489419197 146.26900526736028 232.2294077447884 394.8934100149535 481.71988473282835 
437.31409963821795 111.34394106127779 391.14791617855826 172.6688372983004 289.7336745606898 151.56065908349987 357.9205282697655 346.1955045405625 
409.62829718604985 255.6700150747863 451.23107030298166 540.8994764213568 497.2765726919103 51.32761363181049 296.26475400484793 411.55824495583227 
124.16976138106105 531.354805546895 232.1008237360069 340.5397333990521 331.9579340923987 257.1617196200623 270.1497355116751 372.8844339095299 
574.4015485326355 283.88682245951384 462.392552681624 308.65056188276964 173.42213467732947 315.84628594099604 525.5163056502263 336.1163079352119 
410.34583326912883 550.8873293606599 317.0391904221493 539.4326270239962 523.4336052018729 422.2390886431236 509.5192058328561 164.32056968702085 
232.79170829694732 596.4547549562494 558.9400103721816 75.40675135090316 563.7564425448192 336.03877202280916 213.36779962582023 588.7907277628588 
289.84664855943964 485.3529462392567 157.97300759473313 213.43809154117145 466.3778485597318 288.39492361565533 542.510315522579 384.9930444892271 
275.8318141391901 397.0431871603196 487.35113358939356 425.604014798625 556.0752132093473 578.3619259052052 614.1619094615189 113.3564180031619 
332.5210890856975 579.5598710810804 597.3222457717258 394.9058491772565 25.327043148897246 159.1965802786122 82.17655155844237 124.90591699931875 
552.7237533504315 443.2300460573334 66.2128208177273 65.82419045791342 301.56757929615947 514.4994540554467 189.26256271023908 331.740026256736 
486.2110873426022 94.23660496421279 128.81536481813094 409.71817237934386 166.78517938416238 124.20000870416636 246.5419664726283 242.35172364468121 
147.9865917109134 408.0252590442176 382.1196498826469 405.0683470660828 329.4644789075855 220.38542430963392 40.45352657186967 161.7933036709631 
428.8999966948827 142.55530828912282 368.38765649474186 132.56334105606766 348.8722991704184 532.9732409910846 66.9995996905453 256.68485369539246 
208.605074456775 591.3941237191543 335.5722707907853 85.03030927972446 211.687181735473 325.22767868974734 493.33673647218666 185.06661079615915 
70.86108005056272 76.65531920768754 275.07975017460956 592.2090752318164 260.9729292553585 219.1197739069176 346.70992792673576 191.09496236066138 
321.17807583776977 181.78082295784216 536.8759080936511 460.3700512133704 377.49562071346577 310.5312395151655 230.73076992808885 364.58228262576745 
206.80590242173565 24.16651335484668 121.93604032841468 526.7759520547255 513.3845615208403 274.3020521130287 468.99924629038367 165.38045764601353 
439.0669883252796 467.63179917378204 152.0386956132724 428.9871458575123 478.136904718392 559.121825037719 376.0693047666153 312.6081478635701 
318.0328061867849 574.7327820444888 216.90308942292324 289.0108786840249 476.96602822106064 172.2648999806152 155.7581946771437 138.72191792007794 
559.5441945217735 398.9192559834927 498.6702548018254 412.2941720283103 301.49372621846436 354.1691974386806 326.7995348756522 308.43092525631977 
124.57532600290085 216.53546799702818 373.7280866987976 501.56050482768364 472.78600462565987 42.85890199772432 175.84015228569433 402.45553853863765 
550.941496601957 98.66454587784268 391.8799802934463 485.49021295944385 236.7328069194432 228.21068293416772 337.7806060712085 66.12961322084948 
87.35063277586242 122.81678542076233 132.8573091835806 262.2446643373189 511.77137084685216 96.06391952189419 203.45962542876808 422.84654494106826 
129.79854798909565 324.46159589134277 40.17560485281498 457.8342230186854 88.95333670527548 262.17451530178346 54.68205419986505 52.349024757502946 
260.3079709242962 88.4032691504935 332.33453129567454 299.32983691967274 384.3557100121807 196.01249353891103 426.5907806305031 233.86266162613012 
188.01129620720937 280.0004159728841 291.36156986358577 102.9185218294028 443.8354148139087 334.4033783377607 197.38226335779123 554.0731726068958 
492.5770978791094 616.229226021325 28.699454564886633 276.80253161699164 500.12772820617676 185.01327647883133 305.36583690782214 179.9475207780587 
69.9804100870478 376.5904665405021 228.43744275547516 138.9422101609648 582.2884396040987 519.6777538539528 193.3668637600595 296.3986745232441 
180.61672581809717 353.86016165554054 167.8861842916337 449.6427619295491 477.47969452858655 357.5744573264811 480.47346922768185 208.79414465340162 
399.75974497002625 344.6841266189786 315.4964528955817 358.9845969950182 145.09964360853894 438.2394239018414 161.12720337070675 610.3082591305307 
570.3629388136342 280.0161826625695 206.12161009365556 469.0975142326441 283.25585656568194 284.42723367061325 31.55729466576716 514.1183050332772 
58.20474756245935 495.4001195091353 293.62379725676504 311.27864670833225 347.5824341268361 554.8148500619653 43.55877706448774 150.44416672548593 
609.377647978327 241.09547259969764 280.82389597626457 137.95411114041377 322.4009117409256 186.54923234405803 485.61428927478545 528.4320279619533 
510.1209077284521 132.04697645508728 226.79519866070746 129.48443743151358 544.2248880455043 27.638689078974757 91.35965802380105 562.8815701971347 
148.99704884584025 437.69777910865054 531.5008921714981 315.8137112152716 477.6084183159333 59.1879591211391 375.39323401002594 465.81703813572454 
81.41219463657151 311.64643996179444 497.775251679428 312.9625501173222 343.33816842686275 107.47713191792393 296.4289492521837 302.9020518256995 
296.48000946132436 61.147697651326155 570.6485939159288 374.3647036241579 498.96925333009426 145.88419700608222 147.79315394939576 614.6981250606926 
386.22951302308655 156.45692299196685 154.01593170451247 457.0475581918254 71.70494333310802 486.6514238696736 575.2651926194964 602.7670107911024 
317.15655011398326 280.01830616787316 304.6495219973792 602.6561854962359 543.6200280718814 362.4954872228694 22.26173292654055 180.61667237826134 
304.1190901648077 515.4969256946611 203.55497214106572 533.3214032116681 189.22790523322385 598.0612796031064 502.3648337864623 189.4911265608229 
86.57625377924352 176.65441751998554 304.67123964726034 562.3713610494915 65.39154154812402 471.2195498553897 399.1937840433191 479.00399273047896 
307.17099025685525 576.0685080132308 460.91433324380637 519.8869336890589 253.57806912764752 464.20826468973 393.62066254229165 352.6157619280517 
292.65670561818774 33.696164975148676 527.5647464983315 593.1009876559903 454.45720042566575 404.61771566346124 618.3296598325757 477.9548615558821 
337.16745221166735 25.280693002878103 142.99865530694166 181.6412315752084 434.84335006970866 496.21934029599475 139.72020173329776 561.9824398105934 
387.8319704749481 570.6023485272493 386.76289265902636 467.6168688457925 26.981512733772412 139.63836907472418 267.1537093595696 291.00090112866883 
232.73143532920656 161.5729170868622 414.9936336229461 200.54908403009017 180.17691046412747 242.87019553406472 589.5442146557467 235.50623287797566 
291.2009832023083 530.1738907407199 173.17887548922548 597.1451886135019 564.7684318098686 321.6404202337975 39.29270179579263 619.8840383586214 
306.4749705070131 356.2384825478825 486.2645655497521 455.91649319016165 28.44565265183448 289.6087519210004 283.5651163362164 56.94927164278978 
440.67600380735536 415.0773127112503 226.1046313228405 386.64005359601214 204.90986341298998 38.4166451761599 342.9142701093534 547.3299022413247 
272.14764779588256 64.94794966975905 456.2546494736065 254.66400041662877 574.8786064416043 107.57857172545198 137.24536022503943 443.69410279536174 
195.13103012882308 374.3681228547068 254.1092830697543 340.05683184940403 279.43410354683544 144.21723387322874 59.125339109143354 279.8213487133131 
121.78503466514483 389.2726473433439 110.38352740591287 511.6002094742125 385.71539934313364 252.64231325300983 474.43596123537145 164.51718388404777 
586.5503110972729 40.014270516102606 605.9375989936309 115.62569949704059 304.95423381451076 133.7731706393762 250.37060042765927 440.3717910470645 
552.857096503116 388.2080428564598 265.9457046454937 79.69516889394215 62.85468433180979 514.405143663246 610.7748600848923 507.3622729423436 
22.176692357211362 313.41961969513517 91.40840902141686 331.12497503611525 322.3165726526258 566.3196793589957 218.8308824506408 311.2987112951019 
545.4166908782998 139.6971943852834 68.00893591324034 30.353845978089925 458.5025787893506 615.2381987254133 387.08541504243607 597.1139276395287 
336.66008929413624 501.9473087778412 552.31304116941 319.15461681191573 386.2491556226563 239.61966200804704 314.82165659233186 426.9970845623028 
489.24793886600764 352.15421466159876 435.3127299509933 283.68957621818913 439.8211146203147 459.30200904653225 52.77480650282707 63.37090831882024 
394.2059533560598 405.44325555457254 183.3137512638052 232.4096601423842 205.01010170842315 113.98714835147113 95.1914295768594 516.7127876319889 
61.014705898514016 325.9877011124391 456.16673118584464 588.7974076598668 203.5766459003028 531.5699374753475 299.23248850037464 58.219565389308684 
40.723669084632434 152.75959294757328 202.8421995998986 298.9536030336721 130.03611595919583 186.31069423159968 231.720200539663 597.3160634713705 
451.409013324813 265.1241592942051 534.3491930365798 454.02767996096446 540.7883213442097 46.85162768215683 43.22861563545145 224.00738988560775 
605.9750249070142 188.27807121094352 273.9978404294983 227.49191930062236 495.5908960203063 114.0768893800989 369.5179024827058 416.0749611500744 
142.2994969090313 138.53142856195848 285.0054087518108 427.2593642860217 451.3764785433809 48.816446033116776 360.31248117694275 611.1163516859574 
155.72262357804414 208.43348024717108 75.44639414977993 562.6454398119761 508.41355878033073 589.393706532547 135.4228102020718 243.42876011245335 
433.8798407419266 491.742145736675 180.5461355425877 526.1734859022049 308.81112984490915 59.01687205554198 168.21098422195988 145.73638301664897 
293.87830379827926 48.237163565804764 422.3182859645294 590.2238164370228 287.36709607553564 63.01403159211954 296.40001303561564 615.7613966850693 
321.8171865654686 408.37717524488676 346.546029890879 618.5266741801639 374.7603789405328 275.91200736743644 460.2270007430644 47.63881054744344 
514.6516534741763 117.80039142615364 337.10704207707664 592.4989345832455 53.08682368880109 618.3590082738191 467.9398540829984 428.17493752283406 
524.4006257988659 421.669068315587 107.642129796712 352.4244644905546 63.73883075001115 323.890952731748 288.6379178032071 197.9497718407714 
504.6983374588158 188.8577988000382 270.56776858467333 53.478363731925675 67.62877893953788 195.54157273850873 572.4563180167181 577.2629837647512 
459.6895775707091 175.98544394603996 83.43222303142835 436.5948258531536 357.7560929466407 552.296285693461 98.09398225120971 456.9236966209832 
195.26865998591433 131.29087027319912 72.6155700231681 214.1788280903173 124.11820097504985 565.389793766793 47.68552841667473 553.884113187618 
172.66225839325512 438.35247939112463 234.37333385517198 470.66157459209035 370.965127726102 484.44745104489556 409.01677682217587 331.7167098125036 
564.3558789995047 199.65134671560924 113.22399696894641 177.89959901272348 386.39793283079905 453.47038504131007 205.08414005154893 585.935351416993 
612.3641272497961 459.9783134808862 457.68014938467405 525.4177902262527 64.31079356511168 416.6642876366327 50.997653769591494 594.1600546945534 
388.8447462362067 269.6846341869605 153.32348693534723 365.4959343602312 578.6769061921166 214.11210343514094 138.22781386162504 331.1255559663687 
459.05631503580867 287.7765058174414 133.2234571369084 473.099269357654 110.17817463852668 167.2903517875881 546.1961707326002 248.53357193522646 
346.6598617880412 424.8532955435954 165.69977174146774 120.65255585840715 525.1785211027259 54.429212120270016 581.2096315919116 119.74889191848833 
301.36404729458064 225.88948926636166 219.42855798583162 67.65799967636761 107.04110022625497 375.71642174419475 442.73854671984583 249.3391182758627 
68.9141828922631 492.8604548736443 105.89234970101829 265.15702140180724 239.78911731540836 208.34488332634274 117.0385394825262 547.45826513835 
363.4250602473155 447.21193527626326 99.1737528798706 375.0355378529717 544.1105411855854 351.4039596712768 598.1160577436128 169.073996391293 
142.0574008459177 332.17325781151914 433.09291534286916 404.17324264480754 165.70640317435894 60.61466591947398 536.0377584314674 418.03873983999426 
182.0381352874679 154.91430024750602 575.6887423876171 553.4364522510452 115.98305336217572 272.9084596490392 612.5835151554099 416.00441380734776 
60.024427443931266 268.5462804433994 381.04379136677034 581.5148528357653 365.08791355480633 420.8499105127479 344.2432947402251 236.181003091948 
233.81143007422935 493.96615955934436 418.45305530078707 183.60183045971516 387.2892232362147 536.9029856598636 212.55768363185254 401.93886358726985 
526.383794245409 481.544967269983 578.9363538935496 84.91869311541156 458.6993895715369 547.5412146932846 421.8022832213266 450.25476897296596 
112.31096385303188 412.65970476479464 259.0945420572307 549.0825923660507 407.34212474445536 57.2015329963429 184.01571927711177 460.0016681858417 
506.48611665998413 541.0691161078954 422.30948677257436 601.3181937620571 315.5633125144367 122.08187048448126 231.37151135499246 445.0822564885203 
455.20904242634924 474.1331804357986 37.28774522936283 66.51307368353136 474.7856889304547 113.78251707424583 455.8936189012345 312.4062930805731 
429.61253344725145 293.87628476000174 393.9480202429948 522.1169007231206 292.6072254424869 172.79124251785424 176.51578474842455 84.71160713758648 
221.43272112245876 217.8942785400776 196.65237059543122 65.88436137618375 52.243236762529115 551.8121661329897 133.4846268301545 88.22889509617657 
141.1230948071939 300.1051730988031 334.781162889464 198.46181662719886 424.3122715896543 548.9382914912018 510.1064200000231 205.19029577390802 
118.31221635519714 471.34363340082564 30.651751505262787 520.8177564876444 30.965817491555875 330.6679787561657 81.83771547645071 291.181658387497 
604.6052689348412 619.7991772582449 264.78094477372883 146.51689602315656 362.3615830141117 544.764956810794 392.7196414511133 257.33861522800805 
178.72933730028433 411.29820266251807 378.49122607421623 128.83821238330754 345.48071911718625 22.962210449328715 259.1559966197067 117.38632935294203 
354.0223524624388 349.42972254328134 153.86064492000273 602.7364713288158 65.28868936402665 273.50959511291796 101.03506063911709 299.5230916388014 
488.2659376882144 175.51476672095302 471.0165970785797 141.64779310904066 138.23989168226632 263.5652104611157 200.19517068483077 123.14758390984974 
495.86186525539733 308.41974162576173 442.77321209481414 29.1386899555167 38.1260540482771 391.4304478426855 386.23405963823495 140.429919901775 
262.35236089162424 24.21330521871186 326.61259408614245 545.3990803408936 474.2683638617343 348.62893965347433 249.6619335520666 242.726477471301 
261.2840815538674 475.6671549754904 314.00976828830096 368.5789357864587 522.0533891249246 171.8290663645336 182.39828392366275 431.8383924116451 
73.4158783071395 251.60047412345844 297.1013199405472 590.9686451548587 605.8126796680862 584.6103743780071 545.6124571277521 356.1139060988019 
508.27034877276634 576.0682104753139 312.69795349813825 450.02327077160953 234.04619594227879 529.0737035451102 464.9080301826219 311.39437474367236 
28.029094209608157 47.3930224565355 163.6406011331533 74.23042368414158 386.98938209549897 587.2949751723675 152.85080956537536 406.8040609494449 
173.77165887648883 217.04101302601376 317.50043368117986 343.821923461272 56.52412920120227 592.6228416817863 458.84073470822784 595.383694163184 
494.0583975449916 108.34123807882486 182.62253710540085 166.32923806275357 438.4333648886773 130.82005040346925 546.327386662501 69.56776872918576 
75.85694482719197 375.0489133352243 61.51333941470172 466.9826456643738 276.99947054094974 431.0485438524076 597.3693656808682 521.5055929551477 
577.8124606619134 599.7523957117824 481.5718640317191 193.95415867173708 61.946405360808534 146.69829201910784 244.53734549287154 368.22605789871295 
265.861647489157 232.1239436450105 403.1646531486387 238.4442143930799 377.72559541948493 326.0599594920635 230.16088921032988 41.64621081100844 
351.1905525237514 467.01418037155645 605.0444370666653 569.612011671713 105.1455474548477 272.84115260221483 392.9190492143789 43.42351253777033 
530.5360523102097 162.3903093387987 547.1126523371753 484.34980193212704 175.34530811852093 196.5266891538848 281.7746839689191 464.6519263995539 
228.83110449541218 497.1181219789779 410.5256164795745 471.9007367787579 576.1115406841576 152.58229618586017 297.25252305290763 470.40171785162073 
444.19378023016054 68.58773079163763 215.14442633108507 593.320526957268 510.5394114418491 372.50230349685745 60.06101170393641 449.10292469037 
495.26005484786134 530.1830322047238 514.3287364906543 475.7828992672995 208.0372813083219 283.7009976592488 307.05785887717064 526.7727347347741 
170.86024506163017 268.59497521026526 167.07419880991634 21.72874860868477 487.6750372500313 119.24771251696833 214.5594184597522 546.0864893508743 
382.03934748967237 420.9784882531387 487.49358528294886 532.8590790384327 373.8762646848305 617.4456874600386 48.99368459359797 610.292496103619 
216.42100581769063 131.95324765720164 471.6418491446792 548.971613139083 264.45414910350325 511.2546532425811 444.8971916792362 91.97055665872685 
294.91532564538943 550.4481668893866 201.6847531390287 501.6413155675892 150.9910398559379 507.557248162324 410.2555553101276 206.63427698980308 
130.77030008861323 466.38962901349987 127.41132870734677 282.7444508051188 391.5619309117955 256.26907237662635 359.1877927182712 251.17710177617832 
590.9671814132441 87.23342210058776 125.0901258640001 227.8265908501695 535.801559082336 609.2925815206964 271.97443614213864 407.16212216530266 
359.959418721251 54.34051617667129 433.6690794155307 414.3142196974805 102.31528510628827 69.31463634371997 482.42931841753204 608.9555898444694 
505.7554433208335 199.19656100844185 568.3193089181163 374.57018941259395 408.4337352480248 128.447945291363 592.6151425500749 576.7042491805774 
48.345172140561715 139.475082375178 111.32249027511679 123.79290710266335 552.3111989376907 596.7161005213077 414.9028755024698 114.15637566922372 
230.47030518343112 214.94445282280338 480.30208954734866 402.7592125503722 447.3677869236369 220.3824532209814 241.37472926806177 571.3265609262597 
390.73831420282204 63.2186681925262 173.79832933598598 35.411058269670995 409.07525605984114 490.1227790536482 140.5710823882257 572.0042218700723 
139.0801896555878 535.351809224653 594.186838564256 301.2859428095035 594.0867197753864 339.04150574509424 381.5809798153623 106.1059816160829 
334.55198616540866 251.276282114894 547.941160001515 422.79109283517045 591.7099983568374 30.531972197486827 285.47648381275155 86.87164939221523 
165.48008155979048 295.084762027235 123.23894118611791 67.3213626948947 67.72475656501135 135.9801782182547 604.0907998953423 72.90401852240313 
231.95017183245125 550.1559692034826 444.9118489802188 164.22086488263236 160.54341517509584 102.31243166569 126.14000346789115 455.05243330430375 
530.6400422642309 574.1241569700727 206.73928375242178 536.5884878593213 529.7157693848916 309.38671866768686 610.688702436578 408.1400666666895 
241.99607446938802 513.6922982310997 81.0858976586328 47.92699277853161 156.77737220570637 117.22776562117699 547.9593183993651 307.53500248383375 
219.75355642251014 559.2891179690615 305.88266221125474 163.63593498567755 398.44171412833936 603.1059494344559 247.48519652147237 510.56495714400006 
82.80064794454057 439.5697795283419 148.9519634640005 227.348370057655 392.1360604833568 288.45987272811595 553.607387633775 402.77590412259 
409.3861134066321 455.760416906407 149.676201781566 352.1112415648929 113.88109401715519 355.6627246939933 288.31526795701524 409.0343288686977 
133.67093341053473 155.84631188704327 238.010285114471 226.40957125522402 588.5143671541593 454.6324142010815 521.4308310489365 69.47326152656804 
244.62348699148293 348.6039350627041 30.837814613389995 135.0343577822597 352.2573627794805 399.2853723304024 368.1367905551412 280.2820919623072 
287.25858597552667 357.4766048768062 405.6710654009876 294.79428679628074 467.62640941119304 253.83420762311468 213.8483730642643 399.34012686270904 
566.220258673296 414.294073140012 51.694650742547246 605.0710869947551 390.6873568849149 308.9290754610615 66.42895752965717 116.6938576137601 
151.70825161775903 492.83563021879814 498.1529903148009 513.218786942339 590.6539097326794 47.642721346622864 535.7492975070274 389.87800601404757 
587.74826275702 82.23722610497774 120.08150657703582 494.80651950284056 221.82978365898745 601.2993992475481 140.59072406903942 144.0803612341162 
602.806017860865 400.24206645402427 221.3815984183121 48.705325388331744 347.89463594020873 195.1474459596983 42.89187789168956 437.15026944097474 
122.74498003468244 346.2951976822592 95.23928926277723 307.01845067604165 418.5336222258353 283.87565900919685 309.33931472928293 189.4509593720338 
86.12788456573988 294.4817011432921 561.8877507987545 159.85561662030756 298.41087925492826 476.9733752759721 600.3018188751188 578.5555652776774 
161.8620052244987 226.30865284590732 83.71342964035608 594.9508370764893 348.4865535081467 553.9343710381021 186.10850954450626 398.7869679318726 
69.18815649131673 303.3309068279232 557.7060585535654 152.12420821993948 459.67782730054324 269.3044269747651 590.6706552434895 85.6012883079297 
600.0134719416741 579.6205189017439 285.25232425902453 392.5872279955449 138.86342822506492 247.57273247138448 362.4472363564191 304.8152082629959 
443.58790961608935 154.08005664076217 219.27333039232516 83.09200739605289 547.2320734519434 67.90691017989687 272.754278304111 206.67700647257735 
513.524497785772 262.5994782118794 388.70578856657676 594.9241992255996 390.97465665899574 438.7319961102713 41.417915039456425 444.78134984822157 
477.163397109933 210.05696897445063 600.3270045924785 617.7396488187867 364.32001218994566 162.15291480739805 89.77125887640736 459.8278806714975 
387.27961378186353 242.16336480674136 317.9235033937019 288.24480694844175 244.91469006455668 188.22094582201495 220.99492019014315 528.2234251006859 
516.1345469480659 257.15036332557077 418.8035742495312 33.72093621450221 341.5462724539988 59.04376573327417 327.8013781540946 475.52813150421764 
291.87121393824367 57.30259005436787 527.6534010886335 430.3919902146163 394.21047749060983 242.7393384141987 427.4630281702407 154.74521228542983 
237.25331870903844 240.33325578908745 27.737050525209675 376.6363308993497 426.52215323006146 457.23350601853366 324.1840356327788 189.4544724829212 
610.7479623358402 430.60365997184147 49.44015223463692 481.0420740056256 250.46982648980546 283.90132092212633 398.81585744437024 281.7896743203406 
49.952214599738824 550.1864283135375 136.1573744866133 565.3063352596488 323.5141060771383 571.0522303775457 225.91665033203117 185.2595186585375 
517.3633008004578 29.77250701726644 87.52360095849149 581.9781225394565 58.029882292356575 527.2588680127794 118.15427539002353 42.41246239714425 
248.4926764865183 59.42186442860623 79.98887588402488 447.04496787441053 483.0921394227199 404.529662280384 498.0531536596052 387.3452690075793 
202.32377999626456 179.15799399015842 564.7371577706623 287.36342892173553 158.6056181556848 471.3252305646461 597.0848520462313 313.05526090503065 
314.1135298649715 309.4061603857883 442.9486894604118 202.9331782881551 241.7782250933968 175.41845612874644 382.1024040445566 103.63647482509747 
250.537598390476 121.2753486414336 418.4062840476135 444.01495338787555 405.9381670166993 196.59837754202596 609.1183429194963 231.31930446269155 
167.1794211241961 246.68401005979663 427.4452092588879 503.0922640189059 311.6948054283113 489.2177430658596 104.42660380553811 618.3541712853506 
568.3629735799752 228.32955581508926 446.24693404581296 421.6767458990048 330.4433341931845 614.5844311638139 173.06803991444946 463.73875413438486 
369.3292659869222 109.50159373748086 175.47653622465353 411.9573792083234 20.213159576636702 263.1964823262308 234.63976295775186 134.7890503051081 
60.75662314146897 563.7388680541152 302.26394550672984 293.29337991376593 53.860022913394246 266.8210685446702 586.4482675508281 23.554165288139743 
75.6246912441203 64.33004066749461 239.5288654572316 243.55089351516935 99.60190614068058 200.41696681241748 594.0061563143792 268.0748803456106 
58.422176191242905 193.65816644973583 442.6495040225806 165.28341521737988 153.89866208082086 73.90103285972627 408.8728188307508 438.4859219263499 
536.698416139905 192.38888490443978 603.4749829862394 366.7558962950929 226.67538288440898 413.75822361861094 513.8386934162172 87.96202679736905 
94.95859612078905 248.50243995488316 21.68159175585554 257.8127735789162 478.8896183927446 434.49550369331615 595.4533665190766 468.5077000736305 
350.9027790427618 26.169433981217743 453.47266643467066 160.58955996444325 312.44213596550475 599.9394436114839 443.8974158662444 511.59081366759636 
434.00867709318027 534.4702401107539 337.6224026312331 535.0682865169758 312.431700100924 274.37755902985 180.1979303031184 573.6198439928824 
466.4581233007994 35.958309689792706 498.86316838362137 119.47666653179749 141.75332199563363 363.54344006830235 110.78791643308858 446.26497690978124 
546.4073997234716 495.0670754236645 28.616795525454336 485.531012842433 488.04051995631403 445.44561265777156 509.4092925433511 331.6228608655881 
333.60121215426767 266.3607675797108 43.069549980346714 508.5229486100313 362.95113915797356 291.0401006095158 426.3597782710643 282.22512892913204 
137.33044098612015 322.6288526805623 618.5907407516759 252.24975513167885 253.79700344010487 74.7468627493864 25.083425199989343 205.89079253752726 
206.73371740882172 322.82426009060543 204.4952581803027 168.78861147749848 27.517305263403173 174.80979666303648 146.10499849398894 135.4221806197121 
323.4425969506118 419.84536520319654 213.14973301620944 113.11447114667963 286.9957651194846 263.5006890316838 598.3079815796173 463.14476831360133 
596.5706298776915 108.16176052106461 87.42247276624794 272.5617322046304 279.72146651628947 387.1668041043909 477.5564497469616 40.2907656367483 
160.04615410808196 411.283676049101 545.4772155511324 111.12968749020791 458.7935677048463 136.12217736208757 212.66065620654186 241.22632752971734 
72.28872570320496 109.07525910591087 302.9105360687893 428.63167889710337 396.2696263968437 404.38278871692216 238.68629930983153 292.5226758448114 
518.229441747045 104.91156603262941 372.2330780076469 434.6879959625189 148.85777440147285 239.24543196265878 197.6076899804671 366.8708695295998 
413.6749365658213 32.679225565868045 39.694456447676515 337.56259475905654 575.9526125414384 480.71023130228866 166.3044572579313 141.8403526453503 
312.01515410618265 603.6209929218604 419.45203141485763 147.84343592414405 510.01479455569927 90.74712234758844 611.9022613402859 323.48119528374474 
513.2748562387899 593.0239666040416 285.0832888385159 396.9667771031244 79.29449221391825 472.40582820404853 174.45700003589405 234.77024642894997 
75.50887145763473 166.75151710789126 78.44209266208631 270.584968300825 282.89847789206834 78.76986261262591 576.9829780107095 168.90082772612863 
28.541151030318982 47.61911974802391 595.8585980009293 56.77819270609315 318.2010078934776 611.7539834733833 362.8246320294315 407.4163123732141 
290.0474761371036 421.6137384500007 251.6829818093918 409.1098713573524 160.5985467484478 510.7456644852555 560.3722279329238 203.1874684365438 
183.98199928300866 483.95711366438763 219.17287929840387 524.5258344671911 295.6080508605009 31.090169159546814 375.1210867874092 28.233428009551915 
461.34753504634574 125.01271747459431 348.72459315883833 336.097237054242 103.30913783468255 212.41940155074417 609.0747112443541 186.38651020228724 
523.3095241677618 456.03652341999094 563.4480353574951 420.6072144120038 595.1300297292149 236.82447559011848 107.49160200467014 290.8008040844417 
146.65382744198473 474.7714435128063 232.08541491675814 520.9813444698311 402.97710482760874 76.87216842500249 532.9758314424572 506.30440876387627 
611.5882287128684 370.88559785169656 619.2737387331484 583.5617784652925 320.70837532596727 333.4649403690127 566.9113430958515 56.59549600353345 
131.887714026958 371.2542603697929 513.1509689725813 410.22515168660664 497.950546718661 163.54482991725092 238.2400977243826 496.28210149942237 
87.38345094965854 225.08561929802582 330.3059756231279 25.3443234589875 186.25995839571047 197.6410494829006 79.58382006367955 247.76572975629333 
158.79560662480134 228.8902763478056 598.0722439721432 457.5937094464368 337.6271953455058 547.2613578511391 210.70964579086777 502.96852669184307 
64.90979447123857 491.29440861713516 514.1653683002021 436.5984879009288 355.32549166226846 202.12715123583837 249.33936918731504 589.9044535932417 
402.09739538562405 537.696848030013 483.6641485075591 104.42756810028015 97.10287668442277 517.2523310535805 349.3025999527644 504.0939840987063 
486.17955228570486 154.7697251516057 533.335678593438 41.93016451251073 230.7180324714397 489.8658903004633 66.03353859820965 104.82271312442937 
96.63489610865173 574.8030037146193 303.303930779487 109.91629408142981 41.81995649646689 326.17832134970337 149.41156264249426 76.24361398630742 
23.151141845228622 299.89269575049804 316.0622689011856 205.1809150015009 194.17133567743127 397.99167082645465 363.94557443880007 153.32309123796696 
514.520272977853 265.97285120276433 22.829627316654104 231.3718366220872 542.2157345646245 89.15340696273005 236.30202569440837 312.63080687334576 
329.8775959544955 46.69128178936684 127.2504670915726 184.70142283281996 495.98841440049097 431.8540591992904 30.176810908712163 427.9731591944231 
292.2844814141342 397.1290414657766 486.43849604916414 54.50197717138062 438.3709663358978 32.768527216490114 448.5108106824101 490.87066915395616 
244.65490392247446 437.36368584057357 489.36406774862473 438.62493929379883 294.6898079767224 189.0412426783602 163.04917877519733 495.8789120750051 
508.0256863406173 575.8762166662088 412.58545161697873 573.6837899892547 354.6581990439315 294.11497358355786 471.24448467066304 290.75343731173416 
342.17054270399257 72.8018410450434 453.3237194245022 80.14073179461022 446.6621918895493 33.40346344816066 580.503528364111 291.45820646491245 
308.55778103075716 343.02441571056295 139.88150291357357 522.2370692127474 164.39026205865946 269.8078025022935 619.7778676064397 362.0179569538124 
435.65186722533593 499.11475966804915 219.40542141527132 482.7674718189973 445.8067038340588 519.0764817267566 78.49818724418157 159.21419143116913 
486.5586936149104 434.1125356813699 122.99222862755495 52.69777603883417 204.46872370833717 515.0092951325428 372.8523899563003 42.12503891035746 
229.01455658920577 344.1520716447999 308.1388797207022 35.62674133923399 313.1874061269703 164.50493382105418 439.4073413325164 446.508741735629 
607.7189372208906 590.9317686823533 178.53612984969683 367.0914344982662 240.03229669256874 592.4523567616327 56.074568806503216 24.03098744247774 
119.01104463345429 404.0273865472701 281.20603511247975 448.71640735580814 236.67976823317144 576.4658712311841 390.4194629387691 46.33592010524552 
487.89000141715667 523.0490140966776 80.98313690699584 497.20661887155023 379.1052546712047 71.46401679320638 275.3144593764993 373.96096975276566 
347.378952724996 479.64177401525984 612.3394325050459 608.1840970199436 360.6190263576741 324.09213211682044 511.9357589258714 490.0953880933366 
20.23277271326556 419.33035566524717 308.5530469063275 234.86838075522533 337.2459404953815 276.988778979387 300.10403724202666 499.18251290076734 
302.9895873737688 563.207183837752 508.22069984997836 181.60063922850892 125.44869726458943 362.8957954649442 495.9686300466378 590.3658638795057 
352.36601988037586 409.4644782153016 539.1139098690953 212.21165154122326 52.195124681890164 188.6121437613545 197.03572584452715 465.7788777838724 
373.99627020863295 374.7698861508379 79.37894879927212 373.23345480992003 157.36895128012884 608.7916106706912 154.54007887136328 233.67852866055762 
413.51479209995887 175.48607768349066 96.08051544871898 331.9547454790682 448.5245091738674 289.5840166160381 113.16071165901579 66.42254264173931 
349.9828758244678 248.73389598942273 261.0892312479757 29.320056233578367 107.98510375983699 262.120456175464 578.0801557133818 123.29049786146527 
191.65885511047017 513.2993717217853 344.31281929841884 147.67270404070786 152.2851349889967 565.842082875197 309.38752087732917 438.14861727031996 
374.112184109812 370.3844358368924 484.2710159933953 293.3414422661214 243.95601044333483 81.67276457743179 43.8253978491034 471.95826775942066 
560.6811653519829 244.20144266532574 36.01435379278166 594.0708481565454 155.65578316218665 455.0353725343057 143.88034798704 430.12830417454313 
245.2744315050056 162.41135570647126 96.3865424597185 411.29554850702897 186.6425276291139 608.7119589178998 274.21727991392083 444.71109281748613 
257.5162658797243 476.40575260868235 406.63071251007403 467.25810916922535 231.59148521178463 145.54757695710583 205.45752069599646 321.44231725268816 
70.23559627460479 221.43258227984361 532.3393375903536 286.97069121870567 201.75596564380825 540.9978912028545 245.30063971120137 151.62449042317385 
209.29875603836004 616.5655713103221 220.74794754276323 255.02051401444018 298.4719374933003 225.5205466292664 396.9899760327326 288.85430271593236 
465.7859899986596 204.51754345885996 435.3725829835983 187.21898656964868 239.0064640803697 56.810283159681646 345.1220794343618 390.59362269244536 
210.51170972727303 531.2973437473727 567.9910048059982 117.09465475551546 134.74985520342614 281.8777464437344 568.7996671564792 224.58433376864699 
510.88857413756665 465.71060409311326 527.9676183739347 597.2298346976658 321.75151232256525 88.97215134766634 82.12850323456875 140.10680567863966 
550.1351316638028 458.70421189740597 208.9222062847492 415.4410620055072 443.59957895874106 49.34761487359599 102.05799028374194 304.08227341341626 
48.827466586727994 242.55453970547688 232.74235794152898 425.803271897817 486.6443292535006 548.8732702664527 143.56544244689206 202.01885094333753 
188.79435329678205 469.89942252633654 70.93965404985119 594.5176878728327 467.5653170410216 109.48709525334945 42.18422279075103 503.80128254237826 
339.3563521187199 192.61391410515284 443.3496641534243 160.62350385946542 273.2822988434989 500.4935751148019 403.8755529248698 394.32457029494077 
485.90852036221474 80.52974615219269 94.17564544991717 611.553310675805 553.2097653869905 339.7050083628113 582.2440261359612 268.97120509398553 
60.84693976411946 279.99856652425433 445.37592053523366 373.5322623245666 163.85544373593984 284.4266383100976 483.0970341439768 493.93222911824614 
76.83900220785776 412.29893400684773 427.3951710046971 116.82099553652401 65.76239900746044 312.2854987717703 496.3477722037926 131.37202697051464 
462.43736878332504 211.88703840468614 387.23932951640955 375.8023070322809 172.79487424618304 191.90305883605842 455.2620952437516 129.43690359152865 
100.03783017506704 504.4911682922287 373.89429830455333 183.91154826924128 253.76799809976632 443.4115102419059 323.04908646026615 477.10731930935475 
466.18068839912445 25.049975598108137 301.08841814671234 23.41082261039889 386.42114124800213 488.8139521732885 506.79536072021966 23.894001071340348 
574.1961560972114 375.4944431461258 487.39864755207736 390.0069089190257 63.73505122561836 292.1881918383071 298.7431966484856 464.37766610807876 
319.1932592981675 222.3736132673445 473.7004924036722 472.3128802868174 452.59275222773306 389.73436199873174 144.91231411627848 387.59263966133585 
525.3926683297764 34.32408195362673 617.9617888726104 246.1536011797815 504.784187546219 609.6663241575591 241.06544465183515 91.25410302538407 
595.8031931303987 259.38320043808926 167.38003115034851 283.7148392513136 420.35459122593346 181.94669200169375 556.017726065863 60.82913730463282 
64.24202789703675 442.14611384257756 507.8637133855116 177.53621086953117 163.29665599603786 137.8657835537902 182.28969330398985 613.451540535815 
149.69881212505828 180.76641784508945 90.85714491314019 79.34783071876335 529.5863588956092 499.4641399350381 514.1041292767685 606.6803868822886 
213.0433247552952 423.80072393979174 537.5092618071174 253.75076829320855 467.5626904627031 358.7989728371077 552.7267175527071 312.10226084523185 
216.07706623837356 606.8968337762898 220.1860011319835 146.74116376126324 550.6509700921323 547.0541786050399 239.15023316377182 353.7773587167059 
482.9284915878132 329.3257326845232 221.32656422957103 269.07820436620017 302.43002919391193 193.49425420720564 114.12274090994023 611.5292650496118 
263.7920061806045 470.357335330061 169.6432963492075 594.495760197517 474.04306992738816 74.26190498596333 605.5193407169248 589.078489081155 
201.01075559770172 445.4799522073597 453.665464253434 572.7578268544539 373.9523023290638 451.01937548145213 43.05778638249443 347.01978346156324 
597.5031513899036 302.4635708482985 312.62665016729346 457.55764536157614 150.0373643044695 299.4335972058373 100.35780336781106 500.6431424700435 
587.5331014766834 157.266723758225 504.69597217756 49.26070050209783 524.0374484881584 27.5049611430269 364.3441726890047 382.59867194295754 
309.8240122331931 269.78736776260666 52.55304614529169 552.491298055608 278.337167264262 183.74003236859468 331.9935049130652 70.40504034157416 
383.01663826136473 259.4572517335299 566.3066757206611 248.56308303841405 195.09622300283434 55.16785363238848 134.42487860163746 578.8018641169158 
183.47047139107022 160.6802242012292 443.75731069319966 482.7531547296814 547.7227806939693 55.20003012880264 288.33417779982966 116.94569209557626 
25.40910253513358 618.1141366338262 248.00323344431837 66.4199617676498 244.6905832128294 401.33462674715423 174.77208833690028 510.4498347556655 
343.4091942999752 121.79665978000752 362.39051373524387 593.9650264897598 325.69991203359695 582.7037928655435 345.26598986728675 88.26786404929844 
577.2332744582633 382.1147135613064 222.80673630071448 174.6383420544956 110.1821385824901 517.4650297515799 555.2855246049049 334.4209849373019 
459.00618488068216 344.61773850175007 27.31840737112275 479.18753622226154 98.14816574318608 100.03640902401041 425.05188298385707 204.5689791228014 
402.73541391458434 144.67460752919936 423.1522234073867 401.3507973249416 523.3805672896699 438.17536219564005 27.69093588564813 607.4251009632965 
96.17509316245578 301.97445083962936 471.0199025352101 34.19354901309844 58.96945653894941 479.9012871667034 104.73002120793267 151.01456346300918 
395.03370783402767 54.87106748892141 186.7870480653084 261.2888603697673 375.19211551607196 130.26194931694658 408.9385322962874 453.77683339257374 
419.5257039563162 534.5711695813256 160.48544954326988 62.74163162397768 49.73642486458215 557.9435564970127 74.51226800587443 320.5116953029338 
353.26666610616087 479.16643670285305 352.66937118189935 236.0564794680834 330.26795592161744 191.72461073714422 314.6014326342865 83.16906208170408 
44.51240094138814 387.5091168490426 168.1154834592211 31.849460559698265 249.34089930123048 506.77354114354995 146.18256735751967 206.4824471153782 
309.7416270172599 412.93162535228964 106.8665675222432 204.40344098325926 591.6526824644405 300.7900241051206 442.27406001155526 458.4463707486325 
39.58256146085067 96.80972606633591 492.61894322265147 177.06728601480185 213.64235227193748 359.99014727268695 411.49547014801146 545.6373031797223 
207.08314869349704 241.9695138549926 578.453678898962 422.49879419402635 615.4327269897857 214.93522508584 604.9706291307315 113.37851483088349 
78.3250340193311 25.938158151960526 129.91157843478337 157.75135335191382 465.1162864556897 486.2043954874153 150.57446609947485 210.7486062059741 
325.381429601394 454.03837629930814 185.41182489378247 254.20434094563154 175.3847959354733 319.91102017738507 514.5235553303651 520.4338021719741 
141.6185286085065 52.32668583844118 294.01449083772894 262.33734469665256 32.50271284360438 413.0627408846594 490.3104788704072 453.4239972532981 
59.340820690415555 500.3753597576402 330.526678399152 51.348029188501215 577.6243092725391 528.7654107038691 114.98188374667131 208.55255640927075 
569.7800897341492 303.8981785734814 587.9525349777722 363.61382276771224 140.45457738611188 201.2706099244846 612.7603097460632 296.8798578837174 
445.42817883819686 207.2198943095244 447.28688975085 183.9973666334733 25.2538416810483 530.8670726877026 66.00975647324384 430.9205557749308 
464.7135180341671 245.5894823681852 124.6527568666116 223.99564117933357 249.18618987531073 168.61576072054595 113.5450478012267 478.714718788204 
239.02135664139567 137.33712318126936 395.78249521437897 220.7329349898666 533.0115659610831 190.92874060937072 576.2848461931562 182.7424920134111 
442.0578209539069 315.8749181095112 597.8427991149902 550.7974374452186 244.1216818845881 163.9917886168574 310.24852700164104 343.6827600549093 
541.5576318568417 301.54137088355884 608.6033992321038 58.92175444688108 591.9196629161182 98.0307006907447 386.8967562834497 369.015342127184 
133.33564777523952 113.28966587884318 502.9494424119505 601.5070030478661 375.543413299234 191.4214998892854 300.8157676592189 286.46716168072606 
577.68211225577 220.21956888074476 586.7377784392951 604.990784500622 583.9327871157508 464.6441791252074 104.74549468036943 322.30189434947164 
38.10170005872873 332.95323197200526 307.9968899590597 139.05878091283486 148.24043472640935 584.0804039112736 371.951375418944 144.4536261912607 
222.3962231794989 334.85465667322404 545.4705415595265 404.70028396515164 546.5864991308173 175.65480406852697 285.93991421698837 470.5040975382195 
526.0912069058511 53.09289133236122 574.505322360709 337.1072667705177 361.15691637750206 528.3201270884712 157.51801400651985 140.50376044483318 
278.20610792331513 569.549074521957 210.28175577245952 223.41734309195266 487.64568212229113 187.3860519835102 269.1961015518242 354.63656479708965 
389.36834881221 171.56711433769425 228.38932063913768 35.30043957517904 497.04060600774693 337.6918290285357 546.9348712704965 175.72852225652778 
502.2710750590164 242.5481779418894 162.7450842574994 576.3892301699341 249.75303219092868 476.6226336349546 159.2358935023847 396.5999899246594 
344.47467481522693 392.3889690001715 380.8562467811469 544.5532478033477 462.09120862474987 276.96967459029014 343.57600228981704 472.2616960795085 
183.5520569333255 527.7636544305486 336.42621703192833 609.0168744710625 125.07741685163847 139.63402537092054 560.1852615034376 216.95456609879537 
84.5775934025808 562.2496416305391 499.30472486765245 402.3209817583267 75.60889360193977 136.17426346457063 273.1688714118664 566.0332636331475 
69.95998993520703 466.29700501669083 462.7813397869995 127.1283246090778 419.96240561626183 41.19781488454788 58.9727251225426 102.69346044038146 
281.61873154537057 357.0417898642546 128.2230707942303 477.87276433893317 509.64268779813716 154.59606199024842 542.1927266524564 249.5429019360822 
245.50434004950714 327.96293863715584 67.05550661154197 577.2521376078087 569.5745882348072 213.62319226219324 58.72785721772751 225.0162103459505 
538.4624390175996 318.3830409739405 160.08775104892752 227.56495463644697 478.63893349717495 294.8188193240324 346.2770389158619 64.63338522678276 
557.4414697132254 322.8128313337724 414.1811580018866 176.89084173023608 202.55216339275916 405.7743449190781 162.17968404197532 607.1021756996709 
491.04420554386724 40.13939406934833 56.26177219967281 100.11462529230667 379.0897217606019 266.74305737101975 528.5999970942123 145.26404276347338 
593.4230694918385 62.658169804044576 604.6765069965157 594.7943747206413 355.65322565987475 182.09397099916802 305.0551144049773 41.88401120190009 
460.5190712415373 104.94866923598066 617.8931441424357 491.87295268401164 579.1813101341683 301.6094556620603 388.286853410212 410.28420097783516 
408.64465457567513 572.5939614242254 420.54399013076403 581.2335153412306 38.40430501366033 371.6266072555958 39.47738001075649 559.8210694073395 
455.4101287050484 570.7439231460999 306.8133366438623 252.09866299037986 458.44258729296774 276.02232787326164 38.80844086827287 306.20655633830904 
202.99397410449725 452.52220909244204 321.16868486390683 548.2733350253284 147.7487655468763 467.04217374297866 367.364513793252 46.67280599836232 
523.7568753335543 207.27696525257568 116.43568447490603 138.23150731406966 597.3935130996647 185.97301117370188 516.3795856524606 499.9807292625068 
148.19943166795323 588.6753257221173 389.2168007669958 100.04660706226048 332.6952511136993 373.65934193097684 323.82773213941385 611.2722945818776 
55.2637109448853 82.64167058188153 192.6538305424183 421.16567645439807 317.1935161944111 170.86338297807032 438.3575038782221 521.7665967473794 
364.97852592259784 615.1395688519598 26.53406565750867 513.0272806022884 208.9661063889683 508.4689855192952 310.56989981374267 303.2996185516131 
233.44838398050425 99.79751827968423 204.74020701870108 440.52320003394067 169.2899921676022 87.52920112054797 611.6402989269499 157.70777922640255 
450.18632026617666 325.3784774911271 200.044158672657 166.3038585490548 123.64586274748173 249.15764242855735 179.28397029591287 581.05527412627 
37.79035947936592 483.0930072218524 466.24440247717587 109.9274640893626 375.0666609166583 434.2636161371 391.0653984308447 392.705076017757 
353.96384322151147 33.75633802165473 437.6472081627441 321.8529296790457 269.82960120871553 133.13094326356577 465.05140153148034 129.23371867399857 
195.87935021949147 414.7890470385501 205.8916385515876 372.2765699648828 615.4920961112189 424.8405874352781 187.80792196737812 303.18988512628897 
206.8865446997397 487.06158975118075 174.11816664994444 254.81249736020442 551.2714249050749 606.5370241303434 169.74062756194425 226.6966709325407 
85.5636623400861 421.5824676025613 188.4812041268991 205.0168206106666 570.7681049016662 412.53831063989475 527.7791940400766 99.89765210273552 
297.11274555803084 526.0302595229357 247.0052684885265 333.755525082439 597.0329606074115 323.289977451136 95.40545192371285 64.24666380405415 
187.09869519067493 111.12936982024745 85.78490964675329 375.41615547221204 609.9781545663071 264.1626382331733 60.025143065423066 120.64133007881992 
597.5320268076013 296.86944326439027 342.5284808195538 450.963278587281 526.1316836717791 594.0933139552856 327.6835416299074 612.4003937490862 
485.29536294914277 258.56866641231136 197.4454900119289 145.83756973351706 230.7358639786058 284.0705739556475 315.1247472984153 573.0847436898584 
442.9137283452629 412.78070036410884 191.4779209979731 402.6988043431677 62.189415094602836 385.4633643204008 269.1947982175857 239.16222440756664 
221.66852741564477 243.04543717510285 321.87506335815124 129.01252685472423 248.83339896192703 488.1936621538741 413.58847405260263 227.51613404647495 
157.05533369108875 65.48347710586921 315.1123120176634 419.4804013152026 198.08078504023393 468.7527545742753 22.939865140591237 77.79758516661332 
196.58541516029806 434.23438482476337 577.1535563062896 493.31447169260343 337.88990564224 28.06142406680246 324.25671221459993 59.62150030546496 
429.9309642496136 86.73861280422553 521.0574133495692 46.35499662242644 210.58158237462266 519.1737943250134 125.69849434642886 544.6064166669961 
421.414117372317 528.863302017241 571.9271672105165 518.0322028050608 318.9999996801773 364.8248499915 72.69823381586538 443.2580775862855 
44.83975063645498 159.8717051240981 349.2044629557048 173.1716217779256 225.01731207018926 564.8219387519031 231.42805813946154 406.696645366865 
320.6719578338733 437.23647801860335 526.3067690567632 98.64332745709346 400.3821146871202 193.27975063290347 299.6085773733827 293.22779030062804 
355.5543314098615 381.296611745989 267.6085768348488 414.8548285792381 329.911513447058 185.69927071285733 344.6619112874379 199.7575351708985 
284.17397041749 119.75816125470378 142.76636824053065 202.08771886191724 367.0270495717856 115.89028056198181 569.2085496945743 558.0506808950765 
313.4692467490758 572.0388022745266 618.3872670324702 241.67814299672042 441.63430416688277 262.73783309518456 403.9078894736443 395.8332111678631 
369.18130729303607 173.4559704518426 27.041538757783215 472.0409220130888 120.34631248596355 266.81230297653326 227.6426136883321 62.7382961254545 
44.74937907135457 339.2588911961193 113.61877413119788 259.5375034156955 319.05072082582353 76.82320480034551 615.0467116365671 321.0960693742908 
352.54972089546885 168.5043348346921 259.02784969032143 584.187624336679 367.8206100565757 485.91687292621305 611.3773588774911 501.56720967679894 
377.47844058764673 487.77603002063563 481.2406076124889 40.224701113773904 328.16921377453974 557.8177928615888 134.73043818890997 223.62018871332978 
532.8779587207839 134.7479633814857 313.6793217484179 551.4950481123501 462.6482583866372 42.813687009948765 205.5999205023001 180.85238608596595 
118.8073289829946 381.59131953965243 460.94791858023234 301.70076932917044 556.7900994698755 483.5843860769658 103.78088676830076 491.1547988729502 
282.6562140013189 398.22524478880814 331.9068681672342 579.4864345365736 593.3936409948778 510.87444590156286 152.61640979975948 511.72066312846846 
82.10265520534728 255.41129584544993 150.09195518579892 438.36949079325086 79.15394353614411 29.00950524149444 230.58809492665725 418.8977056958401 
350.41458755692844 367.6917033157397 141.47668419423192 471.51445849544945 523.6356332277485 391.2563889838067 310.25039122161985 52.88419173700501 
64.0951125570073 76.17133811891216 99.57850240687105 401.3508180912861 570.5900354685554 265.0269433691295 324.50872246984943 127.26873668586947 
512.8714803557598 471.143438981781 227.90874610011844 384.0346813354859 281.61605572869325 86.92566134433116 260.24126353988913 103.41382451098131 
172.02791954682476 354.5591144153865 559.7663240614467 328.7542426142004 472.1648119276353 407.6410756917914 179.26454543950337 229.68315298694088 
377.08206877647245 42.34055211855954 455.3751961959091 531.8789432846762 399.8880675577187 426.6807902951925 466.6427504758756 245.51261374956766 
500.805300740353 106.53802968571912 276.3655802349273 325.9523535001251 105.33031803160765 616.950404351684 206.3408182195282 450.32512618189236 
332.58671952075576 157.33059697879898 137.59883737352501 443.5288743378073 504.9646867158906 139.1760836612611 584.2212773353466 37.28919549087258 
360.1409072603011 364.87063132898015 236.3362827051676 395.85416635301095 336.5725993583759 146.17093545554965 418.38478986966163 191.92114580099934 
253.55944252380692 20.97200181767725 58.75152259320358 166.38926432579504 456.9671251503743 76.94511971077245 316.85449293001005 255.5312562525613 
51.706212700070765 40.64209744663323 363.78673472130504 519.178597247563 192.06017664894958 440.6596567117613 162.6040796430428 453.51347376913594 
150.95632821858985 103.45751803144805 444.352600250264 422.0615425085542 439.2733137492802 390.4241230919943 425.9296238609319 88.47900200764856 
396.2790006794339 334.7836200435195 565.8719640770671 284.72793896934894 22.292469101864782 586.9379278956221 404.16514414592507 498.2335742660188 
374.6639512724817 26.83765364984361 282.1673617770468 511.61719681816567 598.1662865205361 251.97546817482245 288.7419651475786 478.5985131664079 
610.8917741691148 299.5958619895887 128.6921494785567 469.6612411424189 616.7482556655654 111.71496295680687 159.59171991047438 71.07552794023293 
165.6478749067573 201.54411800434778 393.10550042072424 570.8711953372175 232.4826385315076 129.91106839849317 406.8932747443697 415.35526272599617 
535.9802475168163 350.2724340981983 263.19106702860404 569.7677819990649 68.534067040385 130.91123389570606 280.1632413806504 566.6695467060943 
558.1010144000996 612.9132328688572 52.11948284931798 375.65548153789445 133.26097714309475 612.5158304393469 264.69027758076584 577.9874936041052 
612.5316797758794 526.4232671512264 201.0545300055968 79.74048874057583 389.03266932267024 448.6819394598221 185.31327007395947 347.0552940803602 
231.59212799703985 357.70941736108983 359.10308392543124 97.09233764579058 273.39031289412793 182.07108379167641 537.5430377260793 528.2797144368444 
209.23339802374818 103.59810238841526 40.608830877484465 523.4493869552555 472.5514604771107 406.44043137185565 146.0279885632582 409.4554312715309 
513.2142206446031 330.6485767315037 559.7897270198282 606.8678932900435 47.25854202790321 338.8780394058379 50.36340431503353 253.33607244204342 
299.62123350864175 354.80989482492305 142.71915872886598 434.21502544952517 610.9709405698173 481.88160703017957 118.24455364258398 604.0489956310879 
329.733012549006 60.921582794357334 516.6509696113342 332.50549333749564 460.40088655040927 75.28118797666116 85.96348653058557 58.35384474678698 
289.2278885058264 262.05824562613896 76.68807256743267 85.08193907698814 558.3931305923941 438.0054474956341 526.249630542094 201.74484392478345 
309.73535632334824 98.71766718697717 329.79495535912383 62.63917525038963 469.14829182024476 99.69181669608997 443.45407717774384 609.3968514838527 
392.7314574009065 177.8528993025497 116.15387851792123 369.0920512177895 145.7900292839716 22.140334196078776 196.07772374215378 411.95512466119476 
435.77767425187153 351.7478973304697 107.86481476600281 102.2871307978452 70.27589789928348 610.6113136642756 446.643051670469 126.16888900471753 
561.1038069571417 236.73710902933004 484.9891433616912 29.558141078028328 45.65201854423314 414.9665913835359 438.9097156586249 450.3686453670912 
246.53439778939247 371.76859204072986 488.9371217210442 578.1250805955427 540.6514505536367 420.65474275674643 102.43385866071652 124.78718320913003 
158.75905716560263 116.81111148946732 153.1990762010266 240.33724169877075 286.63632472579695 429.53986095327133 284.4712198086952 356.7244119712138 
388.9464092959102 391.1047661967154 311.4203433367019 93.75976710963815 26.88376813396976 430.574215090727 209.22393243638314 510.55583616916215 
190.70195704213967 151.25555924857701 582.8199928248816 336.1041474885966 118.21548216177145 60.314551023622315 264.43109714442414 362.5849469058107 
120.36949494708445 109.17356870319699 434.95323837691853 535.002369429582 84.97116598751032 53.282298489417926 215.30312543582016 220.73920346286022 
279.6764057106739 189.85494642419573 23.817719724923883 292.6247898808701 425.3256737587307 582.1673046323936 345.7998136889221 409.1098240200679 
360.7227194136175 29.007704807290516 511.30333838667775 25.141893454021805 369.9498831052289 387.87552752911444 427.25215193821873 417.33539891282453 
593.3138237298177 410.52108129373164 559.9860808130218 357.0296688703653 293.0153062829793 599.4203812614602 414.32794345885054 414.82908055896064 
294.6369637083513 543.778905353646 105.26535953115655 430.21875206651066 75.54253782628572 343.65779959244105 168.34105187056184 29.849721093692267 
321.2815892395466 480.8164717306225 304.8452969669393 228.08735831063893 321.0933375424829 44.865147884905014 307.90455739303974 93.4166134958851 
123.60327751390766 573.3213446306311 565.5596434921426 614.2980167406106 123.80654107416667 114.1637999788512 286.92754956139044 448.06806419340194 
502.4315389279222 69.47779334193767 147.5404593367791 186.47787933612702 88.7777488551207 128.7854917860606 599.9557128639436 121.4636675074315 
368.1213499745597 550.6550693923854 445.73060059962546 44.7429932452524 104.78258335356819 601.1824560723908 414.8556114250713 164.83035793172124 
401.94834606323576 107.93934195976153 448.73991547963135 575.066147544989 569.3439929300214 437.9812534911175 532.8428381359091 456.2522357763643 
119.84793801979434 158.50945693813858 75.0451551985615 147.48859394924492 166.1429988127015 588.7803848039396 575.8537644824276 368.8040454767368 
38.49797228689907 601.8564257828733 286.5337381956688 229.1754313578232 94.7734350433771 384.7916798193015 301.2611995248898 603.5285345553503 
243.74533268583565 415.84663072322 279.39114854733066 412.31481070862264 52.84026565122247 67.3253334079294 543.9336227525683 487.2574652488538 
461.37612164151 392.62884916056896 452.3321697773241 456.86079473016304 70.40177856803808 206.11884340543722 485.63832608984984 35.27640844028735 
130.22974720607147 514.384931849422 52.17581547693946 48.12010952289678 96.75541935636787 107.5095687700572 551.7882460066546 478.8333154262397 
577.656652130608 68.92431814538634 596.7640506122498 169.18250633736014 39.567483797584615 312.4511091611698 435.53248126282654 557.4907736415934 
597.3198056843189 205.12229444287357 375.22422752261286 388.1949347148413 556.3464949963566 484.37338523922847 349.19066168937985 276.3221028040501 
129.34003421708803 228.2019108658817 125.57527684354122 160.47948675742873 98.26026947184361 186.88652250509037 403.03103836650183 427.9510813720644 
342.7849445962964 534.8597573775398 389.67766676498564 245.49506335360888 506.29691810478386 451.3284716235285 211.3922460244783 579.435576007434 
420.5017668533052 488.23546966831015 445.5271529767734 338.6427578890643 459.76944666434173 434.1563160570931 226.14896565530992 23.99472982572484 
346.2938433483599 532.7248620048372 316.8921449576155 417.9150960234716 477.1640587327317 264.1814145318177 297.5211699402836 197.58012517692677 
394.4408672719262 448.6370580783566 160.29496129893334 105.38888566413954 569.3324426595638 179.64825763536516 562.2272599475381 460.29048733254996 
21.562919656290894 46.69508788120993 329.3367728978269 543.5619140649495 445.0275373965447 455.1570877214442 158.9808472304618 142.63028223668184 
60.82822890150544 202.380446820132 616.3663010744123 86.53337135119442 168.78323765841844 618.430197183879 71.33135567051133 556.6119713925422 
118.50469304880704 330.1212817901851 171.49224826178497 306.02803176275216 371.13774783750074 56.92211520670412 197.84834918713207 71.7021071688182 
472.85512456838217 397.3244500784989 198.93954620522845 412.2641434417641 511.2007500746973 314.27340135833754 549.649598725829 555.6110673601046 
375.3762847166985 578.2511515844769 130.74926520847504 189.6651295828288 291.5642657876002 376.60829189899295 275.27290193543126 279.9266480485166 
254.38161358608812 47.73646963259573 177.82231406712194 347.4149713056103 325.557295592282 248.67605127983407 212.89166000489809 590.591340422892 
320.927785486687 614.7526102714234 358.3069441002478 584.8574376527489 556.8442510298308 519.8360511856138 269.8742340114097 243.22336755150266 
77.08497790201903 495.81586241060137 503.3298829366423 471.7389168439149 331.367048457526 619.8866531167198 329.6869779617302 503.2815124007137 
226.5508048443943 128.23731902892234 340.07133498411406 443.29518406213356 421.63097686336187 264.73783639609724 186.14109604833712 311.0736253408845 
87.6081783606747 523.2173907459437 552.183620594108 210.1817347334655 103.33443348123595 191.92751348652206 604.9832034209142 411.60890501682223 
408.42675397158234 458.78402682051916 317.55372661288476 283.2480275168677 384.34219193067446 85.9816354362345 412.8296575284303 549.2940106973209 
484.7082684985886 612.5746838093798 23.409415161739204 313.15535537228754 486.0026275641888 593.6181098046764 113.4446287393683 227.47279599741054 
79.67544394295312 534.4620821189056 458.76921698169053 544.8385279912733 476.8085558054401 128.79432990265548 331.3619415325407 332.8098919610838 
446.4048642186128 159.02365657276584 584.2361439397525 86.81129853487539 158.40192040667463 567.5985969788834 182.8506281439639 524.5179741016103 
552.5034000558281 157.85483063553545 179.13509834504433 95.31553020848978 503.92212151905653 532.9851805430307 74.22427066571376 488.42881621745164 
207.12853523310594 231.72593994869862 465.9941087148422 173.31410714399226 148.69822050436218 569.3532090502791 227.49408242292944 555.9080907506404 
190.3523572089358 442.58305104820084 612.3692534097746 284.32763876299555 433.28476667817796 106.96925236657064 33.3657241586183 187.61392015797355 
284.86930603065656 485.3923399874213 610.0134196596556 81.11481009973332 98.84145609097683 316.233698832567 331.5798594966092 22.099139061883037 
310.047703872193 199.82842872657054 31.38866105149374 149.196632893427 334.856564232542 551.790859871093 518.596525678577 589.2573699989973 
258.3250160268328 421.80627248681265 163.5224976965004 65.22431581819004 79.21400513824413 86.48278872701971 382.62318993503567 388.61284571116744 
433.9468657067837 274.856960167328 219.20779697787984 170.19095501614476 470.604307469815 35.14696980177959 365.98654960482827 232.45386622024913 
94.04981606055716 201.34716407476458 525.546498629955 157.48690635295245 153.27916335379314 368.25759695056615 554.8481519990366 353.8101812592846 
292.0878255308626 233.54238648657363 389.8370634492225 175.79904950213094 334.14991207585854 115.41070449277294 496.2636954285111 179.27398066534946 
423.6025866593849 404.51393599300314 542.8056948111697 546.8536264634246 92.229578651448 458.65305705835505 142.5860963316391 466.6647386032258 
174.3374845878921 598.8896649101889 259.1812659376273 398.0029272064777 240.41883831156153 215.65470439279795 423.21234485409514 307.53768363213453 
570.6953853620467 143.44842753120756 255.6140020884903 309.6557375031917 439.6356252718163 212.7253933456735 143.67407288464824 94.53617624747251 
232.54014227921053 437.55835309240655 265.9380115551229 277.5514818935419 65.28854224693862 47.67462693640943 312.07183901737807 553.5877122656108 
328.34185157268246 123.45881275560633 593.7773570014099 489.8781556621676 126.09395895198601 142.51555378155592 592.8532690210959 540.9436995732462 
532.665906606201 496.38612083930934 142.49615442042645 419.2340055926024 535.2369202897049 386.0125493027496 187.9348417095998 505.063057415141 
86.00570305721547 454.54307311692804 222.49214985387727 129.43291926600722 233.87583293158517 466.0726183554772 445.16746773425825 513.3394459952699 
56.95916943251161 488.91212101635614 35.83425220158037 497.15360784102705 466.9907559490255 391.9804270536602 494.14583894718186 343.67235437914076 
506.74909162375417 412.9124007679524 338.2436957855648 248.43255102233152 111.57562183004033 306.47723648130983 609.3614812797563 140.88191705718702 
56.0870124558756 131.90045209804805 578.4189980716719 310.0006371626139 157.17408836816796 487.6834834813951 400.69956031037015 137.9673921140061 
554.3811219707088 152.51466670111247 614.7046633748275 175.46359237536532 238.75921364855853 40.865120280635786 531.2795423393476 342.2095021691206 
351.28765117789305 331.8635961306799 109.10362807763796 386.326131603197 121.95677084696094 580.0437442426543 462.6393935763554 486.1164726863715 
470.6062386596308 166.55783747709103 98.63348759544324 27.85994340042111 440.6124576514633 199.45041493147886 327.2638047082524 543.2138168257773 
586.51887216829 321.5858499895684 444.0264022698173 339.8152625607295 586.7027812599183 234.82335071037423 28.455855231748323 308.6778802489025 
102.17268684880132 299.0334031292876 55.77283865270622 341.9763748067943 52.589641304795606 514.5491785405709 67.5527478699903 144.81316822947835 
430.60648150504795 346.6467946342414 197.50900760040628 374.56073614705707 525.6187582269556 200.64811695950402 198.48500063535118 191.37335225126262 
378.02093949920584 106.23985200694335 366.7480662326061 53.46193488747262 35.06182639894122 319.6027748438262 409.67961956917816 140.72604102975845 
529.3927196869213 301.94466825113795 252.95503458266282 540.3363040732273 451.40236964604304 483.0308565298409 333.3068721788913 477.86143665719675 
136.43214469707743 568.3060763278663 272.9655655199093 27.533394466806477 437.96540198315324 298.201384371046 381.87088956019807 85.24447800977873 
607.8847413660056 318.2198757419326 383.7483399562275 137.87011583743012 554.8907996900897 368.3949260007608 112.14395862362481 112.51102127002709 
302.17653050812964 550.714815729118 472.51131532465337 139.24866726126282 415.4504607213149 183.10736585395432 116.44464300616377 611.0075434741836 
122.40299896781653 298.5783663365835 224.15160828294546 274.1182072585659 194.70916651342884 398.09758304649273 541.2595851465412 433.17471330147816 
413.66188359253806 615.8261119935698 566.049248570577 103.78026823814079 190.52924900844994 205.27874503916152 133.20906552002697 96.77473522795188 
262.72970901281263 205.01510284852213 390.20462967556927 567.5379286601082 536.9189511341733 292.45346295562393 312.35638608801247 113.96229270125043 
100.0819942923092 384.4007302488491 252.7196965442984 456.68873844667405 169.7245835596204 292.89260738863754 172.8608678559823 485.1994613752992 
104.25731173239666 494.93750634292655 150.62289268601938 203.36138422983913 144.66642855174592 24.757985860206194 110.97474417182916 458.0141408996778 
108.56502348755197 247.12357346075973 76.03786220175792 84.19609890639796 207.7183328188759 20.36860030372088 580.3836949546517 50.60245676887723 
110.13684351312293 307.6888672773819 47.6959112079185 338.86886467406157 317.83114580306693 445.3108466663059 474.8911961976246 40.27469860764912 
481.3220415611629 226.1271796281495 519.7922152435644 503.45927096790354 221.99982013710596 507.3922945331538 238.44660874901743 116.74520169414755 
383.42646356792375 601.0718035811993 468.18574136893034 58.66226422559209 382.6743217876454 455.43938204997545 402.5169303754394 300.2658632668272 
82.79534608126549 186.5151049838934 53.94296095108964 92.84351679015965 357.5142649478542 467.93869086743916 50.802483798562164 524.6034143145029 
269.23978614718186 237.87168520712163 364.22532184433874 279.9385803531981 331.48729403132876 331.52209168024154 311.29614284431364 484.86049602340256 
476.8070231176369 197.88539883801863 530.5204486728592 472.195873112312 101.31123511900265 209.2956038986174 575.6864856248533 50.140438063202325 
506.89442062100153 22.380078799596518 324.21703992321886 607.7632815957597 612.239967685226 399.0119918040314 346.1045484178965 541.0557878858738 
353.70729621658654 445.8540091304299 129.52362724960227 433.1186140827469 547.1930747175408 381.08711954079183 409.2144618753347 572.0806670332677 
132.06035286411324 286.918185657528 393.73102264818374 540.3437670385714 268.2292309970186 456.46008729532986 37.6477594547803 558.7467354063627 
307.5230027807631 93.57824386298888 254.81850267447467 219.24264479775564 210.36334295020495 274.2970547858274 118.78142512925925 589.683054068824 
128.90837357943582 428.3602640508075 446.4037341739944 224.30282802481895 27.727408780231926 549.5388548802069 510.8597742523686 363.4995649529235 
563.1060369213491 493.28019900398186 580.0365264628828 556.5009954230362 592.0752285172019 470.2923571093472 326.4599664132223 290.51446015907356 
32.25854461959992 394.65711635689706 104.83625349626148 159.9520673987465 143.6307181186816 95.06559448656999 243.30138720964808 459.32517709841915 
53.281740901249094 147.77019756845726 244.47307566444832 33.40219238061571 494.2800556080742 239.84656869678 542.3986798925661 168.22319382207542 
79.72864966225174 521.3594443221355 611.4928494583129 456.56532992469454 183.10763689912625 155.02592588023617 573.5586191065286 121.45258430387571 
445.99738822041945 21.9702041116479 398.98586358457476 431.3037480000044 84.27564014089464 492.1632482010983 548.2206434421381 390.3123381469774 
513.8825755949579 318.1413585500629 249.59930765372803 237.65214388200894 167.24744445233216 460.5972160106063 559.6411943218402 439.1023418963142 
121.47062423288853 604.4373308645341 301.89341532606323 204.68559876034305 309.3547734063899 273.8994215578207 130.42179416386392 315.91325888535727 
434.3787944829477 405.32378293655916 114.04145625937326 196.2311827765175 60.708558793288006 186.17200859151268 387.3809040574478 308.25999022245253 
299.3378732361642 318.8871762313444 164.87342933684673 111.42348318284814 61.453636421663816 618.1890171537954 163.76944024994344 563.5590432521634 
400.1187941278497 400.3979060436397 432.26353317107134 500.1036667023036 611.367045969831 73.38146485793753 128.8301327300802 374.44949903758265 
515.8027924992994 85.71736221755616 548.8613110661353 593.0624650095779 91.80026122257918 143.66626746837 244.70061414868235 428.9578873176503 
381.3955108616023 554.5485989456389 35.16667160350165 47.1268106421378 139.96502435808642 505.1187886765125 450.6602346064897 525.5066783668342 
250.78470170404051 233.53088633844163 109.94853898249804 505.09027980343893 475.56297650991957 403.4892202380976 74.7206067794306 252.76659292284847 
262.0417645755385 539.1778800140511 178.00732534039832 70.48726606238668 479.7590980151724 329.5626985946755 472.5599841993592 534.3526541864899 
105.06702356184934 560.6596277546308 95.28114011548026 197.21087153799792 26.498784005152004 584.363117746165 393.8013162280646 338.3639595418476 
491.5787049253417 182.42831935266858 111.29569621992195 93.97458262448933 466.1688101484712 34.20081271803551 575.6340467797772 251.76727481490107 
127.44573560679281 546.687739413792 588.9580873661237 543.6177347271391 61.60187115181437 155.56384987256934 463.77973278809435 619.624249904828 
487.36424188978214 355.70650805277154 601.6941727959025 37.25460954673128 376.42507199798507 269.8531431112707 560.8013438365263 549.1625642420611 
91.87778846082169 313.97509607166614 507.9297884596281 323.26741972243775 515.7520008823235 467.961382557379 501.75636365206765 478.6906131527832 
186.74146068323373 410.20648498000764 402.9157622935595 71.1429260232825 519.2186297166531 524.6955119679317 357.1935817030866 211.35615087226276 
524.6295531563139 539.1807356075792 147.8965145483111 350.1529240166501 406.36295726413687 503.04320638056157 63.49368666023856 513.7485191681116 
549.1871283103332 563.4331568557494 76.62257844457714 22.878327522589718 574.3484351381787 348.28294319332787 280.55359466518235 179.34472532402003 
281.42525281239773 114.78632045652218 279.20677740556005 553.5771662486475 248.03101126248242 571.93780525838 176.81455264022992 256.79921302177786 
608.4600414232713 235.72576527711007 563.324197446902 131.39621597327954 282.3701350090879 125.57316351094923 241.63387805813426 143.07744682098377 
274.595396546449 560.6195297508307 192.75585190610752 208.4264177400417 417.1833082719923 164.43801114590474 225.00065256674677 241.43314483355735 
74.74953734679988 136.7813112686486 103.27615027016651 152.60206371080895 284.2445177524785 200.9500432191846 304.5949447854507 84.22939652151473 
150.22525138355093 385.3775162819171 95.88412192754512 115.4437094448946 266.72635623117424 148.0245308479392 380.1909601343745 20.603392926757817 
286.8239000500528 302.17796418785684 307.3783456707126 414.6448438965035 110.98591776346004 152.24695871694422 195.40380924234816 168.97502414273504 
515.3032091127654 398.1503656971758 58.27563412303676 131.5023037194777 390.69442656508994 316.8893230732736 586.7801318620664 534.3991249809025 
514.1787862349333 79.89856227278732 378.0735133231825 23.190454231072803 523.3106398211614 614.7703092563005 160.23239300817437 190.76156999766252 
514.8693073704245 169.9445042878826 307.8564214710914 449.87910574233024 238.89800206669193 90.95906713108087 294.8169809583802 27.819016716103633 
409.18567154107023 66.8539813144044 480.2456313058912 616.6951876067837 601.2854751428797 455.32290181985195 173.85601324027715 363.0825071489135 
359.1636099074472 45.206126893661974 476.69300787444377 30.528139754367636 81.57222701333336 564.9185802183067 143.40291765910177 318.54470857539746 
209.2403079266442 595.406630733864 462.1183737027655 71.6791334692341 383.97603191877147 96.22744552162244 498.0517660146862 462.2509857975794 
400.7746516767084 303.34469856770215 196.890825587143 580.3539381271974 124.0253505777566 107.23428164571669 194.0903470965588 614.7142020573756 
488.9111564622985 369.8938446066068 526.1535514997613 157.99963505848118 59.09526477704735 189.34992307337987 589.9969834275427 320.17325308518735 
361.78788615558176 470.2563243666933 446.4926438175112 483.48500419218277 371.28710988937786 309.17760565493813 114.28113198898596 482.69536557235216 
262.08779553813383 53.15136432859265 249.94950207227467 544.1247310039503 502.6518634331921 440.12307177449037 560.6676839910065 467.12212877501537 
510.93413490365623 579.8471929015142 245.37704426976046 281.54726836398345 42.75724944119777 83.84844329276538 110.6250486243681 564.8593084232531 
34.12938495005693 603.0367341107419 157.13962395887393 152.40656339173105 368.5986793371467 381.56979521137254 383.2369895015514 524.510384820918 
590.7380214742342 185.557066826576 101.15679163242338 503.93745709230444 136.8538728586475 115.1985775799433 212.41819143527655 447.3538553693448 
204.01307857712428 558.9527434120351 438.29071717487875 464.35485959262195 528.4812171405408 298.3266397770027 451.47358884691675 147.66424340038333 
94.66637179821616 521.8826593352835 205.0773493531047 248.09664286275208 145.66195783615075 257.05514773721455 305.00143345306026 277.8769518995626 
216.48251976032913 78.37088948917935 421.8014598715644 575.9103358590777 261.0860211107391 500.6671661372342 488.14013252266045 118.59675201300944 
494.2766972694308 215.90110229763738 577.9152545972605 109.78355503405358 319.5817391984088 82.14404412096766 313.15883535303067 133.4501343258902 
264.19617798402265 323.3548243000562 594.8008782898428 202.7181568015123 192.08915318702955 148.5254749241348 403.3917187908533 588.7812949246076 
416.3656085395646 148.79338981092036 165.8765848491177 463.3481253685656 481.97718360382703 181.11338586032963 534.516119319698 138.19196634912709 
139.87592919132044 597.0837321167699 574.0467116607572 435.4013345148977 583.7045570429274 425.5195647912608 103.17429266697998 71.92495485463306 
570.1172494296599 67.36779716346793 286.4953820442854 492.0048569840221 193.82439495754173 611.5569470852523 322.9390825623045 131.09144209704266 
38.455316469601186 430.3758256029264 226.8239223922991 444.8342193475055 374.33261213828536 62.97479105176865 47.62312760828478 586.7420110092432 
424.25177778026995 145.58331991500614 424.5321147003259 368.1062849474241 268.3600667631049 97.03754068628956 521.932048828319 83.78146292327841 
309.22816165835184 618.2117636598175 341.84309226234177 337.41591243855095 568.2084486077662 613.9473712551854 159.46120214893122 349.72734100186386 
434.1737233670352 296.0731241528604 177.87208863832097 583.4164122820126 235.72993670934304 176.11056524208934 48.036295330014795 68.31224491585102 
157.99687520849804 206.25808044847395 450.1388655502311 560.3436804910124 575.0504968426039 477.247678422631 82.39767711799917 417.9298697124148 
219.12051792467014 231.66799004264197 153.42390464309455 229.38414820941702 157.63717196681645 501.3473306646421 424.22848190622295 374.9247822850091 
99.22097391293383 227.39063452828833 395.96838546285454 256.88642642380364 99.70883367151569 471.46384944160064 189.52634827056653 81.72600250031553 
489.3108396514938 276.91970396992826 613.0178647144306 227.4167575676731 191.9908997706004 288.3585738343343 263.3191181820452 579.8242682827811 
358.1654399396843 388.2180423494167 257.709750677277 571.6581354370325 581.8136648872371 558.9850648901423 341.7240475097844 207.5930785340584 
323.0931298223726 529.6245602054778 269.3044610197347 109.15326776093255 307.55451672082194 514.8178691818159 101.3509703788653 562.9535183576977 
23.049260914176656 105.60510503965936 418.7604115336748 305.89125178685714 185.4237563640527 320.02512613920067 596.0490821069136 130.8827905931696 
594.0939864670823 172.34675751725842 31.65273297141902 346.737940529223 148.59425959857634 269.4850236236483 180.99752400371392 475.76646707026106 
547.1937666006613 293.1962642486046 588.4356757518034 122.71019190596986 338.67486741049987 176.64578435062614 264.1397029786252 98.59461604604047 
348.36661392802534 533.9418337804377 302.04883217548684 33.093701249899524 249.52752807750946 451.22959890287984 184.961395129628 259.0015241924418 
401.17113769204457 497.9390423455541 172.86707333149266 302.4047256488027 423.42819529794394 366.7802326429003 120.61252155529547 262.1492768850239 
531.539265712425 501.0801385853329 220.99429457229868 112.19551683008879 399.57141530659845 418.0543020543464 319.3727796739708 510.45506715280044 
74.95280060583792 386.6074401491384 595.9008309766764 447.70344917887496 414.9188041429341 68.2565200257639 561.4609467658677 420.1621841153103 
65.96366275760394 479.7702186735691 63.40464561829174 159.3439546482429 557.391088736263 186.11840492723468 147.18791385262307 502.75486419120926 
30.05788710015927 182.32544418046783 569.9963129918093 539.0472064471346 71.40407390612671 272.8210212142 512.4536063764951 511.2168128534054 
477.8634407535271 506.8823128977714 184.50769477848786 111.43851127275224 115.74823576452707 378.76121064630405 571.5874742844712 551.1335086894453 
601.7016693028173 51.09040204100559 517.1244286506717 339.8625129054738 73.81211586359606 210.16182821132082 87.53285103062888 56.63823165262503 
474.48260864121517 311.67172424667757 115.74209153438093 347.2510864668797 316.1494937369623 525.5254954861923 569.3750250345535 331.20186467765416 
250.94397909417742 238.2964536697969 539.6661401480111 151.83502615890188 315.3902350168029 521.9322514147889 397.21309959173857 153.2664641905281 
271.2339557021521 127.30235503796621 210.6556511688839 117.69945048817318 213.49494476668164 511.18089933671524 74.37548477377322 346.722505635291 
566.8376744286846 155.25805424283837 341.3107850317286 520.1829652087131 141.35336791564674 585.774153085175 506.9793297723549 216.2299694205791 
68.8475055863509 452.3700208288399 440.8038973631704 326.1206242160841 590.7264876197539 374.74744357309424 610.8335157075167 547.3831197644491 
618.5770631880778 615.7333115529907 497.95461544695945 288.9305498122206 538.5324869539061 189.34152444830247 545.6855441761959 271.71906137410963 
480.5189546941992 162.42599901989874 541.6484282147574 458.54435986242476 223.47628336136566 258.51888128812124 76.81201308710789 296.57000690533044 
457.64632926977737 222.44746867621345 278.59920550487715 206.18140631487935 475.0230605440324 154.3237968118625 163.95310446501745 399.75934013814947 
109.05809491208596 171.50038299885907 308.4553738977279 463.9665792135162 94.7152389999445 507.0862106920374 277.59050754947185 289.1414435764375 
569.9679787918415 303.6163709915801 416.2498787680656 79.39207406524568 589.8335244678154 110.46935161253285 142.56930021875155 326.9851608312193 
474.03726540529334 43.62557262989766 42.193856558129134 384.6227783447226 559.4013950187929 116.36105663713683 209.06357863266697 419.20119330108986 
278.0512974737922 399.469828148107 28.814120089671995 280.64540677675114 432.53363029246844 619.6089164692128 550.8856875727048 369.41305117011757 
288.9397708832743 154.35968651189972 545.4343719782734 136.26148821434134 459.1283687870753 132.59913484381315 291.13937781495383 197.87190294005507 
493.1407566084363 498.7751213179037 290.0000969760938 401.92398506534727 52.90300165791253 49.67907970048973 255.21657314107838 125.21510444979066 
88.30837362567952 402.3100122346677 268.2473075866642 38.41771067057634 586.7738270280715 601.4236825989952 151.13798391579957 521.0685280814448 
617.3644480909495 425.3604143368337 450.21499543020974 460.3835580444145 540.5794514004231 598.7455925005584 177.23741970939176 317.492526750222 
404.8936446924102 270.65645887030416 404.1013017705561 294.6863656343821 101.14790687842219 66.84891851184554 157.18987696111387 187.27181430996595 
395.88257532731654 574.6381760210463 607.4635189623253 453.62656762111544 514.7075244288692 69.02694157121657 102.38333462835111 587.0489539203803 
96.80248724208309 238.67492229280225 535.761739534139 22.99568687330254 291.6416034197621 20.30341509766716 101.6343516987828 365.30168236368127 
119.0358212081899 400.12864942216567 428.2463361921123 64.97544256980834 563.5868282594051 590.9177094123127 438.24743527313757 435.1639585519737 
224.64649221243184 343.260831546744 431.1891431035356 35.88070941745016 92.8753203780694 499.6536255888274 434.41800487494953 212.09073175500168 
374.4938345469811 49.98326073277768 418.45845916014906 318.74617200223264 34.32058930275441 97.01203519503248 522.9793508483206 316.36648766280314 
278.69045716842356 90.45248287445187 189.43766311463844 370.7567055664798 149.34717271868 38.22725204831632 46.493117457109406 440.4575946350089 
149.40365616824857 353.5080661898776 344.2877401036916 585.5216307333603 572.4639878692502 146.12706892966264 83.68366384306891 481.20827579320144 
556.000764334402 316.9545547922492 536.5534379256684 370.19256054685917 430.08151499389413 563.8367051254456 203.21611955864924 436.88046176618946 
482.5381204091699 557.6872101541883 203.11326317925875 537.4251035777495 211.67266528228774 97.32635634295492 244.81826431456764 569.037287159735 
487.59385026837197 401.66150023214 271.4731250381466 112.18427557406763 393.27738251879026 447.80255710602495 227.74603077647092 329.2704408571058 
466.44434826315535 413.70633178047285 144.4038278273589 453.3936777706216 213.35110805719563 433.943324338328 486.5928852205447 550.7711689847777 
115.58461518658163 427.18101244423735 461.92226487980184 190.42839268369923 500.95685431594296 303.97697037562324 534.442875941699 204.7450601833883 
599.5921712330614 613.4760096858081 540.6163539061199 474.4516912682931 56.30114160364381 237.604723987761 553.3674701137332 21.67065341707793 
520.3348971081548 491.3574216087918 390.31374517031696 444.5954128570423 283.61357028715815 537.7671102366095 412.2661388683488 77.4016582148447 
288.52252165679243 376.1552267344253 408.0943069414868 608.9841654023869 376.3702920527734 212.25402211467946 112.05065035986928 44.11304215377044 
197.60187670932424 168.79520097175507 249.64626752224834 40.60323426322704 154.86109862853942 245.15861360454875 158.17320045577623 606.0908380626207 
299.99592361573974 584.6747476507586 177.96619713816742 288.0102487099165 56.100320192739076 458.17486663759047 360.49817094668265 340.3656217719889 
585.686520175627 522.382323223673 389.40272687015346 100.89061061794163 376.0814485318755 461.73900629559216 360.5177790263009 362.1899062801412 
