400.46294053622336 395.2937303320869 363.844462952249 324.10738216208466 191.48404671989616 358.937592432321 296.4037706188309 434.26383446901224 
186.5043636370005 309.5540617399245 242.55687924761708 126.69272988926993 105.5774725658673 399.06517719430013 160.0507435866309 42.054809691781706 
256.20534378446143 94.26038643725869 361.9089276128097 458.916465057201 272.73771469368415 315.8007181314914 337.38923311659164 315.3377320796555 
374.8450828045032 268.6598360519575 69.55395426751852 290.06084554662243 131.39317796410882 231.57990125833715 398.28069424788924 273.37793811278624 
341.0472345443565 198.1204834437289 102.54210658724176 182.75576554122517 265.9341328586601 386.87861540580474 500.78247120766645 203.2955789664914 
79.6905330902094 263.45813115276417 493.21935977930843 158.10639365667038 16.225067272387363 341.7663331615269 94.89845313296563 338.66971934963004 
330.52281318709805 157.2162596856657 133.32968709804317 250.27378929899723 307.820134348332 429.4125193994219 409.53278578748007 352.5956176006851 
182.4779497491974 56.898982901758366 246.32037732436152 500.5087617480245 452.88171498012963 211.54624993801718 472.646754757122 415.1951237116141 
203.69602565960565 425.1572526436525 17.85045108102095 140.6387819759413 171.8021583126875 185.8689322940587 414.61874699215065 65.58009469663128 
417.2465900238827 186.9281747763184 134.50219460998062 216.00806268508592 85.52857730635704 495.4201695095996 304.8073614763761 148.2691514061767 
372.55507020727595 33.52732860125329 480.6958445394812 397.87075068555856 428.59082974976275 389.8967037226313 271.31768019930877 64.05728877304367 
62.53224452337801 103.69436904251305 243.8073901132326 235.23720553563547 232.83255433612592 188.9245102617749 153.97059139783735 85.33884985543449 
436.4069432122778 291.5916694607395 177.4894891564197 96.17348737956505 231.8454294411476 497.2840385397412 440.4752656502717 485.8834874226256 
258.26177281723994 431.75608332627996 273.1955089543961 48.55387889410089 236.10647206322594 422.08853641562456 235.80481835036485 235.06531052362683 
61.27200924623393 111.00388063075178 89.90671812109895 430.26660898183616 228.81847750884498 41.915528806546746 14.774990923249733 506.54510055483627 
447.64762599069945 357.2887361024749 492.06256612724894 358.87264037559754 432.45363335074956 377.89140957045674 407.8260482236766 251.4057272118505 
484.2784537762588 455.5129443144137 45.694113818271035 430.7176068355763 96.00020707606609 116.72918018769973 270.0077393796494 85.74062648969027 
444.0824083154408 140.29166424424355 322.76058139432297 359.4968962139053 252.91237820488675 335.7192644608393 283.1674226642984 242.69542641311673 
143.05689419583382 415.6703162211227 363.68901757772244 304.2738235073283 199.76316645054158 479.673470013249 341.34129106605434 338.96270932116954 
123.03335137605814 251.79516478678 48.11711604480372 136.9509572278964 445.6005714055593 339.82215246582666 469.3487469858988 205.7298920794731 
430.1348437067155 408.5369198328575 123.8390934405289 399.1945506629172 382.0067039611877 284.6643401479638 24.589870182334373 34.08019069269996 
238.93689436728621 136.0675385537308 143.95480406449522 198.8120892000284 423.8601665055058 492.7711583441856 432.04604974459255 84.84679225177032 
72.33130372335955 502.3901574342921 62.22184908447169 295.5830021461691 370.8014919103208 437.54225877852855 202.4836720606587 212.92008147888586 
367.09321409981106 97.82209839334138 236.61089261900992 126.54248316109489 239.4017195379479 373.9153996229775 483.86106222050176 456.0080299038161 
135.1512389307 366.431019863102 91.0641213591955 20.718393228403677 316.03408964142 77.02922445873644 395.93839200715394 437.8496694403415 
470.5607196158238 314.4242239807302 185.45674714670108 353.3213541974922 180.44890458690188 82.83905020052622 398.09083387241395 335.8817434951102 
152.1801510621215 345.4910267595626 443.7616903438824 389.38793231360427 450.0514563154709 180.68583907255518 440.3247560062072 163.3584722789742 
92.05062317302497 473.0983514275837 290.4174030177241 66.87693781300268 494.8831057259407 407.818350910871 147.4971559399884 115.92437644144948 
379.478580034271 159.73931023982402 444.89875370653914 469.2188890120397 373.3054804511155 295.86829325286976 286.738060737995 232.6403415675252 
170.82144603604902 33.13506161204381 124.49109670400087 237.3185254061258 238.38786180799013 119.2787039072507 268.07618807428514 121.46267394237253 
174.9766590985779 229.38964827776618 405.2674550799938 171.0105746695636 464.99753367918896 395.68542071809566 428.2676782057546 499.1754269807239 
484.5735708340171 113.09808096427331 491.26879136124865 269.96849415947435 247.5934770305423 388.2516496989432 347.82793781932617 295.77572637473304 
502.8686420530984 124.40747014717762 141.88744410286023 464.0664514194289 418.72297420583766 359.95572466911557 451.266629280925 73.31228395011878 
216.3437287255102 503.03130646640824 507.4536968230738 283.1943536929766 238.22149925306422 329.8319205565569 140.52579411036658 509.1770070983374 
63.007417415842305 139.2168860783205 123.0254010702445 216.52607173339476 403.11567449002393 81.16442840060228 211.62108460512852 193.84980436761933 
146.39959273431506 301.6658325151556 310.38082871061357 11.240742425659525 28.229297034599192 171.63445852706343 304.48608498655216 493.0964046736474 
45.2990542630684 492.40775603004397 238.21454854593503 160.6971837482501 347.49258058599844 195.42045326918122 136.0198822559575 224.61936521851987 
469.1342686396877 178.6270168999387 390.536524701339 332.06150775646375 385.9545118741427 47.25145021263715 266.337592462739 399.1622420409661 
509.0973201279019 151.44267836815655 193.27420954072215 483.38772669627497 352.49824354609524 438.41352518410827 148.2241292317931 276.066763010332 
234.96084733390614 261.6414890390437 49.077955209923246 420.15167634899484 503.25969857817944 414.7093857638817 209.79106926395806 483.28330501285024 
387.5982380145009 282.36405491224883 30.329322849878317 41.23786545124918 225.7493154332691 126.37112649839959 220.3366334359158 451.8342841747122 
417.20689198724347 148.74416007841046 480.3526955363989 24.379582741112007 93.67678122634887 99.9260452298954 189.40879467542774 414.73088753032846 
117.2345931208028 324.50110569109773 272.8299528027037 201.0520418382671 142.47909935034195 262.0156136753808 49.071508886614204 220.3427475297127 
104.00903883429451 45.485294457713756 479.41823282173584 370.8187539480022 115.55158550556382 465.1675761779492 369.37409500230876 210.220838781765 
392.07047122623874 190.17687811013522 195.57088283110323 305.13093839923124 431.182101331895 265.52115800394597 357.0236933829727 411.37350390119366 
315.20747316307796 27.137531185025534 274.56148976722477 190.5801014017046 120.18838780793405 202.50545396652007 387.2608807932654 292.995545129143 
43.195798942093404 89.41533993794847 219.7110767903575 261.60364518666665 484.2585244941604 330.47084463865497 318.93843078040015 337.6505046621058 
444.24047422200874 425.9028771717996 484.81838001882903 372.6438092794745 224.9944810924967 252.2736077937429 342.8031561243495 176.90601075454055 
43.120856022187226 479.6483400449748 432.7932762529905 259.7595378475364 293.6588470039454 404.81366174376654 112.98089668983629 41.422297628612704 
325.0389694400962 343.11980673863025 202.49331326011654 241.6915078168564 211.6246383014636 346.5253846957342 411.66459680075496 275.49384331170467 
135.17083423968745 140.42268276355045 233.76345065366993 110.38039598828358 111.52828270091186 296.821580906884 97.0056099727648 166.04409187408297 
423.9210309051425 286.47022142262404 200.67874687132118 460.93814300959633 249.1256819472417 177.4905899133668 84.2080112119275 336.0733382978175 
87.88032362075842 373.10715940712106 102.99040575894519 211.07242654496744 235.8514000446929 406.04652020595637 109.82608451745162 452.55974244934146 
156.48643330923156 432.1865234061265 265.7747170993074 59.964168553166544 242.08101830919603 191.0325514734321 29.26494461035183 498.8134609797799 
74.38790484898527 325.59953694861366 497.28528969150267 136.59828156546726 421.09657901188257 79.27743579879514 397.4842817121515 361.28384872427426 
329.5111690533786 12.258638654029143 155.00833483727627 87.54744907229083 303.7551585918966 505.1051046760602 82.9051809448545 480.8199046889457 
176.83063177373376 442.03365286958206 369.9211008170655 354.2090927554904 413.8605741637982 91.49734086942956 164.52014673734703 318.38371303104793 
207.84198756656735 326.64105681488326 178.9533875752463 389.4953887305334 354.2382419460101 453.20965295059125 362.20623165539143 385.21712117617903 
15.738575385800527 37.48640756386944 315.65224964800336 63.97649298606544 113.51306467572718 251.84027428304344 250.24120632527672 87.4614352804241 
206.29092903685168 380.4598506329165 409.0497867509858 11.476867987437513 343.5905827035789 252.8522082223508 504.0229455397699 135.2303379283956 
504.4293696557076 497.6847884062378 340.7340630049418 164.1246769165827 357.8411391735931 134.54844991749144 429.99198211759426 266.13587533026896 
206.5298376533604 146.21968232153446 10.123158524622081 226.85436848282376 99.98720457478399 299.0003735374248 28.75698637256501 33.26759969949044 
228.40272198173994 103.71293293654614 257.94234964566243 341.362381524094 333.69386438965404 434.9291694388809 341.423644304251 407.6247811294805 
498.98492141443097 451.0109012064332 197.90436936067078 189.515935870961 302.86236180619153 82.54044675936954 329.12638689248723 445.00181190391163 
449.7349627535306 481.7191194007678 206.59289325084157 286.21498025396625 112.62681097736225 450.3119381054756 35.76346595934875 267.32670265772424 
349.73126164432387 488.7165091209071 321.5490236703874 211.70725627609048 81.05404730048387 233.73437711695493 283.9350375971695 108.45272626823348 
236.47355952538834 177.62284111103875 297.5610068770791 33.35647472505143 311.54655883712707 186.00544087321285 154.08439099834519 174.40313869581215 
192.3873616254858 457.2192245213499 71.1570303719896 166.86363775304852 235.94857710464112 190.6768577250034 496.8423115110509 68.06904755466525 
217.03165540401181 356.8218007119658 383.30108182199194 426.9415106492444 378.3552639093678 86.25460977083299 228.57454439326074 28.360461941308802 
445.00963748881225 320.6085112124965 310.2921042582994 17.442112819822654 89.62507245264011 492.7523231103267 160.13246729848666 233.81038568501182 
459.5826167494299 128.89897336480396 452.86606384614663 210.93747011949108 502.5951672255672 390.1976484341706 108.80676660227222 420.6320471524591 
451.98702272526526 196.38759403415068 33.50132138109451 467.75338639056145 458.0000256271844 199.09197095204877 43.48430755924431 65.22932148598892 
476.4545305845229 497.3296196402156 151.9270132140234 244.45642419941066 151.09312817371173 112.82302870076853 13.00814241137054 381.1602223408265 
50.935403196781465 367.6805211140393 448.834639045202 241.79392713226 248.971800628855 432.0308378386391 107.74062291980734 380.5534817477638 
353.524770922414 434.18831517483574 427.792681498787 342.0872363871749 228.60517452753803 150.92658592468422 204.32957634214765 249.97835593702737 
264.592247724922 420.43915347750806 185.36445491813973 486.07798617828536 185.56521021371074 45.564794931203515 243.67775719661356 290.7674745841098 
504.6145073518615 79.8559672893212 299.42897104041276 239.2275561833239 363.4609947337799 14.068482043491361 292.11525071293886 173.79284896156264 
117.71107662939339 505.6502459268274 125.7050636942753 297.4696177045462 154.07597558424612 418.8075678411626 135.77512226787474 258.69499801856 
50.88323038645703 67.72690797485114 252.47849312400604 182.41584432354878 318.20850656786666 180.5302822666352 158.17218242015818 227.56519611352005 
78.95599918443962 226.54241802443636 363.5322795344024 376.0147013683086 177.21534440518525 374.44781052463946 250.98477441268574 283.08085357565807 
325.2233159293721 473.91585463182173 259.28011311960495 144.66341477528132 25.25839039936294 78.2719814723683 508.03981138460085 161.09401146901814 
127.79626783904018 150.79323869753924 286.10291135635106 302.77300386255945 12.254531867987296 222.20611398426675 452.5008658529089 207.6729617348541 
501.65451709494397 391.9649546275724 423.88848258346735 165.7864860475091 247.52857216599034 190.88901756617147 47.25943439819923 270.5970187893932 
446.40078959627 447.7362381995422 281.77429959288736 442.6501976295311 374.1693349813509 427.29202428422 238.52925461989605 155.3043941482071 
349.71853239871206 132.55086896966094 252.09351361735875 317.7381896597521 364.0888199690026 288.56929415239915 282.6438196473573 395.29316290132033 
236.5326616070459 150.56792938471517 72.52388461458114 472.22986653571076 283.7845997127516 403.8610922302183 106.05699707456627 86.97542262189377 
113.87349385371381 48.191746083073795 46.4400190032576 294.9405879242651 280.8052158713358 284.0502721237963 448.5467113402217 38.984551576225925 
161.44371607709923 43.554860647821926 171.4686652566093 32.6055655635587 40.918794300752566 433.47188765926666 39.621872092450815 485.9355550592009 
17.888553786972565 482.9542645053077 426.2471232327076 129.61674574494992 465.9847338665326 213.57591410204773 58.13232129543732 116.63857063569925 
412.7690223331099 174.2406111217496 465.38480076923645 507.2128674647105 322.5285248253163 208.5430677461088 125.08193691370595 166.76551366151892 
394.23835430934184 347.16066999351546 472.62789146565285 32.1227074213638 111.01973030334344 342.85379465374655 79.64491180051397 325.9698370067761 
402.4214578067108 490.65285479300957 422.2271252239724 424.66133677001835 405.8530526407609 500.8103577653568 288.38504760286776 209.45935655301068 
438.497610406703 317.0958517472 498.5087889885637 356.27959452466405 416.03252557994136 398.01207825855613 237.67831327761397 144.02230265147924 
79.48619892475078 103.5104115787217 423.64866378237593 486.56662487152755 16.558858374845265 454.7836305738143 159.3383813712522 18.506415003411927 
88.73561293742209 159.71427148194155 443.64926174449784 189.705586426907 500.51988339265233 421.5565661952433 439.44544381198426 448.75121879797285 
372.1152809174286 173.43019595811592 222.52013592634182 220.3824477578078 301.88414073527434 506.20389109789687 60.37799056432274 506.97337407450703 
29.9107707453543 182.34709553144623 394.6612442200004 69.14795484705715 438.99757380371847 253.3277452903563 326.0478528947757 265.60520634249053 
254.42211478558806 423.1343388300323 25.4495648591616 257.23266246947827 428.78336188233243 425.5003297389228 120.33829145647734 405.5863178763477 
323.26513228375234 307.4091574488857 230.02869899697163 320.81513751254374 421.64488601764117 136.45780127664491 448.7452446767656 139.10831321274702 
438.37601358123874 274.6571622214541 200.30173975761755 234.7432709115713 307.0717797630013 486.2473925422108 13.221659216609607 196.81271708147173 
160.7189240029807 272.10604168017215 390.1271358154378 25.70870937533492 39.949180273073026 448.3276265635455 70.22500308472544 129.44196183528643 
190.69676525420576 111.55226761739577 108.71778419484994 324.874447880283 437.56998975830334 258.62171911837106 321.9678831752834 173.9435002581532 
244.2650831502945 453.14107224233 272.2431548507091 109.95546744936512 197.350404344452 56.523934178439085 90.87175605333674 434.02706982882927 
274.7490881521352 166.09946224066218 63.634651920063945 386.7525858535306 385.24843094038727 27.859276142338288 27.223780416744884 125.1750525604926 
290.3637924322638 316.4223628691579 250.59398440260227 60.13940575189946 144.88561935686056 299.7961798554592 100.03685221278495 134.106008647491 
17.437244845337087 31.51191816225173 411.80471390784857 244.50234909473522 377.3719165440007 337.712321351695 121.11265477138788 142.69127588579605 
159.3369867375205 491.7698615689554 321.34697574382466 263.63383366857397 141.8335572658534 94.01365735029887 52.30794374712688 66.324705647678 
501.0995088026612 299.14310975698686 241.3152280608508 90.07862531112158 26.64420355351065 158.90645881460762 346.0038768801531 56.74559128995559 
109.76292132679498 472.62235234141065 372.6391892379704 473.93328756482464 241.35912059528468 163.12255091417904 68.77849660949697 319.31462135775774 
380.40272233698613 320.6938871322403 214.10790763264365 11.098665439177637 179.35249709734418 182.5976662580857 58.28237671460606 494.74300287011874 
177.87067483037288 440.74450346061735 79.59690036377553 400.9856677773797 201.15793619184518 395.1028927729139 363.31730259995925 355.27477331385796 
324.23684151219106 95.4194992652424 23.49845426033519 143.67402412708347 388.5119790568157 238.82930935772427 217.11819756430432 65.32209645477849 
181.93469881168016 215.9338878184145 424.3550852502763 426.5242284567843 19.10085868817978 322.92567148023426 293.8380529106489 256.5538362641172 
82.60943820929039 282.336626453614 476.6960630575014 450.2426287396551 12.010316185857564 339.9892398464787 498.2360518868106 167.43710721173332 
351.6693244900303 330.7280498338542 341.07704963564396 444.399591624313 93.8785503344569 230.5098005727238 38.56882412659162 97.23208777338736 
178.54024875869607 337.43039972738325 202.32297427324713 122.40083532477297 435.7522818521053 349.26672412273047 32.6847970639637 424.4398922611448 
82.62333093066076 230.1114848183483 485.9738734241496 325.91181524559147 10.64597328561522 383.6791933955294 397.3216480455554 439.70351215277475 
224.95571698454506 275.86144447539016 482.93399701158967 108.7353895849068 421.8041635737898 274.10955253493245 270.60699497718156 243.16202436053007 
315.57444059160935 96.22269470926558 132.32396886448356 10.142396111637188 451.66692100415884 386.11976528491044 217.7620312064822 456.257787042536 
366.583479507027 59.17291848375432 212.53605716522998 267.6555387228984 81.53839593669365 184.68103877019092 470.0084585442483 497.9968129465929 
40.92386888729909 298.0612456661744 190.49263314013896 219.28631183544925 231.9585515255975 160.33649721807802 446.6784539288242 175.66231656110293 
346.84695721548536 107.49752948524704 479.1076950579042 145.2250259410998 473.778016559817 257.3170732595561 310.52776286584333 339.9812972373784 
428.09084581244684 466.194738122763 352.95156556953765 298.98404235950113 459.93595983943516 53.610426819873425 306.25194572033007 354.7442886684947 
199.75984429603525 436.7645471207277 272.11863200460624 377.99407190199514 327.9412580341405 442.983111390733 132.20576568529611 130.87829335113622 
79.90716923093831 192.46590536127562 364.29836431705917 183.6536231282007 323.05664037409423 68.95571573789776 95.32561784399373 474.9726971394717 
66.82066617705229 420.90689126903123 315.0492716792294 220.83152196424092 392.1860597676465 260.731260440985 299.2551818650505 502.25845073841 
412.0117078732852 354.6995872897229 416.2761367254245 486.8226554195123 498.46509290551705 221.07665182506113 115.67415304416377 364.0403281464318 
138.9072573809192 179.0681179313724 22.91026294949882 199.7567568627727 406.5545667918235 216.15727151513525 188.8300703188066 39.58226577328816 
157.2449509002101 66.40979548870534 167.7929550485314 216.46034834154614 188.63725151447747 17.324697888260733 223.2733492893631 442.44589026598294 
223.1713827994497 87.8094442312981 84.76199751932306 389.77179896665194 201.11769003546135 344.8575705991151 304.7953600592115 91.28211210846132 
495.0435220759742 251.50675031855906 389.94140345390315 115.30954779063151 282.02513892395604 63.65553484912361 504.5696951800755 95.07593028132388 
434.9331894686035 418.3168274313493 171.2341541372746 317.693345893752 419.11966846109146 380.8863287290619 16.49645261400039 202.84425799176313 
305.8347330572528 344.0038751856632 236.01815669010418 126.21876727203545 138.70132898406445 295.5860471627495 77.74983546046847 167.78695201294562 
14.57577196455511 98.60794895481999 267.0452521182961 489.9847240317035 365.12252875594345 50.21244461609413 422.5286698425907 175.89093014884054 
50.431101291753144 112.72485972661799 136.54344885809178 482.4741982315844 501.00344827251837 334.15140695664667 19.010165052631912 88.98741780268931 
269.4397024095053 100.73925242422564 128.52215457398773 45.588022735418114 478.15065864425634 489.17658873837655 339.5068079234498 252.26231247324327 
274.4248846806385 111.010702503326 319.280648353342 423.13180420631807 29.17878386588351 466.8620855265073 413.82630574417146 116.21974440986781 
140.71755488955688 453.01300591415884 366.11959585728124 33.75604412274323 429.8353522599119 287.9482865487337 415.8347155558489 423.0986136343838 
237.58261065301687 251.42666615375137 454.2557676153944 33.34927527675646 462.02875141243584 253.66086669462734 33.22268159599555 207.74240507816126 
395.34844663639683 377.1843139127252 151.9397555732429 316.8843962937931 347.55931267823024 158.98285453329595 370.4747697161352 362.92204714117617 
168.23959965249423 505.46943557100064 423.7769896412044 209.7180961405217 402.5534842769562 257.8798918332945 135.04200680578003 19.111906805287727 
442.91252891755937 50.6681236950448 52.251722693812496 98.34346920363517 162.60119356331347 230.4785243973068 356.71742778245357 488.71891757644687 
142.69451283811463 228.27401717472733 217.45423361404204 250.59560114744332 228.59629043771966 402.1977067508211 390.21485739046483 24.76482907996318 
277.52561389978496 493.7462931640426 485.0110881950578 75.3104943540086 83.2801203262919 464.8333977502204 450.9507517197921 144.02160438586412 
89.60389419736485 108.32087101318065 452.2186255374898 71.43694179034148 128.48824535658008 449.5962657367386 434.0291925773311 264.59987938266863 
44.73359475876781 81.77462330098172 302.3794501501071 216.60159144652647 193.10025784969986 202.10253676389567 266.429956479414 407.9906294858975 
419.37664001601854 242.1428659139646 17.34211229311599 45.12717526774556 261.69272710705604 109.31798962370131 42.39984080482105 215.55990584557833 
233.4070390149022 182.38984777515788 498.24393558588764 165.50377219503963 173.89528321694885 328.4549747370486 192.04693045861254 29.496682030939905 
278.56861922223703 334.0323929596351 344.45690619743976 467.3132804034511 44.44986395809391 267.8227512062294 433.1381291470339 288.2139192257134 
492.63570922586797 417.7167138232063 40.73675400483206 267.60696835238747 153.97297206315406 69.63072852235024 256.0997578231111 486.2026226913327 
429.27711677938106 20.748309462588367 302.57508788373394 146.73618287930285 60.42118498615261 344.74498173138664 192.22129853402984 448.3391465430641 
73.62309299244168 51.57498303466728 329.75471551632666 223.63610630327733 181.25969738163988 409.3978426184916 115.06225014268867 168.6455419481001 
253.53545775540238 321.2230189130453 218.10806948544126 120.56277488004268 96.33405648309628 273.85062278991086 325.06211454987465 463.5030642296143 
396.5809273763726 501.6864563519384 279.47875828138586 367.2830717611004 321.44496744599246 133.00944257547474 167.35350969177358 189.31878299742593 
382.7074395397842 211.26950808619713 19.886201243267667 494.7179664031245 302.62625433718233 108.99421418043957 432.77839068636223 274.64538843752814 
242.62373263148385 476.882060537517 25.89348527055168 68.03879553668196 381.12595814417807 495.6607381084846 292.1074275574563 316.75397396835575 
451.88192983590085 323.28835620967453 509.17823096330835 409.21672353001316 479.09050102379217 255.07589422941496 13.462476206479492 492.66014916636806 
70.66335524800043 239.3087949428564 259.3067028844393 259.02527411445163 255.95206207646646 15.946042975567334 212.94220596188921 34.60306200314466 
479.2673845596352 270.97477579598313 254.7109143494313 128.49606385664563 485.5189746564846 323.9984466771161 388.45082037632204 19.977721549474907 
459.3034979583596 491.63682170089834 181.86895398634627 89.82756973951687 403.76937991135577 394.3158637731789 486.72993460139645 225.72033429908842 
370.58636760064195 99.02564043642435 112.68843348320988 256.7471282923424 277.3478571535973 115.62431962401503 253.59351620791347 297.14682920067025 
173.7342143527651 389.2664907260255 90.09300809402392 204.3258943237683 442.76529556052833 56.53387883567023 117.36607199068044 481.2444633647422 
48.470102248577554 357.8465293588213 371.8120555850804 78.24716531439728 66.30184701459018 223.73266869151925 355.52380136118614 174.41658667650717 
357.62650966551325 177.53535167549776 82.37345774222193 143.52758345592108 374.61297871064613 322.1339637009008 294.53901807664056 34.68052433646167 
206.85296487733166 303.2587142432458 23.299570120726134 22.691628844021363 106.03871121193724 266.9763871441983 292.9275981615102 408.318543801166 
350.02679441235387 453.92521247701757 391.5062049491692 373.3991691317493 432.61591902011367 197.8772631419811 257.49962165961256 320.98202160816953 
190.36704754712807 221.20625965909971 155.9048693311386 255.5261438744813 102.7938091433414 244.83910807233303 442.81306293044815 283.24869460109244 
127.25147400094576 55.269117762553215 342.2080091503449 437.69839474232066 54.85247707964679 296.20919800643503 283.83069712783276 160.63296947783223 
498.736692666949 377.4630210567122 475.93746357009826 393.2785857205917 251.02461844659362 18.592305294657987 11.780085025090361 358.04952535518345 
369.78145824757155 69.95845582467824 433.6359922914104 235.80625427661838 482.3203776308428 378.7165111709097 303.21661756035365 68.72984799671121 
416.1730071678626 92.33962972042153 452.2819910537193 343.8910493721436 394.05527012765884 417.2522322109754 212.28984734468108 337.5920421558772 
154.15666530591687 475.1499258745238 46.907220289593425 425.55900358448514 482.0812866037814 24.584270655047916 136.21276813157374 189.06367989054846 
265.76840834131775 440.3906136947529 86.41778907728542 272.05198462275143 309.7210781008254 468.5370487819298 63.93433654582452 69.35780778346793 
269.87063921720335 398.9726040199246 277.6181895001681 451.0802331068581 195.40530806088447 424.0529267520692 358.0151131371208 353.202072090495 
288.8911193860205 75.1213641110483 307.4384223912462 189.528109543927 121.01308549266203 254.82374920575134 319.70591472498137 165.02096554190504 
161.26496070671058 507.73495895214563 393.3643746502266 195.61283816051926 110.91555005864645 296.8753412196736 287.2297574318002 264.571199522039 
149.57976367500237 178.69518533312876 492.0711687363754 170.49651953689443 331.7225681051349 394.1053000739009 17.266788655482415 247.03024260549594 
494.42387590978035 18.131884396415046 416.2597637339332 259.3511177453627 162.7325955144624 435.77380343243 99.64242032322083 307.5378876141276 
63.93783422546472 36.640332064440166 109.69659564854189 191.87670138950213 487.08557699427433 145.9475866742648 155.21856284357304 320.1910520858016 
349.0687853994344 334.4517483262634 330.4563873198441 362.27274110385497 453.61909414539014 374.8970632979701 66.9880007350339 481.4916221651273 
54.52824698765417 237.55701106494098 492.3680720708997 98.66254919578031 459.4274903620661 142.44650271802672 494.371824249426 268.24746285072587 
35.45277978012089 310.7833918864441 414.66383481971053 371.97082790185016 103.1242743131715 183.27739583815028 420.7200995293326 459.92655362084884 
329.76791834812525 497.8244741376031 229.8313041804656 194.25440448988505 358.807507706344 244.18493017047453 484.01557985918726 475.46423826147645 
36.25517714410691 138.22318978314385 199.66881732341062 456.48597066740507 220.7284641824788 383.2875782258918 340.7805660434392 274.5235777210237 
288.32220293461654 111.30799376826744 189.54387307734132 455.79109824268767 68.66322033913241 21.18981780200118 313.1868898347619 73.20889167333132 
73.47604003877316 357.08208273451527 50.85465779072073 362.1382367404983 503.98762219238785 494.09796554221293 69.36900923643412 124.23234350261968 
148.49950464692623 24.06589278220932 161.69475198483977 374.4819574681065 406.4551092618294 358.88917964536364 86.94029390998952 311.53370654614764 
300.33071664829623 494.0925670803717 375.72086506211843 316.35922423945783 461.67789174223697 200.1335087912625 149.71233305007203 309.3532706163816 
202.64576289056203 34.056628017413146 129.22384766399756 420.93887329672816 409.31109705709827 189.0691474696512 127.61743336455932 55.75777331867709 
118.1444061897176 324.61576821091336 456.40263522642425 55.52411243945376 261.9401130366484 144.53077477799792 289.8342587311818 290.61960575892107 
196.5390226294234 115.84576410178315 162.8415213389912 135.50828150510716 244.67105693992053 345.8309878639961 401.116525848959 408.0489908926232 
118.24660696236865 259.8484711546155 407.1903772028311 477.7836320572496 205.42434424377487 347.59497529908936 351.3249011707759 373.27942881338646 
333.78391689416134 370.31303849996647 441.0481412875207 343.6032492158389 245.9313832759396 46.54815098625136 68.16193147903559 454.0061370345692 
148.86573762329374 359.03013067701914 257.0492997902229 420.89615660788786 323.43442921967505 250.25703544937173 463.11022789651525 16.177720457423263 
405.2062480107314 99.3593911699186 395.1536000409357 496.03545915214926 73.08948945664307 497.8232541190891 160.57364628739595 134.24088103590663 
507.0235964125461 466.64991304449035 157.13885156752704 65.05971366763468 101.0724702377868 382.53057438397474 260.22166148885077 265.83834222681213 
43.24748128462418 505.6139662797912 479.2968334470062 134.34727771151614 498.388329988932 126.44517884745181 382.53686459267715 240.9598131365695 
255.4299489009988 474.6537172988819 213.33234147064556 460.7439979995694 325.3834366914956 156.96896989948493 247.5655571999396 315.5461227498807 
101.35929270180593 17.141175392110178 65.4653639470805 481.14376529729157 316.9609915025608 435.3460657905218 36.87150597855958 39.54649071257565 
164.37703564441375 209.6512207465826 443.7364122204205 181.52243124530264 58.49962664773677 287.122380174269 288.6927718421741 189.42884898701254 
158.3980886899811 237.14774015885715 463.51485316646904 155.42469596354894 382.4751291580298 484.55835589981785 76.30173668484429 15.14343417214863 
278.63405934841506 445.1229188596308 361.21058266846893 101.90417877585655 235.78523457137095 330.99478227260335 219.56816748413016 51.53931148686585 
148.01957989656495 18.689662373389638 66.18859676282838 12.91662362605971 267.77759863221854 497.17181126819696 279.72550776233686 244.2342066708711 
109.34183035829913 38.627107434828325 180.8868218079859 300.16619075693137 388.98087620872116 359.5009901597076 87.34016171264446 139.93733660407543 
113.07323016943037 164.37931509429654 119.1370509395127 111.40489053126971 50.53891860331005 90.29053780149964 53.48406528805365 391.2254286342587 
450.9071606917503 194.0069932753699 152.6889979873225 86.18519292275333 494.3481153337551 249.92366712884177 14.110242504634043 325.7718205796004 
84.99687876365452 251.0924611260925 115.93743532737676 301.0656599396632 223.89782450532795 130.99005445632483 357.6315369488799 330.0287643406561 
322.89749835278013 348.59764282234426 18.85250134956228 154.2697835206958 445.81399980749296 104.3704369485972 185.7025147638831 297.36274313197515 
88.2112004981365 79.67525846139611 318.1131589152891 439.7979357706101 232.1058092441574 217.2742972852244 257.20440127858257 390.6430221254869 
36.93540704612002 185.43307420991218 96.44369677138997 360.9924129092565 153.11557714831912 293.23080315773643 465.433233819314 369.28322761468866 
269.51427953357006 249.65132719039823 400.1534415583864 233.55564371450393 131.17162852330776 284.0326476962844 98.49104071385567 230.73614468944092 
388.59312226006415 270.45324687500056 484.87951277505516 128.02145442564625 264.9444566684218 123.63327138835506 132.8802960824196 416.4415434315648 
152.4761254084157 358.9287437671695 219.53279578794175 201.67958754767383 374.50586018638535 333.9969700259328 310.30129651300996 332.2272385222081 
474.2870645084746 314.71114243661 398.44693544543384 469.95318770905675 17.09131386823375 132.9023394412372 247.65284332604986 433.1631624688515 
16.833205838680243 328.50711909499944 211.73057008852214 267.22954142039356 223.56541326814659 293.6986509743909 330.23595848208333 122.86864244176171 
133.17236188601214 61.57972822847656 123.82256381437999 147.14385839237823 205.59044139700137 507.0155339273403 138.16072726481244 217.27277268647143 
402.8829739297598 352.18455926509125 410.2504791366306 472.3162546005674 283.4980761610994 494.42561855202973 155.95631616824033 222.82790858931898 
14.037426640075893 298.95904190366974 102.59210750307723 443.5417396565635 284.86424227135427 124.0604338707637 15.384065405085126 179.17631592366018 
240.87841960267076 471.2647920706748 91.6401433525738 318.4334878823845 163.78704429300805 278.17936288837063 21.45371936639755 316.2698746939142 
267.1984590995826 496.48321084660864 138.7699756340029 69.51909133950784 90.86782181406777 222.69172597668455 211.64279875767377 275.9430126660877 
105.42254837711889 274.2641091192499 45.51061541381362 231.79003695645645 263.8954273153014 228.63201850837595 198.31906598268887 147.9386562432302 
361.3939311146491 67.72748089830515 231.31874839624777 189.70425501802535 189.23346969676146 195.58822450903628 44.366162006148116 70.38739612620608 
94.86298867708474 221.61844391792556 469.555908630964 153.6417799943423 183.9108401105127 27.08332181151484 422.0123364640585 144.7397224734621 
25.679227821112974 257.41523204309055 31.668747331028637 75.81363919376109 348.41521835104896 507.9098706790899 304.86228219769293 415.1513854391449 
335.6864594380221 95.39039221675948 489.5725122852714 255.62370474397687 260.1898466507527 433.4177045239249 443.13214499166116 162.3218997160194 
316.3210602996987 153.62503321089025 426.237555325782 384.48380319929663 137.8333287365272 240.75482330364832 372.0876451861536 261.7862117096403 
111.91333643424977 73.97625656648442 304.47897588396626 280.08191513600207 226.0025696316012 392.0613070568325 203.68527763574534 356.6594064091964 
308.6920812635061 324.9976542386601 243.94951611916082 60.103446109352355 151.0188971806995 259.61644701775685 451.41669059759687 94.83457688960755 
119.49216831492426 431.8130405848158 456.3353760689697 505.4056993573884 497.1771976605148 262.9389639252955 138.35618766969924 180.63386762074555 
414.16537594827355 82.94312439795159 88.75533252622441 362.64542731695786 353.7583150699328 507.84034705354236 438.4113043503884 490.9125760997794 
345.69420940381855 364.0855195912101 225.36288224579337 336.3595401830572 82.74448685730012 177.43131023888137 100.77656725254695 505.616405938902 
322.00899211818916 368.8477182793161 297.1515398664034 20.498856027492675 57.23787196409124 425.08142078285965 407.590342840238 302.7918080785047 
73.5079618123271 436.43326840078527 149.96327937160046 19.415142071308335 120.58231647129546 19.331778296280568 414.79483156712274 368.0495852144413 
66.28051663783057 266.28104784748257 20.70005575991556 508.3010634060824 16.188181759879676 490.7608813202596 226.19918879021256 468.4813682839029 
11.033682162212447 159.65766117856322 171.73850750707365 483.0834675724744 38.06024636119825 30.803610943727126 50.745716579599964 341.0295051769944 
217.7215421480414 138.20302224872992 433.54773178682694 449.76965109344616 152.0288342342516 392.52328298860306 292.9792866116516 445.30986621040495 
45.87794977564207 189.4289402115836 405.5102106815084 303.24680540254207 337.6840018317312 43.33690659838634 426.7197445512136 30.887845759943403 
200.65223246200014 389.1709435913549 64.94584740411324 145.5345564855507 401.0128547353655 319.69352629557756 401.93762747366475 269.00751162316527 
124.54814732090351 150.99320458727576 34.3391907630035 293.4907211701295 507.7400124870185 333.70566613438757 334.83279572075713 198.773831331576 
234.86586002161195 352.5465077312376 256.76965787943095 225.97004537010267 187.37122534083204 381.7339541798272 231.11635544456308 237.78806854466737 
256.84706998063393 88.87949759202328 329.5450271040705 220.43616642830088 57.939982748928244 104.92481182918006 492.4956073439179 507.2363010970134 
402.5233154142237 302.7028441729553 246.037944087533 429.02672132684853 21.457460032669786 151.70132345985658 456.3622115831633 221.43097501674885 
145.2673576687614 41.606776763085044 295.72558629117884 144.07147037973655 180.06537483109435 92.20720817253368 218.68335655164472 391.805751560461 
340.04766345546653 92.23152803121836 372.4325045646851 503.0636412986471 222.8921295808427 334.7038750031283 490.0961438055094 95.36329336191656 
439.3861079240253 241.39101246303056 440.77651885578473 383.0843706974519 33.61196808138877 293.92070688992663 235.20511096070922 57.5763510477818 
55.01866388184228 414.149616206694 410.8177388326946 234.68025421125304 268.70735848711956 61.358346153160596 345.0827919543697 299.74179641775885 
115.25935655569069 438.8521318546287 170.91081000207015 105.19406110932222 156.43437548355516 327.545186377998 92.97346741142819 100.78796354229569 
368.0672715542114 189.1067301279582 28.760128277455713 101.54849791793839 266.4913833962242 306.2469775686894 123.20003433602422 23.534958776454218 
479.8166570094566 352.7211510028959 310.6783247467456 42.48321849351038 500.39059927439104 410.6295557497418 223.27397650119278 255.40820418554605 
479.7702279308951 77.59199879506123 369.04777849478506 50.244801149211085 52.53308356730767 431.37461878302366 129.2085063173737 13.6050318433124 
300.2555498372997 244.54713002585586 247.9853251191763 331.7300169353798 91.98653626951113 466.74879799525024 114.03474779457817 264.7144519372281 
162.5445575458728 117.14116759851228 257.21000075180507 399.08210222634006 414.96650575748544 354.62567171327237 109.52115058801742 508.7900388015737 
58.436160689833144 118.4042195149108 204.11400412531387 479.7401883505344 318.02050740349677 356.4610224556814 111.09593023622703 377.8758939000848 
77.54207380020766 484.54358979161873 34.03674629936042 365.94190689042836 441.9153984186004 343.22117759324817 115.97273203207236 298.9858161433368 
330.27566606086066 45.59873116960027 128.7420066731129 453.6790402670221 336.2278040338526 233.26446700580888 344.4792987345079 471.5355268039642 
216.54397602308222 383.04925707837435 13.098243712756632 221.1063256423899 494.63773285546927 432.1758387137906 494.5893917155407 409.2280496125519 
290.1428801038647 114.37611343745684 219.9619970640758 396.40345311843964 110.92523610760796 24.55453935211942 279.65773829968913 296.39221995716673 
468.85532918619106 54.57584696515327 63.26445928120827 65.09007569266771 305.6702485985167 467.7550345751546 499.3581431316781 408.77430456007755 
340.2527464535919 504.62801842347477 69.30113148989474 466.7939911583931 73.65560023417672 37.58086764413581 393.82476729766177 348.78275025811536 
313.1995827336811 416.9157421727271 316.22464121631987 231.47250712534 201.97300063905408 275.93185480320403 30.99642991365097 345.1860581613832 
365.06090641609023 187.59933340932 431.74063669986776 305.0868438742491 408.83230608305536 190.4042784425795 477.1641370721129 367.2638092673482 
134.6131881322848 325.9430891638298 499.0068731737918 314.7296905295154 453.0738265708169 455.84417863173525 500.72166305809804 303.41072604631603 
110.65818706500419 250.5951918834442 120.73533837689541 123.20591827514326 464.3838034784893 367.853888308887 59.119299318894306 454.1940270433182 
166.34000966784188 462.8207691264012 391.49759238486905 323.0663872840842 244.21294970459795 298.25161468641386 319.02071530785327 89.86369079151301 
189.1651731569019 346.68801623616616 28.233161573800118 420.09485853682753 287.39819017071966 402.4841078504042 459.6629423782604 322.3160574454819 
56.72594572072308 346.20749747934485 408.96110965043476 456.2481036615015 274.48747228681725 328.9926065441296 509.4194919031192 41.51034717661955 
208.12669895286095 269.42454741623686 269.69469261693587 322.0490600585828 284.7677246123261 180.53167743054885 465.56655919207515 166.33853118958262 
61.113440145189536 469.4648134822229 309.55916100007084 508.4331318930534 479.9959227348007 477.44143584686856 447.25243614006115 459.9481195008302 
24.90642385908564 152.53289135121122 454.11268326779776 48.04769283335663 508.83332569605534 372.8726823898754 131.66994261785675 159.5181746783532 
358.73598061023665 62.86412386165995 26.870416510281427 396.0045632944474 381.9827749323817 369.965279432294 223.43208149552945 170.4884807620754 
126.08132797378296 294.62950762582 79.0316238025025 500.08577883461004 68.02914886109906 290.9796073826889 207.1507422101132 75.24175933150839 
494.6126658583086 480.7937259486504 127.41003568884368 310.4023330563687 59.98296938814806 248.3811789200061 133.21856836152372 206.23904075407816 
131.83625420016742 108.92629688053495 50.56722109636601 478.5061818588435 162.52708955621213 367.87835532340046 186.79396325967807 33.60817943825361 
446.44272267259305 213.96586248083293 393.1491800183209 495.9552519965219 249.96649586097863 13.413161172057755 289.9891775434643 117.18549446502456 
425.35844477153034 197.9375932152307 328.4259828792548 22.331651384830888 244.8813183677981 264.1052830966893 487.2615496520775 373.0104871689553 
316.50005450928427 26.623718662766017 29.034557164543386 152.71301037199447 67.4828586389356 393.1491743516015 364.0078581705272 404.2737288010723 
407.2320647377929 53.18719570839558 195.9246846442925 374.59686829549946 305.6728254612201 98.66423167972943 248.36184192867293 146.71788474597213 
148.5277174866849 218.7484881440736 495.50794469599174 464.27826551065255 355.8056405383498 236.49818975695408 446.1947649192057 78.49180451263409 
374.8327571170271 379.91543905189013 155.00997252966292 72.68043285780983 284.15392218127363 304.9835581270612 259.3191936726409 244.45779298293806 
369.6325323474038 13.266358903849076 466.0257156658263 250.63860464531123 159.07703896322855 431.6472161113394 36.89580455009677 344.9519995879505 
26.72211795323486 46.78615428964155 446.2778563043487 163.63695142282896 103.89281902111068 111.87315451694728 10.043433295405737 138.99788443378728 
357.17956417274837 68.25562020699454 409.57838095772223 245.99863627042072 320.4523814755672 449.51830826469575 159.65212470268918 411.9728619598896 
92.04229244606248 160.59379533175704 193.99323401883782 44.529020680319825 333.41810859626054 149.48151346385663 367.39942454326535 257.72806625036003 
130.68664866324514 114.15359260927049 298.21011859318924 501.61197905326867 205.2446804812084 12.225622461611954 99.9696939597624 425.1612119213261 
84.91048353619217 265.9703661656059 176.10944087021713 427.7593031829439 471.86332498710243 180.25269863604652 376.47660651491975 479.2425841119432 
168.71895753470932 215.9637460895057 439.5383123521161 413.613312212473 49.06913017370211 386.5324213178445 269.08877946630344 26.49419110665096 
183.81343255105725 170.0925287434809 219.28777012758815 431.4025078755598 359.61147514166043 454.883458696821 186.8584982887425 254.92198645642478 
350.78349872173334 160.46270083516268 434.2730550030584 375.8504054073777 430.98765749487467 302.30815516528565 192.75355307093827 38.40127608302162 
236.00205072481373 392.38860097419604 218.9170182718706 294.53747679529744 213.93954978930213 193.28017919566082 103.89225011618035 355.5151948822217 
24.22365569672407 468.40722989054836 258.73670555023466 57.716165391255174 371.65346750746255 495.98543350086766 124.98153541723599 272.84633850774185 
386.8858588658621 239.24560128081316 284.1329947453473 217.5791544249855 289.66308092056573 190.51596298186934 264.9581890272177 242.72152425878906 
196.11375100332646 31.741330722895135 472.383418540846 306.98062492250864 56.45554592690765 379.01709515566034 286.8332058104304 465.40964754364165 
334.427570448045 503.71627266927163 507.83807081675775 327.6106930196765 164.78064897556825 47.78765287621838 440.7392843420995 65.77271960093478 
350.1535222455258 375.80326884876484 50.31866033387899 177.62300059374573 183.66320076870085 331.33324307371026 230.18146493517554 334.36992629116673 
208.53760205868483 290.2261086596635 361.7206930561335 268.71540333362367 151.11844404912293 28.372818952336278 461.49077895847245 283.01496500345814 
388.56268189578094 46.53252646555 340.81876448445774 82.66374507291573 437.57062075953155 119.79822134888073 326.4812111946548 264.78634302788726 
75.4686080610074 464.2803885307342 216.27495082634317 417.3088487709348 329.9747395515348 38.58687434061152 268.30962878607596 408.4909540430774 
198.97547151522315 122.6769392101351 147.85042938619492 71.99654160244816 86.6413462041156 441.6677133336262 380.5388891100134 117.58060861878066 
67.21001711921164 227.17122932818916 485.8200711314766 222.4708445413227 212.7645167436533 233.74004388312918 89.40409305569007 383.5218800866164 
346.33514333069263 352.99964851568853 438.5902773808339 235.22033761393845 206.65287582511903 93.04573730228365 369.2819352743066 163.61892677754756 
135.88255568502245 315.6845801310022 398.51993767961557 171.27751828314663 26.66388996889373 249.09440170647827 241.36322218260014 73.28950296764225 
389.7885181802277 418.48617504038845 175.94440082937444 229.47141745838283 28.841119003534025 262.34170358165375 305.52841988418993 142.7940877516038 
433.1327807974699 326.80727778501193 391.4026863140561 379.1332905927114 125.25472746299964 55.82091065720395 55.42644435025467 388.41815047052245 
324.58053787061743 319.55143435414954 276.06782063887607 432.25538759209036 413.04499889331254 448.7274139395826 226.7564964191581 448.1074893639119 
314.52762964647445 167.4340821474231 130.38018309788617 305.1029468231793 24.1691250148383 441.9564710504855 428.7530421978589 31.556766380611492 
148.9487597929554 388.2467693891564 190.88410311409964 219.27922322988513 445.8509381893551 505.5940777373495 308.87394259039655 434.75113011513554 
468.94891884501345 129.0746684904686 155.26754151411149 92.24367349322415 61.733955995647285 118.36091912739565 500.6916984258395 368.96094549592056 
56.01789810432133 425.46699965420225 115.60485201192354 367.2832945092123 163.73739891220922 309.0094342528285 104.98774785576147 354.18968610482534 
172.98789771799628 87.560733526426 149.80273093539358 32.93705930542711 184.61541580034563 449.67407952886856 454.05005071453417 427.0749406991104 
250.69435187094768 463.1573903552874 321.24923226072764 81.87343176979132 401.21942405541284 51.174668250038295 409.173583588116 413.24252276002454 
170.3397736514632 327.75293938250593 336.66599324133796 159.22113528022112 358.4635308985871 310.27280473115246 441.3641889008829 14.113731496774298 
391.5607872280949 151.52078729163532 112.16350299300281 150.35289583836752 263.99316619432136 158.88152112643277 245.2453570626975 458.1657233276811 
176.19823930442868 493.24800099941694 497.49950716758605 458.12243165364174 103.55671445194241 65.22797164042342 136.16824342473004 466.6450199155599 
157.7705574897988 271.22455244867757 408.5405822429282 219.5544693853978 227.08040305641967 336.9692847135473 480.524752405969 283.73413413086627 
506.65002403511187 161.08570833735035 117.92680119781362 211.98796958249687 155.4462492879202 176.261539654689 409.2638191755802 21.17129531616179 
440.94237099042283 370.607628113555 453.93953900078753 198.6724383856726 357.97310710834205 236.78184909435384 64.6107436047939 67.32336698415429 
333.06938013458677 41.45595044460975 157.572362033468 463.81734411915016 250.60088449534263 432.70358823659564 129.9896398182551 310.71181911357235 
162.05469256795416 27.88761030384334 147.8051392840946 287.09467229913093 164.7779201479907 249.62473738210093 393.14912427941596 427.9918556257119 
61.51266778062558 302.40574883946704 445.0811257168626 107.59467493849749 37.051344475398366 307.4493414477198 92.49097791435933 486.3847007669453 
213.34039277910455 238.36771975079668 502.987364269042 127.2346092567727 69.36073406742726 425.22211255947536 296.60206912140785 110.56290656145201 
337.1128524472196 19.546277853501483 198.1380227709794 103.62073029094343 110.03480260243857 437.9161570926009 66.98927317090485 463.9889160274593 
25.18118291021858 426.643841800461 228.260974988078 82.36331016444164 505.49120642318394 15.173823433312908 154.017630139039 294.7066549142852 
173.47404888022925 250.75990173874595 168.48750285017582 318.84488145466815 172.63951320960956 232.00063693470972 476.05158118822806 295.5863195982466 
258.0021934118593 83.81159052917468 435.84503418664536 139.44149976809211 141.98727041863978 141.41245245195364 131.79930182051407 29.022186048789138 
207.06603713335673 235.90725834096148 411.9530910558586 492.1972080621523 321.44925172203585 99.03561211519134 195.8601805327439 166.0836969098689 
119.16650204197393 29.673322567650086 473.9223704379206 436.9515723287979 230.85970635368597 89.66032068175888 47.47549875288908 290.11951004691105 
76.61882517024719 221.53416582162248 183.45687160899658 324.92043392599254 457.18790566426 305.747145335414 482.48206991363634 14.814810307858796 
304.8696564211247 299.9451527877001 384.15923038471277 417.72965131447097 80.45663298065075 227.88653189917673 358.4691468623424 166.70161255212201 
427.5171462740101 410.57879201286846 457.03907769340816 195.9020658930392 320.36397812336054 457.21161685855094 23.138452321033057 282.1223725970997 
67.03422080210646 158.46402400567433 484.22469442542905 106.79757644841835 153.60807522867452 49.763996193710184 275.86719456070364 168.64648512447383 
41.19499557228828 37.07860211768259 70.87757140298334 502.0063259449213 151.91513032761787 102.81274531858035 112.47437003843662 280.94014165814093 
405.2042799987257 234.3946816909921 75.31029542836092 14.194996928673644 290.77045183434427 343.1264852358535 503.19011085346636 161.08914255714052 
89.53019822729496 65.87741258084395 497.3074000573582 123.40625652457115 478.8527037360837 467.1985954907709 453.8281552532866 193.37492006860967 
383.43999733128913 284.43676974661105 274.64948284642367 162.81134730068342 58.1711691431011 483.425607451287 100.16146726683367 423.50367185792663 
14.238890081528336 17.332424470783195 237.84032457791142 13.915723417266094 24.90625144137614 306.23861772713354 85.50097938771371 192.28859384017153 
72.21212228067319 80.03180149226974 473.0372004532491 241.21791459960616 220.9530677616807 352.1879117175865 471.4774322304402 333.78525329109897 
31.2700746719377 417.0212438229221 343.18434227582577 416.32143539547553 246.16809378686176 387.98068925451935 432.0263893907793 187.88014321581375 
115.29655215910266 419.5702517196657 417.34941378786004 381.4998552011922 341.319034985973 380.47188116487007 480.57632692736524 177.3322130841856 
260.20015975499246 370.44893364798037 58.26323385453607 202.71498807809567 491.73779389009616 98.60814243420052 480.43986079451946 199.26771493441808 
421.66883603893007 265.5985090492471 418.06258730792536 62.08821353530835 501.67650733281727 217.32495119083066 188.40813830330688 81.12800349161397 
478.6274733426551 262.75501564886406 92.23608992308107 339.8248873005876 289.3667542381994 173.39678743351683 81.54828557741017 351.0706218521732 
482.3987028958015 507.0260089635836 181.77329006553032 135.59197246443125 152.7819600332809 23.240551690156476 217.20405629014326 72.82330393028374 
501.5667965021598 83.4205334048434 13.516817020358221 479.3486265018242 256.10272573890927 52.67195911190819 376.1995289457027 494.9913742289544 
312.54463631795164 346.3321526365451 268.7176989374641 481.6300906236233 86.88551014729362 388.6151660477573 239.2460054415582 264.8179973179148 
185.84390546901741 375.97508016547266 269.79372745841033 173.28462441255144 133.93428883195736 362.7655136155286 346.55196562566175 456.3977426796709 
18.048339319434827 311.7734511425443 175.29108881699062 284.6635192714124 35.87539488105517 377.20532493941033 90.63619333247341 163.34320787868484 
59.49010817208455 312.70377635309165 333.0489820167457 214.26433596984816 450.4354631229604 21.97291624147251 492.3440031172887 405.904741031872 
487.6293276758712 394.59044801100515 41.56744387755455 436.8272210033176 394.42252627289497 194.58466159969683 10.066601216480889 102.54335571267397 
76.13674536837522 394.35439048900315 469.57822076381757 100.88428313784469 304.41019967066745 471.51021940593694 132.16359936010812 355.9566930023843 
209.6794282652904 311.21484480915404 483.81889933577884 65.76222013034132 68.12502539003512 481.600909347938 502.58856595288785 303.55818342563106 
494.40974579458134 274.84429806952255 135.01001692721547 128.03800563469986 276.5369123897546 31.47113188199651 329.71781951450345 282.4092634836919 
214.15730907394303 390.47647212526243 52.035363891041065 187.4476474695263 446.6527211350952 232.83299038374426 328.382259488278 58.60478462138623 
382.3241608294971 210.96753916222028 494.32545183579026 102.24819233615744 465.01298896452397 381.7840079436364 445.1023499022135 371.11146934121916 
139.48301851533756 85.810336920341 312.4439801149226 484.0327348430939 501.8917254210484 340.04797978533855 116.52625215710532 40.0596044545855 
246.67868611792693 137.10184061190648 66.87760976803858 181.998650628975 146.1993781310528 168.16892032881756 311.07103616121674 389.48771442500106 
424.43252661192236 112.46365684131808 55.02867611026967 206.6688710448723 11.088935703017047 260.65819803039585 103.76704804260949 234.54051655187672 
287.45017760665803 364.91569226332535 496.41114916893736 343.0663595833839 60.26508941502128 233.09469781228387 34.30540836209832 183.11984134515944 
125.03224568767129 209.70290384744354 126.04970413173815 203.34164476820803 404.99658407619626 311.17820852197923 498.2885998486359 501.9888347405154 
277.18822904772315 408.0752834854625 446.0818310259414 468.8535100870338 321.83169473218527 471.7358826846277 421.6842154376443 297.32914785712194 
356.4535454727337 28.020812446434608 385.5631885195647 71.70282234129803 241.01675098352047 85.68183932886363 468.48184798584145 259.7513415407766 
65.40965450676039 431.95164272417423 118.47599695356058 65.71948723693698 455.6178989067195 312.92986145735483 31.552983826821304 223.75840510948518 
359.90731477421343 141.34340469442844 289.940608440757 436.9024465344561 301.3458956871357 499.2592440414071 256.71423171822414 291.662325971593 
207.99302488808235 328.3275926529471 400.63016089929164 103.31295145160628 57.084074799302876 325.13381116607906 349.99347367327454 271.9539150074272 
194.53848030610882 184.2370766632245 99.38837935047772 354.4208254713152 316.11941840483985 456.4739272371645 418.09926177694194 182.12560831767638 
221.5732361247132 415.10481149443024 134.05050585464767 479.903891643515 78.0767630449463 447.38178909739366 92.093293348662 65.94753218586118 
54.32051993131786 114.11556011030187 210.4673618102667 337.9005681061595 311.55614980336185 144.81974945740487 184.2660203309709 375.1965742098653 
462.9360270770063 261.01085150113016 509.73246438521875 112.71556104491297 237.47323325811004 345.2417573231625 128.21539662934532 165.8386803946541 
209.95002992035234 98.44699031960984 113.61237216890923 11.978643915641786 83.10291686009207 453.17797874975685 452.128707523892 358.6641956669566 
133.4124620410042 135.30619655165316 88.18014456118571 153.2566160619637 56.82599494640194 391.77254204223095 35.267589186305955 314.3764079993934 
75.74122701747187 26.960938552101346 475.6517770623351 390.1183699473419 293.57905098281293 15.274336622919208 397.65613026867896 473.1330987036654 
408.27354177931386 82.49126945552864 444.42598126789665 327.6530707270118 21.007332638663325 273.48099595045795 272.9721114435125 308.54139319073505 
401.5204896223661 148.8554314577497 347.32694076455186 277.441466786194 196.32092779439736 378.1359937099522 214.6413344661615 346.1055508448441 
191.12465250185377 122.01345602183926 438.0502105651543 401.98036477220427 363.8538577768604 221.27888680191137 485.13512644138547 496.12800321045984 
89.52088593332046 335.0039798007912 495.8118159622537 298.5601163835601 483.326493878991 295.548634349439 478.47098576639434 451.06350265641044 
493.30018062201987 72.97415334223733 108.20038316205148 272.59538886227386 478.8109879648153 366.4400486030292 425.91627661813243 397.32631073669285 
136.27671885418928 465.16263139935495 362.2324693368505 50.408917440820034 258.39982519316186 146.51345597406805 134.8950725676366 291.5506385895012 
438.25798036388375 503.83579758486536 193.6109393590969 181.46850423938642 454.57755473945224 221.5573335037499 11.098182849083862 451.304119582347 
199.5180355111098 440.176981224254 144.18658665740045 380.0770065683795 135.29560538330887 478.7042299665039 113.79626815126886 210.2544073355297 
390.97392518842366 307.12890855208207 277.62271134717946 56.51559403295613 235.7502641930772 286.49967730999674 494.3560347556411 387.7889922562133 
290.06516843418444 319.18921316274424 503.2630095385097 287.6400248451311 460.8637102738434 176.9243271250011 67.95961505432123 323.08801679098474 
212.33643128007733 399.159091397351 58.20244972092008 476.93008662978343 408.46826376643037 279.36912960590445 268.52705621699903 223.65030918901712 
88.72327860180833 81.84511384260556 397.5613113137805 453.9921681969468 163.1936899098884 256.5637226399216 236.8419356331647 78.27250539068163 
138.54104250058535 44.71408490825672 242.96238165699063 263.5149660056768 111.05767365148178 492.457863386949 291.8800770526427 384.4812776680567 
388.17686309473845 15.501125571771903 39.21125556261506 393.6782470883963 224.75937167191134 282.05606253754115 435.3414382049421 440.418748248432 
285.4848458421257 306.77078930042535 69.17973370217544 194.01482862320356 69.67611260629074 273.2052536109483 139.38505441342502 451.18096498622776 
159.88430931629216 227.4313862394447 476.89239061011455 232.72565867014322 280.5632864390685 410.3356798324378 167.56720584235646 199.6095173144238 
278.1611495134142 121.20231822583138 448.8162415229164 343.4479198403435 258.9572107313495 130.15484585299868 178.98259603528882 31.536326003113505 
245.9724063717065 282.0347114752066 303.3535341309154 111.47646509711511 341.2812977808707 59.29461999310514 365.60876153690833 405.4814763400203 
505.0538872169685 496.48498558852475 238.53769877040642 49.4381423794658 187.655176262636 463.91144603234613 372.8535151579574 256.8042474698799 
176.1308955630466 463.0416829789096 487.9323415720566 212.4194215552541 141.40709145046213 201.23967572079204 253.30557562013567 426.30723730984965 
497.5322031029509 338.4053687288087 134.7334854565861 502.54707410953154 309.28930462266754 423.0980853420329 203.68831280046373 403.29358676623616 
109.5069854938554 160.72164930623973 334.0748242844278 413.0219912497515 112.39671144402845 281.3494161404065 335.0165973992388 133.07737403305558 
434.2450087833344 399.76734366774053 193.53612799510805 461.6060696473276 57.78850423536024 385.3131360528008 225.95677365803357 138.94715289539576 
401.59989138819066 384.0897583192506 61.85485461570211 63.562362255928086 480.8130606699472 261.1312402058069 509.3898035565127 208.5824823006772 
270.5154751534885 355.09909241195487 475.840756796818 94.04820735915375 508.13584655527546 63.08727271744718 242.17745210290548 394.92379364981065 
296.15536137114606 398.1139914995414 15.493732470558177 389.9615407385646 491.47050778871113 286.8783723630926 308.1317111585217 81.49518230102886 
492.7355633293128 500.36016427519695 317.3247147394929 441.2403723356051 162.01307325602852 234.8405395459546 104.18721220185955 362.1804250349056 
242.06022696375888 485.92220757466083 495.8797164806447 21.615311923427573 255.57932455214336 483.12691968118605 259.7769074290794 485.452145249467 
497.76057979875804 77.6484720072748 223.46703338977352 508.8152741737748 358.44517233656677 100.83935258804021 139.41076214581082 113.05401040139417 
335.236888385338 336.00915075425297 218.08752723486762 144.22629233840667 223.89029636861156 371.11289359215544 378.45761863777795 143.13616658428583 
97.30368128192751 224.90736429146324 389.5680228464511 482.00346662210137 309.44484433138473 264.1535782841559 202.13019799262858 347.8436531989481 
385.5379134771452 54.4434980817518 393.89789707580616 277.6359913678785 284.8392155215971 412.2292409447643 277.6731914441945 75.35814416771063 
147.33044105846898 50.63261069758528 345.76873678652896 65.96539889018393 260.6570821420933 336.6134946698447 349.7545120196978 266.39258728438415 
108.64048947711068 302.07490119813974 439.3171068576127 178.65680761448965 487.69140605323247 176.48286201950464 409.05964315996863 35.13914775650255 
302.4533352012247 333.57945555296465 227.0705287808966 451.12343156833964 277.0036931269888 169.76691090493455 144.08914019202862 64.67021379597904 
442.9410405699659 56.74097781428743 307.0964947642355 368.9040792776494 390.68628776338636 135.95168256033884 426.15920642294384 66.79244563172608 
395.3263275300749 347.4696811266035 168.35462537381002 403.49388421212853 153.32783795442873 210.8361173020229 77.60548169068842 56.35414734101062 
491.44966848608755 500.4743795517445 444.25201914435047 287.6280991417641 34.18186756558804 83.24164571270126 173.1898459316325 190.0055256405802 
441.03935212029734 310.6985758184581 324.4016041674692 480.0190475366203 450.0385042636275 483.6749564268971 124.71045755678271 419.4122565953633 
88.68477377692196 31.709802041531002 374.58374870313264 69.54616122944006 38.79929231024187 174.9437654287889 298.8147919434864 208.92210319971386 
266.5128572782173 461.0420085194873 14.910918472725012 368.8992198250483 153.75513119970873 194.72585135811582 418.01598179111306 67.68464716113408 
492.56751504027955 402.4910713913794 406.1954439636397 447.6745869655885 328.5673885693252 100.09112958143339 494.91206818523256 146.22419821641202 
264.89234392892234 255.36345268028265 494.52048342707496 354.92473774952845 462.9520793492105 463.97684325981584 49.608568426931775 147.46575804559242 
201.3163743164047 480.67806115226875 464.01404373329245 281.16075320417696 479.06718938257114 373.615957094682 360.3440439775953 302.21416171836233 
274.9429356689437 194.3210196929238 347.82616711775756 409.808031406164 198.60315469229988 180.9185861136811 497.3188212560513 159.08634079349582 
395.3416945443673 137.15383466502107 47.309220488226714 208.1151221176245 190.5764256133924 254.80662713470207 389.72692116743843 438.89665964258404 
85.44380166997178 272.0744568825765 509.40132082039383 407.51562905873254 339.82617912111635 485.50144762168486 175.99095521992228 203.495492636115 
504.14016672703553 258.0316328073511 312.21290036738657 423.4432878500047 386.2141309261602 290.76471761391025 87.20031232952013 89.06076279512946 
64.58281986379559 50.992244219282995 408.8163334520162 464.6001637450173 184.52750321611504 374.09244060812324 113.75234946567808 353.8427436569679 
398.18944561856415 381.861893405883 279.23879993042436 81.6779803294092 435.0850996145159 484.86200085426424 205.1967612262473 490.3619269147226 
414.3510110218887 361.35855133136647 240.65815808442014 405.5324935044928 135.0465283356364 430.4323798017121 253.28307246250264 152.06001170974864 
205.84257355943225 461.8393097637159 165.80198712998777 324.8111230970206 500.42448785335904 90.1975081684243 108.21124277833415 144.4040640060093 
49.93710880809132 126.08032304135114 359.5498030672581 353.03361485239884 108.8002529198625 181.59277225942742 378.0854089806433 230.4437082105128 
255.2225998892212 253.00983144598865 343.73833238794236 435.1258557459282 12.742275252449467 28.05455905065745 261.57073195333066 500.8215559308085 
104.12210189161469 310.39429970930144 300.16992187132576 443.40680163387805 73.92780575625702 78.93298532447272 163.75340383423026 58.23670423147758 
141.11707556216874 324.47772653273586 421.8241179964328 113.02855077200762 267.96783258078307 431.3577698786448 345.20372236273255 266.3612922137495 
56.67372576862727 496.57401708706504 422.27230793694645 166.86955202566227 209.9349513053286 104.05717057773238 354.2423851349988 313.2103804138526 
416.8725645265283 196.61257867916282 453.29554507346023 379.88087699092966 150.59446900187007 313.1301017308368 492.40975417231647 338.9646948093944 
488.7410309522912 83.6368899915476 180.70544353906453 332.885678961436 193.33864904310298 499.77135356464277 63.13846705691561 378.2467010950583 
411.2892463735412 103.25636799495236 268.36824238110495 105.83177541084659 481.82394391875675 359.9499100664543 153.62893642454029 366.84972983084333 
462.2489083219607 112.0512009830844 20.4319983609194 160.49731301287773 108.31156251217644 126.04045832948351 199.92815132099727 462.9201859904611 
170.51533458453886 378.9304420275079 431.7568440616193 162.64957852875543 492.7109657805301 350.40793666348924 85.21150102591034 432.5929881962108 
24.29258653270332 213.4431356099415 396.5484267879131 493.6569443862491 482.3266223894782 440.9453040099912 21.267774080581884 350.07998804588175 
24.94173505926949 471.04260036655074 325.19447237861885 201.55393777441066 422.3078045101768 198.56435557341496 463.1873064429302 362.21167128019937 
336.5322281450139 185.30384186720315 419.30441805251064 141.55942952872684 446.8015318120339 106.63970015216655 307.253118582019 267.4318762952011 
281.0964606377099 77.09409170439534 354.95228192556243 56.047939081396926 240.80871953057292 122.40582838912255 122.03539541475837 159.24566038470493 
429.5873935067231 190.69643936424046 124.12248980281709 343.9740666526044 22.743295917115038 220.30739487611388 162.68888067639213 384.1203099875786 
38.53927100194087 406.88664256119165 284.3590205980392 269.75008621039643 497.6945908187941 437.3025017708571 418.45352472618896 63.83949866510035 
82.4316033550988 82.96303780540592 366.61749412683224 361.57659116575286 31.39276069561513 170.1191888172998 443.35822560085455 432.31046987383195 
131.75611327499075 69.72953257629692 191.32053282405576 249.2263455397457 294.8773879102984 474.465051538283 220.12766704095503 236.82447177671122 
326.7868809298505 355.4318169380175 342.61614034051235 191.28121021762988 129.86915370807014 116.18990936942524 307.292331721448 453.77024665197854 
197.05367624103414 86.64657480474435 50.839287008710365 41.82219271863829 384.84470037039904 124.40171372403296 19.501581652902438 68.80061587813157 
76.51827359703776 216.12398915369872 233.17654944079862 406.57266145967515 471.81459686100254 96.53546874632912 391.03990633624517 171.4523132318085 
364.4539836811379 27.58317238216306 442.53392719325416 238.4946164794882 393.80432973302624 505.3753472922248 172.54629769284173 114.21875729950692 
382.02834653330103 287.4608980628144 474.6077657178075 122.83819916254534 493.03864339765164 258.0298941042149 110.93671824229756 486.0761392574578 
74.58884056004072 273.61334725002087 383.15878932389427 501.6441764670034 169.82874919168478 256.8603944114948 262.52969605559304 150.46250936997845 
309.6517974820268 430.97100717284275 153.48930003198927 87.69967905354224 322.1628316525102 212.36232227361972 89.37511726406804 97.7100298443692 
20.594407735448065 404.14674839177025 284.1234342844035 217.94699587467846 255.99964710944207 457.99996179996623 88.78601868386981 361.93036051474024 
446.0498871076438 196.99694258345644 26.690645151607843 396.345540708557 316.2651885144429 16.994100662156 206.07360779857254 252.35315127773643 
215.00573382648858 209.13573643744547 34.01219769253615 276.1868528014807 488.5525096444651 171.062866679959 280.4853797148082 149.11766735719328 
27.60507982882048 399.4025226430882 166.39085255751206 331.86286631246594 221.52474220302958 281.1157484588679 274.34634226677986 113.51755857359335 
181.65125914249302 326.28237327335756 206.10367450386406 470.08714681131073 220.02110838065457 109.90062499070113 35.4033455443664 62.69870183780895 
194.81545554630912 315.2797969187218 230.09797700010049 330.56939657868827 458.8661263145213 396.6040389105222 342.37263877939927 258.81023235312944 
272.54740343080545 503.2454433167558 390.8903172369662 26.142986564398388 167.38200472208518 433.4044936177484 483.690419896822 362.60867039331566 
371.6893393002729 509.6560646765859 355.66870173286577 72.34560813603262 34.60403671882916 393.9789866029959 119.46656772053792 301.5151250302309 
109.79302137678825 484.84751390603856 153.59789450023237 256.4531601020534 385.1991828099615 163.96253683679123 176.64156800981684 202.1257424491105 
270.1398061303871 285.200925027817 181.32781659697278 195.96664376657813 76.08779462728754 423.3609334628579 27.34642843529455 137.17515670760227 
152.46398662634286 25.281967751285762 116.70509294234326 336.5522336539323 363.7684458836397 230.9166052131399 200.46582463843404 436.95311802721983 
19.37915054568378 256.93327678270134 490.6877575731257 139.43446057303686 492.345881720739 360.42752486288566 376.404317186966 315.1742650895981 
388.5077180664306 25.319999994534648 167.46299440552585 208.24254054924083 252.2620752746154 139.01939832024112 415.05572510798567 59.30099290877593 
420.3135366709743 51.92840212395011 482.76813329492006 105.3097937442473 259.7304622391039 37.3707769971952 166.97562992167292 35.319449807118474 
151.6376930670777 294.5176916385054 290.41463689784 107.42620924348466 206.87326029515816 261.89149951851755 317.75692449396047 256.9686672201707 
324.93739693617823 134.0249329333294 167.01529067774217 151.0441743373766 332.56190693359474 98.85408651437082 15.608611599114466 269.4228037039889 
63.22798493776703 438.4230252333285 24.914517823465758 216.93723046076846 363.96067900120306 260.4783827945297 32.137647301263165 97.42651432082287 
140.72807849745593 253.53192328906397 383.32179300334707 404.31203087915486 178.77334868389855 482.9692718155627 206.33389993538765 507.88349383192104 
99.20781714763648 370.7828875247547 47.648166130861135 444.37343679177275 438.1930435649843 126.50748106742864 421.75828801771064 336.89804096055764 
460.0402903553111 21.93588657298322 447.04598927404834 403.34265126872293 440.55518782393926 27.193608764648594 366.934003953226 131.26986351740837 
281.9560374519354 450.7501484708173 380.15164181775907 324.92858101192365 445.69359535625 350.9451818522467 328.9409017714643 354.4419194973091 
314.50068644578823 111.60779718740915 419.0315258249087 62.25224340067358 219.99964403377018 199.34686826104135 270.212918505335 406.90141708197683 
497.1957279915776 245.0906527141714 221.33107455171236 49.22434175640199 52.18464658960591 217.45385458815662 438.5387564557528 211.03399217514502 
54.4023760885105 80.51013138759238 500.62691195263966 261.37596784841486 489.74527284120757 453.548303521077 260.2655618464373 110.43088093088748 
435.8886607931466 415.39027997230465 404.98219670270333 116.14238321186137 46.13213128508397 220.8489319834398 266.7058494633361 333.64935177074364 
353.0994660996838 321.90391742737444 53.70499800017896 62.5999798607597 128.62148398610955 211.1737435301762 303.74739388189823 272.42618454809684 
161.12988179141567 230.2619551363279 482.3098782383988 110.65632726382474 436.8900984867123 110.55588146439037 274.66644118477706 324.34431979438625 
336.40155261368295 139.05575776517225 245.68254471088113 49.69340616593503 82.29313615310667 466.81257659894226 166.14387236622284 49.95256256315266 
300.0422147581279 202.55269748531512 429.4476485808885 106.66384671601524 177.84528930011643 59.067275344412856 107.48459781993729 394.33852341114334 
336.9683190754105 444.944830780866 319.5397348407076 293.64044284752555 148.9049696542038 19.224817738290536 213.04003762406836 223.1545394714447 
360.6708043463228 351.55062705980384 479.9772426778108 194.81866351478476 14.56162638579849 455.39981815228066 457.83372115095835 423.0968848177384 
273.704009435431 86.96996141055806 488.839723885965 442.9723656760957 389.72622723854244 327.2981108419979 336.39002462809617 316.83796092058486 
173.87764609614769 90.19203995316681 82.44811168322084 135.36260099025142 457.92478727144805 323.55135347129846 54.76605037556497 142.41169443844382 
156.1519926147179 296.65664148991226 457.74815542078625 439.09954230345676 164.79512775319648 491.00476253421976 505.78659184062957 347.0520268594317 
460.23612575389484 237.2683737069197 482.89697275400596 135.9575858060183 382.28669011993134 365.9579247951739 277.4822328582387 445.48458912607356 
213.88929157914177 264.3640594107193 66.05270064899814 356.64347612190113 293.56344597474083 357.3587927808128 444.7306370167958 192.6713712532445 
21.925500849038762 154.63330122854396 432.3673309066248 254.5176964750211 248.6100484151505 131.95077119130826 394.1008445899733 321.00865143491137 
150.9210844742818 338.9921241895264 59.182592368053335 368.76883708492096 340.54098254475673 251.37295756098126 431.9007893761192 91.97800210045052 
59.62551079378885 509.40973716498746 19.429017637652358 427.04120628743976 452.61292005996773 311.21341423370103 425.42790506009334 412.25039154699346 
25.07526722752739 352.6884913989126 483.22813099328533 337.5155018411526 25.94014752669115 332.01575850040706 227.42285462514755 264.24342212599197 
114.41086218541712 161.19685358939176 127.69770905522824 120.44261320009485 297.91319873212956 152.2386350397889 133.7264163424614 201.13176831394057 
252.3969807599215 70.55562076373111 204.96024459887283 29.130573379223915 261.32047877013576 73.16852142224977 124.13941830491598 156.31060977628684 
134.6457606747145 174.277142253947 18.354475675472763 110.38462688500444 94.17317415806208 505.78552767573706 136.48590404432895 317.31228666724036 
236.5431400606493 265.357776015352 56.85002846970765 454.40040998582765 310.2331546871705 369.5823799032448 123.87932434118603 314.17604678031825 
167.87842979593114 454.8234116501672 37.66528192748369 384.110254498135 380.24406444698815 493.3365320726336 145.19194521667228 472.2709329784019 
123.17693532184975 417.22810111435655 107.08823436184267 333.98265606644014 73.86553869367478 267.835342648833 238.7272597654582 379.5717773756917 
177.73570616516824 13.105860437616514 449.5005769279458 168.2748212555715 272.31051303478773 300.554461354748 329.0956832260114 18.388320898012115 
179.3624317936198 38.375579126586786 54.604836131392155 188.73831208158785 501.6857180627034 322.2892807745483 417.2932295399205 211.5474470455952 
485.81747262864104 350.6990558777332 392.8547306561924 81.77795561942956 437.0351843480503 95.73953103043547 303.98338919235863 133.02860063885868 
297.95901503947135 122.79214197345195 249.0885525225928 55.063694587050115 127.08702228876517 76.04700635701882 95.98211520142901 133.05227606317965 
338.5912944392639 472.6890333395875 464.3656880587497 413.59569555570266 189.7032123191609 73.28640494684711 245.94595823458624 127.6216010896956 
127.01600196720673 220.95965538501054 336.00637181851016 325.22251734599666 228.0325656664892 166.90929324296738 375.26323536813345 302.5171541078736 
99.28684122904279 24.880233755512617 425.8343865979475 25.612455093722886 217.3667997756434 122.14119840380182 130.1484671830846 381.74477262597895 
324.1671121614073 139.55695041918048 26.623085804970962 212.67792960028703 112.69976192961383 58.33186246795429 320.9398187017806 210.4366249856343 
64.79051946036978 56.00265155563632 36.744354477108715 380.4530896058149 426.98971538402003 119.25853528436758 94.59970435274222 402.20527334427817 
436.0250453866965 266.16687174475595 493.02083304772094 342.4245040503501 30.1248631043619 395.38248129647485 390.4185755902109 300.9509626188111 
407.5399577283507 404.91876094764103 11.781206420255977 194.3149331472721 418.59185206096134 348.05856979518495 428.9216937279916 507.12198265352725 
402.5759715466801 18.9833128859082 388.1186142299055 466.3203086540963 205.84752257720368 485.69797471773404 483.97920463727456 218.4281743928479 
242.4185013763585 212.83059307078005 103.35221582026959 214.79978550491452 83.39372019185575 41.8840249705965 188.11919120817683 135.00753908066224 
186.5740746595959 421.5182160764284 490.69183915451805 303.4189206838298 502.5552557171364 405.44120155116417 121.04394571887671 179.0460212667923 
318.6498281835214 60.48679266079764 309.10580679330366 123.7459830646777 326.96100231666907 52.45719578651902 431.34930192485575 278.85034268600145 
27.936128498931726 302.30864848242175 475.3918234554293 505.30144264580537 205.72804392163985 230.25815907445707 241.44712000050615 467.3740620981911 
336.69240200208304 230.38957971994643 204.4510927993315 65.0604417395249 417.34907987612644 143.3370137416053 85.69092060781435 45.196641297657095 
323.13594743681716 119.62377597951783 307.76537657802845 246.4085722164955 434.28282131598814 391.23497775553284 131.7046047621842 57.95571473179272 
390.1340400161168 94.00185461068105 400.07742457591576 297.55064215535936 458.24759162286256 408.3760834987286 434.9143228253364 338.2324919487218 
129.59898816167353 411.17198035375867 264.2742798638011 439.37260698627637 176.21802291985134 155.85495510005703 476.2834441965091 361.8902295439273 
32.58645951114302 123.95418580270761 124.47391013230296 472.7566837548071 487.12490448824906 315.17765433388695 233.25067613073335 168.8658731887128 
295.09684149979927 368.8077771994545 77.31484100335838 75.3494734175018 449.25811232479964 233.9556062627635 33.871313057733936 98.41477660824087 
469.5797669017475 31.251844186162106 431.44896640848367 37.78333331306432 198.37269061999595 373.55272755820386 444.1615679726789 88.80862789430665 
212.14177080308448 38.23895174652263 205.23743545094914 189.35076511580166 86.49809633329302 508.68566436735887 438.64608648161806 291.4864155147854 
375.45703057823073 27.48186159917514 32.64979084051283 263.13203061290665 291.4504615789145 428.9770540438642 104.10852801760983 249.658571855493 
197.3812671005319 143.73351773653712 227.36601989929588 450.5757904146072 147.048101064959 392.4621199419747 126.5453371621174 391.3642011622042 
335.26876620893586 212.02001671227643 255.08196144834443 395.5329406858264 444.030067145422 81.04814106327679 311.3225821370931 86.98147756450302 
495.99252415603576 37.82679737071331 364.0176625182366 377.74355476709553 451.6778605185502 307.92727711842605 386.535931248268 21.191157302112675 
411.6675058616079 84.23791218241132 123.628941928764 435.77695576175194 410.140255593337 226.94233549668758 339.5737784555163 129.39314182376955 
411.0770494992575 276.02842861473084 121.52208250659234 179.4248567594882 243.4612591506095 293.9057744412125 36.88347709210248 348.5763115507679 
336.8023466356565 180.70997171321605 68.57159606154661 41.54775123547488 243.3111911228356 229.8717971437291 376.9407003592617 432.6413583589848 
58.05512085695324 316.52938926736397 62.24118405609956 219.37427422828637 473.4208688662014 236.36158518742226 226.42192487082386 82.17677696686748 
329.2134042995161 337.4205060331632 258.10774868174394 55.253813693401426 144.71898060663378 212.5415856563244 389.5800260720096 138.68801895467308 
244.0603711068173 344.9090526940785 199.58858472740664 106.86220439421488 211.17248787228715 224.3550791539263 360.82304886233476 93.27971628270426 
35.726425252843796 76.97069132938566 55.871696360551994 156.86048570410944 436.33022455055635 475.60665247668766 110.49603048804151 159.7910972431194 
472.33428568700316 223.8421932692106 18.049145688715843 412.0069058588117 180.5696366902622 31.000049054314573 153.86600608921813 162.38441975667456 
98.34728114207269 120.78567620401553 103.4537348499851 141.72193796574444 159.04654756500986 41.128894242615225 153.3101261210914 487.58669396058787 
71.62073912119243 67.80603838427339 118.19850381707053 506.10652011192076 420.3481454381059 219.42075367963852 303.70687447362036 350.7843252837873 
346.15649514093275 26.321519129814334 27.919710741937322 323.41328487709274 295.84907854503575 321.034170802519 251.03042081700414 127.17107661560449 
450.56054830747104 442.7872925165872 486.72259076112596 26.971102352410117 69.77062376588671 373.7089182183156 294.14814815129745 497.14901801707606 
112.20379244535899 449.2723140329636 274.33053773698555 61.56254550910672 119.94305192229892 410.5693325436849 119.82120282323187 156.18269866814376 
477.0859680652049 190.9891557099736 391.43718366888777 469.2546541715363 279.2710518632016 454.8807811421617 320.9083017035303 339.1063361597849 
175.40261537814115 30.77713892456645 63.26175202874095 414.6827181977842 167.9023139221729 506.75927193491884 447.77250967736325 408.8842429232018 
482.8152705009476 380.53838117099826 401.30743542635435 399.78718790127454 246.09924666939165 281.83413550448927 342.8913115482021 259.8243072568455 
327.42467015854146 409.627162856986 473.3229875944588 418.0037824938873 337.8138232328904 451.86393222835426 508.66963935365214 285.24462953411154 
392.4472219288649 380.19227512321345 31.4673769564806 297.9066736160065 374.96547150743294 137.30537210084918 258.4561940946827 159.5932577123534 
64.59444573223527 359.47260573121787 148.67757255758363 486.304762579951 112.42222804314422 401.8353776285488 400.762707975676 185.02107802256793 
478.1556659619328 59.04575812869139 13.239488436014016 20.791166810785956 63.684883667700134 498.82643508545186 206.68650850845393 452.40780496039935 
404.7837419144765 51.029841527939034 131.56201565422947 441.74572549471156 407.27436298594745 119.77476846667972 410.5361125340904 66.84111900723332 
238.98399670707187 111.23838356871806 189.15420531974922 393.7907665788966 113.82214031656744 394.68195826416724 493.65993584418686 187.54889620202997 
329.3062068464901 439.2883543895893 319.80556906811233 166.69984082482475 43.86381500036351 394.38942764435046 501.4781668303838 132.2846226961496 
405.2397604827963 505.6613505365525 32.969463480330965 425.7597097625056 266.3358647066237 384.8662244362355 143.71775573333582 296.1658490048531 
349.81189121567 275.7178306755494 49.34971862232134 381.58538265458463 347.775416550076 83.44985678597854 427.8505381176003 134.96585159353725 
67.88911038789729 60.66457074689512 294.69021640838014 149.38833285551183 362.22323345882165 167.04023090675162 75.73442179192502 462.8583639629663 
200.1817149314553 245.4751560224161 301.767765240702 47.697778081770885 371.82979285866725 282.2467840561512 473.4578271647394 314.61546291517527 
432.9514042938014 143.7636777033559 270.587969176426 86.53516987948933 128.16446884972538 307.48868980656965 404.3870792863355 122.25856902185238 
153.4220772248827 229.6114589704059 36.78431886491778 395.04166504672213 244.22789610638156 117.04819148788441 315.4170980297365 456.1625724710711 
200.8937078420279 496.34704517914935 198.22032916664443 338.5589254624064 87.16738511546606 97.07709733007718 366.42507721115726 80.61305076475949 
463.5593494014953 192.2791490018239 149.79484638822103 75.16285516650616 141.69554894011344 163.55635162410692 12.927387343347077 73.81673100380857 
71.02529930429007 183.3828671650785 276.4504916060167 301.6505689892794 94.21194406892447 32.20874523097055 371.93953438374984 262.3648950123065 
432.5343769074761 192.93892663985457 54.38519164954657 438.9804250916062 387.6279451425578 490.3648064171459 121.03926760973987 220.15004395057224 
370.89227316278993 168.12613537203595 310.4668387228416 507.1652890544396 496.894700820849 420.7817267300944 180.6328328956428 81.73566968008882 
102.09708756655571 23.566847564062513 389.85111964199183 439.61873521944574 175.2342043180697 327.41548210130725 429.42433786392917 420.17911425388235 
310.6719741898045 11.825685651375808 481.8024141060226 86.95459878805805 421.07346743045633 113.1460262423134 203.08819538296746 439.30753615879985 
70.70092286563084 470.86129918157104 353.71785513336243 160.23944281997797 415.68189863884606 359.4556643670706 326.1447757964975 230.44711369484577 
362.5676196544315 198.43126117909125 243.35448088338745 363.698316385445 181.5117176483566 358.0604992073189 427.03914495024446 343.6052135453853 
435.39746481812296 203.4501057207559 159.2595709952979 466.8735393756627 211.2415740031732 144.49503500257376 286.422891740963 423.105826286729 
265.202759479208 84.3004955462514 339.4040296085882 66.2366369059617 317.5232021383801 283.6499282888887 468.639123419009 157.6780341438097 
358.7309156783708 284.0974936265529 118.0189678020101 286.25339723466794 453.43130285864044 157.2627476506455 486.41061746856684 294.9976562782735 
153.0158798204047 472.9059722178888 450.6353401647102 169.90210907702928 253.616438902179 503.3620367333064 248.73097732863047 470.6819784767269 
260.632631672732 306.91114822537793 347.3267807858607 508.64479577497656 46.16117928335522 457.66437131803264 41.95907135151138 101.73766037139825 
310.6548445981928 314.54225605221 464.1555008270439 361.85171826891184 85.1392502699581 346.92455574449156 294.1164607009382 94.46170470921416 
135.31566604390986 159.54927225269216 102.82133335906757 15.678919628813672 253.87789788618923 484.23900711062606 372.3880583336189 116.79559670270838 
52.371532604551234 31.032911781289855 368.5139142873389 131.39889682633805 488.92331665501166 216.3022117653872 163.8258141732987 185.13257248457197 
493.16928415560403 410.42757918798645 235.96801799224997 333.18444817668785 174.7092526132839 472.61628762204225 189.25563136827938 315.5779458853267 
226.41624550582057 465.43755415673337 273.7218874970911 485.3455735156712 258.92868001684116 66.65378267721916 500.3872938402736 489.6626760733485 
427.6535251632888 320.9263033535732 276.57888326374785 409.0195425959485 338.60865976894166 498.9734079871728 110.12761746614063 184.50993391337005 
344.43236357706195 456.75885525449945 56.272096713604384 288.31414287833786 466.8882715386603 12.289111157915913 206.09667215560057 217.45487938501 
307.1937133935733 482.59731618415054 140.3321557163602 15.903894376633412 430.4997127014861 148.49212899605567 397.3471381548637 155.11755692907153 
335.85079468280446 39.649590895272084 129.15815871682577 228.07957800793287 247.95248587102841 57.62617950781861 244.28677794972202 36.92886029283636 
92.07496413562542 79.37108789682006 461.2917188732457 279.25073844705815 138.42073090118532 308.81586402677954 321.80411690036124 163.10966745719173 
427.28452197798504 269.11967402631655 336.8941517347615 405.9014185300993 211.33366783116196 453.1480820299085 65.59706066170116 197.10310466739804 
276.33678070220867 274.7637031778132 49.426728226918506 329.99892031611506 126.66921410327397 88.50667098348407 151.70487779764878 332.45992839162506 
146.92316837269496 170.24317506481827 475.53414568211866 51.855805148537485 475.95065311895564 176.36008867964568 159.24307447739636 274.1769842290647 
454.66751179233245 224.083975589411 473.1310641781168 82.44489802299186 133.94647706755381 360.50229825107095 266.34161201389026 284.4888880539407 
453.92746600202423 312.8653515544486 437.69175661333463 365.16751605365886 331.0733183462287 37.74668822571202 229.28603883608676 43.112739405610995 
14.298952277579094 211.6403924761549 266.74292094776655 137.07477575185817 196.50208505496352 430.5732101608171 394.86193550105594 71.94601241108438 
492.82385421842 11.309709486897514 482.55961363128336 479.5419977433044 21.967103126294344 411.7285811193346 495.9023486456788 474.2175609100153 
451.90079683946396 412.94820329473447 263.06429304346295 308.3963393091964 496.2784699807286 330.77961431863383 480.03842621948337 238.09171170514608 
472.8989751385633 149.08499198024543 130.92896921965888 53.49739770610839 160.53751912501312 92.61974128147986 121.6531459652026 354.72557632335617 
315.4752444810526 281.93642039955256 50.88054554498222 277.77108601319816 334.055384517382 237.92852059829295 167.0381557735035 500.7793614951909 
172.59420085521202 128.5922368752059 185.20918477813368 485.69656916518466 260.9747205791364 275.58444249979 262.7537892418253 35.379913046159274 
271.2514931425142 63.154858943839315 57.479911746634016 371.2462862481273 227.5944921708823 17.030712590331223 417.19217820622765 61.53733301231655 
68.90018486343179 445.831806391691 374.4472552730651 255.2791596408449 400.39799472090755 162.59427923758352 245.34345852096033 302.01470350774565 
295.5802734322232 428.9811860939912 256.1730597174836 462.38694257320054 134.78385491124726 389.7578550240508 246.7651398662697 39.651032827936184 
91.75135574482645 390.11039629627953 124.34738045433029 387.19359706783354 504.500321120535 193.3852116572433 366.7546135074094 372.1371592934494 
491.8283767699253 241.82789760074957 498.81257876783263 500.1079071563052 301.7825195233809 227.89946894171374 90.72473467492075 31.244944384706532 
503.42052447312335 368.7481065369761 452.29045597842037 42.529129929271924 258.19291799014826 401.4145901545075 321.78258014902053 16.509520474611065 
32.273222645451725 441.34943034347526 473.31256463589284 161.5058371575891 236.16496425951453 471.81997579060726 291.51128046525844 293.3646490383595 
402.91332221904923 356.7854392348086 487.35362599882376 233.84784690150587 141.24971584459317 394.8181668542446 253.9550422254429 305.7312079668924 
224.9973234319502 56.6491277254561 286.16809477839627 129.69128608614653 305.0657261682267 173.9157359271733 212.8072375792565 53.05884151159811 
355.3627964800449 471.69033579097425 115.32981526731349 165.5167654168241 88.95195223416252 462.36718347467996 431.80161675591376 481.8207244314953 
205.78287027105085 343.4862814376656 169.97481728255926 496.620692711221 458.323866373336 167.0720964343642 478.30671442637873 441.4613844635404 
146.42391221507606 173.06522330721074 248.74724074613735 199.03976562662845 277.73264913068147 304.42532694381595 50.12332696156168 454.7977731058639 
255.0062537654514 46.48321233806989 315.94840753024096 290.9284388912782 76.62751172124392 358.12037374641795 335.4850717623653 52.873335119486825 
161.66809954557385 87.35403306649141 221.88896233575656 443.3897050411847 35.82118158320573 388.90581353836814 156.26218884906456 424.2652816394835 
239.5325641824063 286.3322190831292 331.4441980881007 130.75885711166012 444.6584280932464 146.2949349938264 144.3683649178914 128.84495886217078 
