458.29824943628086 526.3173128483153 533.851521126193 22.863794874511715 172.27857470819944 
80.64775108660228 270.229841339078 512.207793216869 404.6702853409988 567.3076448187066 
246.98834596773955 363.32102735961234 129.18038811484723 233.57064910224935 108.07675318001102 
557.848448702428 127.2854516449198 402.43058344192696 98.99131908435064 328.7360168642035 
518.9587770357781 30.364098059409276 188.04767605639685 227.58200871828262 542.2623605624367 
286.4190920154739 190.81530856346632 336.36100214411516 527.8973108221558 236.22255736307793 
318.8074060445393 582.1140175666131 164.80654596870946 264.5015883301205 523.5198256977562 
63.19878538731707 502.9234468842131 619.7113057065174 156.91290920331895 245.69386824784075 
489.16036789618107 614.3635650744429 219.42994434834853 238.55023519078688 582.7304260850423 
564.6499531872028 416.6460200519421 106.08427146845725 345.8967792438222 302.9530886570878 
195.64092717618126 126.40570930584157 456.24274647999204 246.83978043150336 482.1900279649207 
254.3745036013435 536.5567267113383 358.1299037555331 589.8666347373996 597.6801512827728 
548.4255864405869 275.63473932521094 522.1498877337317 264.63739336544427 445.6303603019251 
455.15838946049934 438.631623565483 492.2919459514061 133.43782400544788 100.35628075280272 
606.4162465201345 113.43002487305586 129.88198433834714 418.04420161312294 507.80708076159686 
371.08549350444633 475.128880445981 281.5518975867315 125.37321120522272 239.13824198134694 
385.0187902254747 335.7147399156913 575.4904207495861 157.59765864580464 94.8793031102142 
527.0974052784832 211.44987848595648 441.16489583358185 489.70325920056973 193.04324759095914 
467.2287006577981 569.6677505870817 466.78508307443514 393.1429913438416 463.0155696046413 
318.9617864162168 526.909400474211 516.7167894592067 343.5857693911221 240.89150327878505 
240.18570313228102 549.9030292720115 470.61885464797615 350.9054188312728 182.62267724036062 
135.94792514875616 540.0531191008009 231.91858648970282 489.53605470207975 112.28957192198126 
445.57031724183724 313.01649828806416 321.8837323142843 358.0300729696 59.30455975142444 
31.594018773348957 291.6218883763151 535.389698749711 50.869073052842296 137.523150403237 
442.1757926989157 258.73672091233027 615.7945871450016 347.9432722151044 330.11923173700785 
174.7865782853472 534.4730376263485 511.2678712794666 104.15595424534384 187.56436407296712 
332.7005114573348 389.00110025249586 427.49743022018714 211.7241519831479 264.91292120914056 
513.958328062219 439.73005583477965 587.8191014484579 191.20838651983465 133.48416456453174 
304.26601219513105 43.11582836442674 169.2499997306413 396.26178198681066 37.47139789185701 
31.547155853401957 132.14261020666945 91.30737609347774 265.5651949740909 436.3966644227564 
