191.54038682246815 402.90240760879846 168.21225387888222 172.07973155042026 115.67810590720012 
272.3133893325834 285.389527094594 99.8438581176943 196.03740280175373 296.4137868599013 
69.38403671195869 136.55825847934122 43.64915430404264 122.449389388656 11.877412538938472 
126.15430411483368 233.98418823682618 415.74738827038914 188.07104262262175 163.9251839868167 
459.1219918531856 65.60365684832485 311.33588245794203 484.4352984972793 454.11996861848417 
107.26504162248484 391.16434336425823 410.2511911383901 137.03612846593765 330.709749607691 
496.3772168387593 394.6971595144928 27.058560421561676 171.9289707669837 250.53886922978458 
316.83864457091744 130.19470308078286 107.4128241115626 311.5338833311519 311.8965359808117 
106.97348243570852 397.5437328221653 212.25807949206882 45.295481349778726 161.61368643791994 
149.60051442337718 64.37729028410564 463.54939306887945 217.11129189320505 296.07606412307973 
252.10681014393575 180.187184596431 65.69932541464323 209.01196577730346 367.9647040435145 
279.9220007796762 309.13301500865134 296.0530166261116 267.45223560782085 449.26687341391613 
28.25357187653365 48.924914579105355 244.61425227983574 466.8001299801168 246.28367565582087 
140.03810537204598 455.4329704921039 211.2835351873557 375.3077232871682 287.9210197467335 
341.0080692250708 470.8363256230551 460.3900376656776 237.18570170092823 427.47627041592983 
461.36836673181926 160.78415959234897 323.7291734444533 504.62359399494244 87.47532793021017 
32.68632605226844 220.87337792078225 310.1433505289687 103.99929506808358 302.98623225820603 
87.14705570612024 471.49295866633287 461.4576229115643 448.4682438161659 461.4125647833468 
82.302877605468 243.54351763879723 19.916219781496984 376.04077276012 415.29050708817704 
229.90108124303697 275.57496022520473 283.8372125677349 398.6325425803405 242.37828175718113 
313.42149495842546 19.422567880101653 107.7484630522617 57.96077863469533 16.699320166963286 
140.77061595949934 149.44876195606244 296.5897281996189 252.16871392217266 121.60676494898847 
440.400654691673 317.066882205499 385.5261665395708 490.37035429633033 506.86456395973465 
279.2498250191699 303.4462243895282 136.4437398452976 57.654492547278885 155.740710898 
256.6987198014848 129.35138815857832 207.27545455934154 101.27152196516558 463.7945403797181 
21.632057487511894 351.19092935605374 212.98891405364216 39.61318231830451 231.0872117217644 
320.1736246923668 339.8419504202442 438.46498398826765 223.10874100888955 65.69263625453475 
224.27569736814493 226.04141476971594 338.7892136079803 253.2900628478004 384.4338066905664 
119.70638618248024 239.51766188684152 265.90027246283 270.07332346967945 361.5817106936013 
63.76411585101726 244.06493435469582 350.39476591230857 113.87997700369378 16.756010048683425 
