510.6268754669393 152.95728379892935 
141.61457974821298 500.2588514671819 
46.43780308196673 95.62796757088712 
326.7097863755251 584.2915628614413 
200.38518519176773 530.0429207895504 
508.5847304718117 32.256432179281184 
54.20595381599958 372.57349333825476 
300.6587488904633 268.3289751039897 
161.21272074576186 196.31045326655513 
330.3419638348384 155.71642695893243 
248.10098971273163 563.2027095655797 
146.964382598079 115.68002341992378 
507.7109289022236 418.04894677676003 
246.83134849603516 553.3320098940588 
72.58755652341407 571.6860403521886 
80.24929964213759 292.55141500373236 
209.18297086772432 50.71807921654299 
255.36544576105877 272.3621519928206 
122.54440157267817 241.12953811340165 
503.66511852432296 507.1173627943497 
411.3318521030293 103.12660947017241 
121.97070511804624 62.83352834348779 
563.0091325182149 84.55019713132148 
555.785683597505 352.01840739668256 
429.05198548270556 110.20454146099199 
338.8276742090606 199.3361888599822 
170.01693024472203 574.4450631013158 
353.59420851842276 80.45396012049534 
510.314844934622 414.36918478113654 
327.80492936010256 86.41294343925487 
492.5328359125067 290.95407161896793 
31.564044146443187 315.86850902212495 
271.1481507657953 455.48474980156334 
190.0867400807318 547.542492822938 
435.4779831996588 428.6166290185419 
76.8332631133739 395.23173381818606 
301.70885042513754 569.4159377082782 
301.8945345885238 97.71640798128443 
163.8493331733069 361.72200261818483 
260.4729314242294 445.91221227653205 
43.44988129205694 395.1750560781806 
256.30207248104733 499.60970320953646 
227.93344376141079 168.25331920619269 
464.84924143253494 296.14500865711574 
37.380711020567304 190.6630667962259 
451.1443826698898 303.345284568673 
409.61371503154766 212.42550704446552 
107.07921561752576 319.0929162149836 
443.42150791740653 557.0042220970843 
23.020426343596693 69.85209038624993 
389.77161542605415 485.81681035023826 
58.580387964942254 310.50151022759513 
330.85120510472063 271.47461506672346 
427.389569896143 377.8170087539544 
136.78148215182568 607.0941936508208 
160.71401144623616 299.94788190636666 
439.84922153884725 329.0243361498806 
564.7617739436212 114.2305139073429 
316.09916841602103 180.33236332009687 
436.5221715757991 595.68323647672 
114.13095164391069 92.39346365118848 
552.981449255315 148.52607960229315 
20.944425748965337 411.9267058101237 
298.5585959398403 163.0691184981757 
104.67703697127062 250.82175858985443 
45.60525229040618 90.31333819573015 
524.0770437659912 86.09975365752156 
252.813208870745 236.60748347155769 
144.55633494820796 287.35219354799335 
396.37345824210047 430.7049720195817 
350.66664455020725 599.0016486512358 
398.7304178558692 265.5643966862417 
594.8427054152521 354.72806964345637 
169.7751395769368 167.2373862217961 
572.2564132881396 551.4041685378751 
225.32121661738927 293.18767670218034 
61.625467430654425 59.884083725371134 
497.707145598932 412.38507813780143 
221.82039411933312 599.9885810151843 
603.3689573417104 469.51809454639715 
84.11365598211052 457.0309747534805 
182.22674445776207 485.66885965460136 
129.91463283185956 267.22722219563576 
473.72894852062626 397.7944102558967 
393.83407413538197 549.3340309932258 
44.39808406317252 589.3576688169517 
481.9220635857186 209.85885765466935 
531.7217219420386 414.4521975931594 
44.92295733553611 599.18528368299 
619.2323601469087 567.7643059517472 
196.39114413448183 45.95778583044677 
407.6201163517303 302.7163272941167 
515.5115136113557 547.0694810508131 
96.72177640878495 450.13477691588287 
224.46816354925724 440.59665248267936 
443.2301196716661 539.7872384887118 
280.20518322072735 439.0238203288432 
608.9672028695769 77.13150721814407 
270.42343255134637 150.10304326575746 
564.565358016109 377.62102958648114 
353.65664008874955 162.69137071029175 
363.3996352487497 510.91019008666325 
33.2711374065249 324.90985888652716 
150.61548631541172 257.30319428357456 
105.23246798333443 591.9683526517875 
122.09537043040274 328.7904696476171 
469.4829512582627 170.99936108800765 
398.2081542120502 457.0161323313124 
444.7737751788584 440.24505447405625 
327.18491142847614 300.5203474564575 
576.7954341923215 469.9410280398467 
482.96491826781585 473.60044847732786 
279.4503318654616 522.2405695452105 
572.3557136099283 549.13432579272 
199.11111027402077 257.52319678377313 
416.3507473246431 37.7100351089448 
341.70865498709276 124.43126016933357 
520.4485799509048 95.40531007015187 
152.4933780203647 160.97831839046077 
98.81731324405472 262.56074637381136 
288.31367841008097 184.07297053209882 
167.14787072878704 285.89029271390234 
572.2551157262319 94.8021074597492 
269.04011619905407 426.2730169353108 
170.48432581696784 376.8170110551673 
350.76538906932416 404.5696978053674 
181.1410934033357 615.166393739243 
249.24923441209393 287.8080900866215 
575.1227046936544 612.9198560448342 
208.11811669243076 168.0805876603681 
378.60401698836887 432.92567139094103 
586.653899504796 436.4980653297998 
537.137140456931 42.046603808756004 
276.49966127585424 404.5435748784668 
51.17447751158466 585.2174487239072 
90.96084828559042 375.16969836465984 
122.85888531950222 466.66821265180397 
141.74536626287738 415.98339963028843 
603.9245504159549 565.6563760412417 
167.98633027586905 36.86187749152865 
184.55264047330527 64.05245463651525 
532.3913379239152 124.34344487409588 
513.0251389042228 513.1220487833407 
549.361936377542 235.1369597121588 
186.0208334765927 516.8486541633657 
559.9270633365733 101.09378269991802 
99.3971462504683 159.14061560754507 
518.3341726860749 547.9857564224262 
399.3015390860719 252.26613537494495 
605.1418740940261 380.4331675436294 
23.456302732600914 233.860115408259 
531.6577481565698 335.3263430403984 
372.4603072846529 489.8464275578626 
350.56513504230827 156.08463205415637 
400.9518215293641 30.61957456997429 
337.5826521188091 190.09657187036856 
568.4756168728593 397.82925983482653 
59.00017145756465 461.68491360157714 
239.89874500105427 429.1118510421571 
489.93498140813034 522.9403552580798 
275.21812896748673 258.11226915096967 
598.1519480743041 534.7676086081027 
498.60412887544936 77.14022076564726 
358.2914232348141 580.4876966853984 
486.52369123367964 339.80444390616793 
111.34852231639819 164.34005917228762 
264.78680952908985 30.968701980223127 
134.2476843646296 597.2284563933906 
54.36008838007367 581.373370288574 
234.3562225569939 522.0540569230886 
155.79112540282716 354.26620234995033 
533.7804687495329 180.97990964833218 
412.0875255059637 181.38619637274917 
558.2885648183848 176.97017187879302 
39.89423045342164 375.64426985924433 
495.7032852404663 431.94801271403065 
568.8129113557185 397.8443363341332 
238.6089749670657 393.9159700613682 
378.70726339174337 504.78879169647115 
376.21605408981713 495.38240782290114 
74.83782078103907 56.111937131596285 
450.2271778231726 215.43790081916464 
290.6701626012037 507.1852432640818 
139.54839154413452 247.82524314171474 
58.20023028837542 265.4380942470266 
188.68944540928672 227.3469298538924 
435.64035472418203 537.437849413498 
44.69667534511222 416.9536780919201 
232.3100579639393 44.07284777439165 
117.46246741013947 307.8579671257057 
220.57507104729044 431.18235839140897 
528.2548509057052 435.0161500204574 
574.6784228396959 552.9768560402624 
361.3110807716823 60.32301364047039 
426.30750179184724 555.5927190701212 
383.33898263172733 325.8624424542032 
176.74056558580452 238.12488533659902 
345.7696840959338 429.55805841165557 
155.41666761015446 318.48132618583776 
134.60559956276103 325.56743423863696 
164.7726674579712 381.40302188848096 
382.7074217682252 201.76374794858918 
401.1910306393207 35.993204623776776 
109.36372357367249 336.6486144973512 
191.90231268985826 360.09964628991963 
501.98713334649256 288.039788037944 
137.6858764050687 458.8937617112185 
104.78067401404536 115.87743940832513 
201.2127776148315 314.99014805600905 
429.21804586087865 491.4930644074072 
230.87444422378482 257.4504785573928 
351.18166219657957 495.68425810571284 
559.9409721734604 127.01537582106843 
409.60216879050364 457.93961191163714 
470.89275692897905 164.90814257920454 
471.4430818571392 539.1571519239703 
264.7692260317505 402.5538812973028 
177.87452135751172 310.2002042527413 
225.37833320643819 279.5580369551926 
336.4795626416749 528.6344500558562 
118.21077178861206 367.2878631166689 
574.3370714389855 65.98981010443339 
613.9024383212483 425.40071596881074 
116.82478214967219 287.89103338301794 
376.08901020918313 168.66288655186642 
306.9863548042905 539.4006965928024 
103.49633368256795 271.4026299915816 
430.3060678265649 337.91830577975526 
366.11047254738975 86.94135676471373 
159.73502054700845 25.979372358670897 
25.27105585957386 109.3464704660228 
485.81263224292064 186.29803405563882 
377.5316364199343 554.8497768743463 
546.7269048504578 271.3972316207446 
512.1310692654031 190.2752125366024 
523.1576786888606 50.16984643061007 
121.91932254046296 285.8195986202584 
512.7460488291954 423.71495735408206 
357.58168075038293 119.53003861300722 
449.0342474436136 312.7925281233619 
65.00505229352238 610.8220634811922 
279.71933411107324 269.2406701728384 
495.6300864644452 410.38185229308016 
369.064690961492 213.69900229429135 
529.6329414652123 123.79661850747691 
439.31293732552155 451.9818452690258 
601.7802968578859 496.25667321806964 
315.9440596062397 272.4451796273065 
69.80153693223266 335.67311697318985 
491.62252750214134 576.6909392927619 
515.1217475954898 101.55469381312265 
73.67710736110627 345.9524575034187 
615.7992789145954 436.9878083184899 
29.957157205770084 295.50484787341077 
181.5116813206393 71.06314543451589 
597.9091455024144 219.44398946552448 
490.43372737279583 69.09304138619922 
471.7170396330029 78.17798367524568 
217.8512510955758 557.9628889870074 
132.35057883373156 30.974702622637487 
196.35459278258153 203.96075694855597 
435.3648585126472 165.90925661957843 
397.4553946916444 470.42871660026213 
321.29522729865846 229.55513004879367 
274.4704595286097 32.579675646823034 
63.49107125599192 408.76268358210564 
556.5164931405687 276.8235118858496 
418.2323748577039 166.86888383304515 
533.4593226163975 361.94626628037105 
191.97275385170911 86.68181084975559 
21.66167496595535 69.48604972774112 
290.5525948030807 422.5839610055214 
350.372781240373 20.649489974887118 
265.22633172220804 414.0978465190228 
58.604038786278096 387.112556305715 
520.3472844561948 163.25777058084932 
342.3340903737042 573.0492442337882 
97.55404007925206 428.13156989101554 
41.88741430973229 95.73214111037672 
501.3020210065378 34.83591301137037 
309.32985133283506 442.04856498736615 
380.58404672361195 360.38904021495784 
245.72506852265883 28.275810377152236 
231.68357308909373 88.7446896984129 
348.09556930449526 340.4596268728017 
436.8044205730382 192.35090361447146 
155.93204861750158 82.73931674910949 
103.42072456245184 241.57744537963274 
37.09486772881128 510.96344786772966 
119.19084310054025 294.3556513541559 
402.95130918179416 278.939804935474 
187.2788970765809 568.3744885825639 
192.59248023792395 274.66336533258254 
156.92796880565672 248.17643158546386 
215.97355659295047 73.86609690364548 
514.1283345018023 529.4969969460822 
295.82104250185483 188.2322164064862 
47.22471635066468 353.19174984799946 
298.1509313182649 435.62279094830166 
252.30628284275124 431.09442908250537 
291.2415096380344 509.65333451541693 
393.2230835600248 116.14990186404478 
22.904344835839055 575.9681522858468 
281.072732013538 619.1659034262124 
455.89750763853016 472.5552859966974 
388.00095566964274 24.52705368969837 
51.324573994447675 441.44564765271093 
460.1600189874454 507.2151462077766 
239.86323883536306 469.14027084391006 
344.66844638006376 303.4792150917835 
470.6672066896596 263.10928931038603 
295.41610009618785 137.4993348890438 
577.7852677393432 241.70642450069033 
572.5581159304254 556.3878423999739 
153.94118404635586 464.8427839868546 
300.54163105952574 375.87159118999534 
371.51805761232157 582.7637122493634 
499.5089276123686 588.999271999813 
40.591247561683886 430.27232135151763 
154.92078769001475 240.21726228819466 
43.853146014149694 443.74367994497715 
140.2438935500753 317.15789953000746 
438.274009576499 28.273176367210745 
557.5457959804484 62.48396783907709 
463.3421873121135 552.3029314546297 
610.8415393865354 258.1330109066804 
445.7278571816676 597.0700584640813 
77.03528333270371 584.305354702552 
540.2136967499506 38.22031045034869 
389.30108505802986 505.53948422165286 
396.7365509784326 286.9311941242829 
497.74628552510137 86.21865325323519 
393.38352736889215 167.88789831423236 
222.2013908306631 287.85222393395475 
425.186603629459 261.45619205131794 
561.9801195246516 50.4759235156008 
188.55914683595182 487.3957163971424 
177.45357472162814 210.5142424179469 
251.2184247895158 457.4576149281068 
608.2819030971185 457.4491475862459 
347.43762924284545 274.21018180478166 
543.1475829371519 281.63862579651635 
488.4711921826583 203.43629799691863 
405.83386873639665 615.6289135334113 
427.99736634588817 197.4463480035942 
272.492217118452 21.304129249489662 
372.4214175334728 396.6504993977828 
84.9424227393687 425.21702604988616 
575.8836189462753 286.7338900133527 
474.8491950706438 354.4446655478159 
609.8153995773616 338.7787168624918 
263.61899860007634 575.3127532866517 
446.887743007858 509.67674030911866 
52.86077558802085 387.3323694187869 
249.1953003993185 330.1762199380269 
470.2545303796184 174.69284844806404 
100.52017544903136 57.90665706452019 
585.6712021855628 167.65457301842198 
472.5190283854724 122.7255078457802 
362.387863446509 516.185359559621 
164.67720196047884 441.73034475673876 
358.2418986814485 128.18440193837228 
607.8738517914823 131.28029511556866 
441.56775837067266 274.6371245903016 
371.4014487342418 93.37050711281405 
36.76037639743644 514.0452197351126 
463.28380104230894 303.70342285544416 
164.3086712553597 438.4750636881842 
363.7360846930708 578.8005150025341 
490.14299155791286 493.568773459924 
281.61075694535134 549.4983872032633 
349.140395443599 74.86121935551631 
73.67293538573469 118.17286362149657 
257.6312980777516 252.74708936349987 
416.54933657565863 27.034775532659012 
579.7513276707269 28.44151327079188 
571.1941017465863 514.8414323753864 
162.48225948953723 373.27813218621935 
429.71553660007964 389.36724831519876 
304.2255061844871 453.6883136351565 
284.4075173431751 192.97742676606288 
371.7522082514442 594.2052146230442 
308.8290848665211 88.64845555903425 
330.3734700065335 280.8366476402479 
90.77624294623217 43.77907827538188 
402.17452114333213 57.15014355199327 
506.9895494321435 439.1355972514021 
217.15676499175092 115.4143317487238 
179.44135090053072 180.27513353918587 
572.1310420434969 535.1401253779372 
503.04625420432916 338.79078426716535 
262.2063246731583 471.3656308671679 
384.63877033553507 500.72211045972597 
399.7172476157282 345.0284081399704 
383.0618447322279 349.47511480677855 
585.4344442604497 437.7688979165605 
90.20977582110682 560.595137972229 
246.9012587246866 243.5087453189801 
342.86972319595105 235.73652447820487 
608.7407009496918 79.14777805791442 
