96.37019108463461 499.7606994255742 
14.071558867851044 265.73886474856755 
376.5323702032068 414.58094283433167 
479.3397146129362 94.49411278524738 
22.205078636308265 15.162806625684302 
362.7770820132133 282.9482890136706 
250.00420361506818 416.6345448103504 
387.40439203868976 183.38414280864072 
321.6182486503931 234.89986973811583 
312.2667973794003 129.7447110535727 
15.40459488020395 199.3552221600751 
504.7533268536026 352.4898092469048 
362.4205283705384 315.6861803226951 
293.95281444382533 475.7583286376381 
461.34224443054535 424.44648597764575 
481.9992653576702 505.0396058637205 
311.72493755591427 126.1225710075392 
15.359899044392657 338.55701422035287 
230.05699807096218 168.38685766055582 
443.01886509177456 460.56669657993785 
38.061606623144826 16.242906083903655 
413.5099203630885 99.77489828984298 
337.69875132550476 450.76546980754193 
87.7510670239554 261.0766002775712 
312.3207538098578 167.1387228579213 
469.6343168843179 163.81901872292835 
118.4345487783574 467.695693076139 
281.32372699165086 244.79281681310465 
57.523769788624605 270.661982781037 
135.21479366953469 509.15413672955 
342.3837256726027 280.30703859434976 
379.5083536630063 137.48080029675185 
397.42250286354727 289.20595098559085 
119.35208331009977 382.16558900141086 
257.38123705311705 208.315041628496 
40.50285243441259 411.34982142696055 
253.92664416665616 45.564222852000945 
287.46281898714307 383.60037350521577 
304.5690738707598 178.6693761017013 
273.04260681511045 161.53315473913025 
243.3591197218591 392.86783427761094 
421.30460532010596 197.58632363418866 
257.8158293777909 279.2800174237801 
470.8394837916378 250.14625176712295 
121.53983582844046 214.60053387829808 
90.32912681647969 213.2293744431574 
36.96436738574437 267.82159891885544 
183.34905001947354 467.9231273602768 
27.697349355726477 504.69218359522966 
384.36344665964384 288.788969395981 
444.90765571568954 285.61580911380287 
372.86595786368326 463.4308064190201 
277.20874234568754 277.6902243768326 
257.61939525196624 408.4316411529298 
78.4926568074659 26.59201242674485 
407.94737090340806 189.86196143424553 
453.16763014296384 59.00935967287834 
234.03110439251856 481.5626211117001 
163.2524058730478 111.32593306811356 
43.16452203245268 119.40561789586567 
46.78027697528069 205.25925930029686 
223.92063866063327 34.735690043606766 
61.966190912364766 416.15643568189387 
135.18251218939218 475.1960207028065 
396.58982270954436 304.65051092342895 
201.99179478581908 46.14104258224848 
207.04786811918927 107.38054801336882 
345.1680628698439 230.83957589276227 
176.52867666297306 407.4785695542661 
496.65197587177573 172.67134810386852 
206.76226424831788 130.52644620659504 
77.52550181767741 127.52000552745301 
182.798977886425 336.68590251306335 
440.6622261561864 119.5659074165739 
375.269766526884 404.70471938128304 
404.96089621348517 458.6815555459017 
169.58127465682543 328.5022888711333 
133.11540022925453 402.63299839066985 
436.49896972464194 472.03766389463334 
229.87420297515408 372.2903050145046 
483.5711884854041 253.16315789182042 
62.74240338105057 253.0501609356598 
151.8475033178024 352.1667078709656 
432.07961125918115 440.6737146096366 
247.3443196867738 165.70609685481713 
342.54661111108754 414.74289443577896 
121.71095306474128 351.83805168081756 
252.85406598686282 247.938194540663 
341.5492641236891 436.84553198911146 
305.7663746678671 84.34119767464553 
10.839947774099237 79.56625242332315 
165.3137600538113 244.96480739735793 
435.92869269871267 213.92544467882556 
213.16570575065464 243.7144318114781 
447.52526597894894 415.37618082025267 
481.1189491253756 121.98318415282476 
319.16861652736657 461.9502533271053 
321.65303234006353 135.08421956152637 
346.6112270126418 185.62283270636465 
443.5066904119053 448.7234260792114 
277.5757446605141 334.6938571527706 
64.22807408622387 128.71544391065055 
406.3370647378203 292.88951293141986 
56.65189657933932 332.1462719729914 
272.5829753341631 125.88672643572761 
91.25689313388878 233.18547674920885 
29.006511171303085 50.9639558148937 
401.35633599137907 341.7512810953627 
167.0830393731432 50.48122175036695 
423.0750645051245 498.23143253428816 
415.4854447185227 474.8927062536422 
187.06591828466372 452.46322181756693 
250.5902026163999 105.99489259249793 
463.91889525906896 60.17558481601736 
83.52775575441645 276.113482085749 
290.21597097901395 255.09652068481037 
313.230165199645 263.9320645989146 
127.18486006682139 79.92891210035218 
59.92920230806397 312.6658418108103 
28.904734365452146 184.39787248162202 
18.558042211366523 241.28342851223854 
322.01712281630284 323.57276187245924 
496.509542698423 244.4798261158198 
423.89497408916117 14.666970320457375 
325.20448160155024 102.10382088084623 
51.22319267586211 135.51864395657114 
459.92264337265004 143.7427855482024 
195.94362574570505 372.9553818305789 
207.34993051898485 439.1680959110405 
370.5176661878523 54.24614948702194 
145.29481154145557 310.34431610489855 
249.45968383205823 19.84345596321451 
424.02694949431344 385.7051369002417 
459.09417832675825 320.6189545122697 
263.69128928155897 42.39936606743582 
392.4901376120576 147.7955174580243 
87.25076445863438 207.20998862474642 
51.5253576309087 28.779060968808547 
353.41068186253466 111.84941350014837 
43.03409173201843 447.0930397717815 
278.97785170668743 223.334121857924 
480.99104990338367 169.61898817761738 
265.1077561570144 195.1417702909003 
171.68492630019293 189.34597900849042 
466.89269364036466 309.85382629356224 
83.83453853592626 316.83228366688377 
70.74418817644245 508.98704626192364 
230.60069387045667 78.58231727971837 
469.0226345120315 230.71667599500583 
215.4469663468239 205.5419994184262 
146.3674869750913 401.1947174714187 
318.8025111863535 119.91561060417155 
217.18088459643053 50.166227557571986 
127.47987325108417 453.50736823110265 
178.71809119704795 146.5868396841079 
333.8012176316914 255.79073133632306 
69.23763926355701 374.9447162909533 
456.38580133412876 174.9086317724312 
345.66451533159045 197.98982877964855 
359.5520358920775 19.80773434357579 
420.2193166777947 176.5739851148978 
73.28712006591059 236.70988248268264 
420.4666686115356 142.30444593464452 
40.737447168939056 458.1237985031868 
362.2359178486038 443.7144859806815 
45.17288911622679 407.60019127763616 
49.86727577404064 111.65384974251646 
193.37810585738717 68.43340370643563 
143.23653510979193 414.6023724448276 
457.4239115081321 149.51271185090346 
456.0114555632148 399.60978605174546 
401.7719687765667 506.52645652268444 
174.59298295033682 139.56484358255267 
347.6658467242906 301.7219739173686 
312.194386194024 32.49694905010391 
351.76150111675133 310.4247109753268 
337.51149531740583 123.61341514068506 
500.9505216020073 407.5193318701302 
42.43709130510253 45.77536830855077 
150.32899263079668 392.09624973633674 
338.27262722731325 299.11553143727883 
356.2653086317801 433.46646826810934 
294.890409730405 215.50101922517817 
381.5200250481444 46.74804436586948 
362.2992601015783 78.54414175360229 
274.3706796927889 131.2270974406427 
339.06701870454015 494.8645115828862 
148.6950720849268 229.6967175314939 
277.0526847510498 237.30546846121024 
416.96578248842115 291.97670902158006 
136.90164833752627 405.80791955072345 
353.1092134237188 350.8173842724765 
133.75686259093794 376.6449035541639 
487.18231162802516 143.39051905094868 
337.63932717148566 135.719704700116 
458.8199589376481 336.5706132873104 
217.9507943062353 216.6310000587865 
81.40633535347418 139.20949825902406 
446.5519158643087 89.20780281650408 
493.9232092358959 209.60756412384418 
398.869022044561 469.2176365520508 
402.4283647578933 391.38454086274237 
417.4825303942262 144.95082607760972 
38.117333904135734 435.95318478801005 
27.6502167076526 41.38422440343763 
83.92145315500353 494.79874779742266 
419.21833534773754 367.6273619718857 
446.59543076984556 289.76757780457206 
134.3739509243451 318.35415518065184 
376.2475379406295 494.5678355596692 
25.691301234252442 424.92343973766043 
60.26559855443124 485.68547885053766 
173.9255720233591 276.8912535259061 
443.5917828025008 245.91869673848637 
80.00710836667184 459.61811589420535 
152.29945015486695 328.73385168652453 
70.68916383002792 178.67442549257882 
22.42511771873356 416.6460638058327 
482.30229044016386 166.74710808420906 
361.0086616638888 131.8276180125336 
312.06867551806 93.75046136405179 
191.29491341505715 382.14725754016115 
151.42930115946035 325.8446895692053 
359.0497173162225 150.84351107225706 
340.837198889884 504.0648476684069 
501.94371204968917 263.0351728198497 
410.46991742189755 38.263609684665795 
508.9567274262664 287.27206418179264 
496.31428605215984 237.0708379834311 
221.7561817639225 355.32924474149024 
46.07661025246001 419.5731333870157 
255.0023826471645 308.44768575399047 
254.37146022335588 479.41652548689956 
437.5340678557167 203.22467445980868 
291.64211818411815 497.0352930248282 
501.38706317772096 335.3569288518506 
16.265856343458886 120.71018174774788 
270.59941997306487 64.4396800559276 
484.2971523029423 62.15914744323413 
226.7560321366402 348.0247727317471 
196.3019579582027 177.363574910781 
453.2258233809456 18.140925170873338 
145.7361621774788 228.33329801599294 
85.04478388460917 458.47921067441155 
358.32141175136513 46.51348706704505 
16.39778703876143 465.4470695249735 
236.87127815638624 443.53640456019855 
242.65249886544686 201.29373804703476 
151.02110226435732 340.0213749305096 
338.89831456529583 272.5104003449509 
336.31439650672047 208.12589857400243 
201.94363104335343 91.7081392025471 
292.0992074063331 48.55111049112331 
307.724490453126 306.17667508387507 
492.68729935944856 247.70480066509882 
361.07763911213044 201.32733852278955 
351.2294768986876 285.7248798753407 
339.83133112694065 112.2229928947468 
500.7600367049006 391.0666905987444 
60.16678324527496 501.39838638609115 
81.8635958182049 362.3571472818619 
15.203599097248823 486.17384014403603 
351.4172984919671 403.2187591847981 
363.7621177721089 223.66550927873658 
51.86165186530499 440.76685163064855 
71.25591176031713 186.69526898698186 
105.45298917258943 23.48298298197259 
329.6675717465244 488.80339913896876 
322.950792039068 19.167645935411418 
508.5608281946586 41.567190378201325 
441.1929190098662 458.675500050396 
14.0821658371189 452.42853704255896 
429.0119234327132 496.13622782834335 
57.90514119678241 196.23377034173728 
125.9455786221631 81.36400421325706 
463.0703394616889 218.68867416452562 
403.1946332381775 65.15892142457946 
258.67429632510806 254.9319928304797 
161.28111224722463 83.20334036675963 
440.36040679253244 271.4304215882266 
103.86012306882651 189.25629073425847 
398.56490442443084 64.39829604270352 
352.1383444399678 333.34920025554806 
141.47116770959371 172.94500484118035 
89.35238484300683 405.6858628532805 
64.62535880681008 390.15339022914105 
49.75997568795498 191.94993734005476 
144.16658801977178 280.2920974759389 
291.5973760845697 210.7230466144383 
55.62467257287911 235.36516385833238 
318.45585381229006 28.716534283383655 
345.23867932755485 229.20180447652766 
238.53048148771904 274.5201386655033 
405.7493162814492 52.289711667865106 
276.19445898967814 196.57062247488943 
133.61839601775503 435.5547619628408 
75.35191429418691 236.0434505018795 
269.62829811127705 96.29051067853716 
359.022427307005 210.37074358026013 
49.81480639537377 364.44036436886137 
134.61037413241056 328.0885601791151 
418.6862592722882 172.43571809440937 
259.31222088185467 380.71661842481285 
181.6822287835042 316.7931228199979 
305.11481603239014 82.37369988114278 
98.82478210664097 24.67357246229645 
287.8379631754175 152.83163555154965 
46.51559707488033 483.6071360830848 
449.6742523851309 364.7112830695389 
499.43180284621263 117.5859316183097 
409.67935381611034 400.52338436533034 
209.4739477036559 17.728692715499474 
121.66582999053881 490.2575302356092 
83.71907314715482 60.71995114674132 
203.95371881326506 425.2223706989024 
388.3319721580568 373.2270155892654 
330.43085809351396 168.84018207942842 
30.387890193643454 425.49786237309684 
497.3761924355937 410.0988514708535 
294.5597281661656 162.34307800962688 
105.49912640965901 30.364475204479426 
36.6228234246329 204.70489832004967 
421.6480493808822 79.25774000671281 
460.73051328012895 280.016621813255 
109.641226293249 480.2970487770546 
232.413598071097 164.55534154928657 
144.673094104656 312.01171985894115 
304.2567704736251 45.99124706092477 
50.74909483959138 135.228173305901 
456.2051764819499 339.33663055930714 
25.602245143557347 462.2324218394899 
177.454238094142 114.4976068522766 
142.54454722848595 88.51191038662719 
141.87586215000235 418.63175198188736 
443.70620640001596 132.77974994660417 
153.9341169273541 401.514815296079 
364.1160990573004 255.98460946751604 
67.04358662543824 277.11955722404696 
51.07627381698797 155.00932265825844 
301.3234220116644 279.60987864619005 
268.28383651979067 51.761313228357245 
212.70030853629234 396.9533649086805 
199.15326626689077 23.35804076809477 
190.3134260706525 290.35533959302 
88.79232325479619 144.1104552772014 
484.17453589180343 432.71759951940135 
289.08457692944427 35.007785489155054 
390.03628769568627 124.32494472069182 
396.3318158110016 41.406585669424175 
43.4219902950923 168.96257428301786 
295.9093637848703 384.6272729024377 
199.76974134411822 118.66756237260711 
53.38746362750873 258.16128443658374 
502.64435718581115 120.31745181725388 
216.5718456948365 464.1919418157008 
366.96991248300054 22.259138583870346 
217.91665371770125 311.13214019049053 
229.2362152450209 24.181207455070286 
191.76273759875843 117.8820575717348 
41.6322988565127 278.43275441050633 
145.85456338633878 295.5099018359094 
12.060022027717823 475.99187464235894 
51.588798748427415 102.05892377268727 
216.98088434948892 75.28693739237418 
42.44773099007298 291.1837400619584 
339.04930110933003 457.07378556165713 
35.07054240973733 500.3191683928258 
406.48529976536827 413.57194030242306 
212.4158049288702 349.0846148869137 
36.13989291044305 505.06298952110643 
433.46799154751244 343.6272048625785 
307.206190706051 442.15424422732195 
258.9414298901463 307.60678278403344 
17.529362332012624 276.9108081304628 
407.4346481314987 185.5258271456575 
199.46866216849943 311.0591853966248 
81.48825171916323 189.10748436659446 
397.26451477228966 254.46550863770668 
227.99955312893877 382.42485312759 
332.86389299034215 292.0916349799545 
422.4469701351702 426.48460774117433 
212.1570764048133 342.6320618986401 
191.37741110669893 328.9679988548795 
48.57884191338423 417.0349069408514 
212.60965908541857 169.83264417885528 
506.0274157828903 110.11007811172861 
457.6069843339144 398.47780853615575 
388.0540340891538 383.4276890563186 
465.4720902414387 423.1767014110601 
25.276481859207102 422.7098569882526 
63.017447186057886 338.47868873408476 
437.9695956645464 477.91914983896675 
470.36424217680263 261.2845782753111 
275.7858429365731 219.2465262807362 
356.52297279662366 371.2981696826204 
161.55927940253883 267.2022101858875 
34.40890954469693 376.55709070071725 
191.14577812102294 180.01236180191077 
109.7454290218463 249.7461739374697 
466.2527532841627 306.52484191851437 
