465.1365217534979 397.7819918530055 289.54521566997084 123.34765657847672 535.5340043814045 244.3645794099082 444.3835383346364 323.8494505653096 359.97499661070367 185.922422721182 
111.17386340573768 479.25426791202835 139.41392518719266 26.738475934382016 32.58365176982328 407.9397606494179 189.40326137922787 143.33159933426484 470.316711295834 140.54586171838724 
491.5085214326489 522.8192743925288 87.99179213883737 188.53159657424277 609.799016922161 448.1919409486739 122.14391738925698 51.44036071695331 256.00802917787917 51.5926334946502 
399.94186061333414 458.9674708777674 336.95623619275074 306.69585505134194 312.21579203310466 593.9236478358682 267.8319097273667 581.2791555031832 600.3887328793948 292.1883235320442 
84.92195688703913 221.0815361632359 165.90543286441851 565.7463723385362 441.38732835800346 586.0420714391024 260.75277969405875 144.90214574098974 319.6766127677657 510.0126771470259 
367.6650381716789 285.76449522829404 244.1715494628258 505.0388231462502 228.60807698738114 239.0964793619547 327.65827469845124 581.3018113869553 430.13602826605455 126.62365886784835 
35.21792177502055 103.81634104791951 104.21437256523707 520.8945818446939 99.13050187432091 456.9774512438009 53.10295251066611 174.78725117337788 568.3856458971843 38.04999524394746 
556.8928764681016 96.75539526853707 526.3940670006209 50.69501831457604 72.29098978288269 117.90819567574015 360.493400131756 119.62637641051168 581.2456469980364 47.01726136322986 
416.8423453119552 97.49144479756932 298.007440230656 259.5446060295808 224.29656980276724 585.0698394474047 193.21892557140555 316.7853512210094 220.86048813204877 235.88357560282216 
543.6267210549214 361.21900545700584 266.3083169973728 66.31276069895341 466.0100493584052 584.1628678144398 174.56835862219415 542.3102952121238 343.91927311976576 211.82150898682022 
449.46434320566595 163.80952215963094 605.8182233413542 605.826007908965 357.40719842594456 217.91842846235377 63.22416828398947 424.3565885097236 220.63151026166796 121.99428971958304 
167.43897744815973 339.9426431370435 564.570011799007 327.69237501903876 93.46545768719821 160.03363969653125 502.96005583493746 507.082554157633 109.70241157897082 146.43482305187428 
294.2757789830454 91.92751777325792 242.0122922828628 479.7013641904661 553.0796761640518 587.2163678265396 590.7551614707928 164.58489005434606 349.88736918329056 230.04731128458047 
209.38274856312103 422.6258016706328 183.13931062906815 514.9533262043376 603.1861792773797 367.9855325286356 356.87319338309277 456.76423355432064 256.7914622933355 512.6121593081687 
447.6907130995864 212.09940607047372 348.9961366394246 396.83337832545396 294.61263722855165 430.5843731413404 563.5409942604829 191.47038944124102 95.41569829970184 56.885432318967524 
54.41072293629803 67.56655327603265 343.0452337500893 254.65583490468583 174.25693250572533 279.82453782063095 85.69721965204276 73.48733881149002 324.53762861296065 259.8457800537576 
544.1635446285261 229.96089731782976 35.96669974872451 565.2658132520735 270.03414896078834 323.8902009186159 137.86721805240026 280.8794241851505 578.3499154085507 160.85187218068887 
225.02224928797986 617.8493562836106 538.299860751681 402.09599057541897 580.6170663371773 407.09212511198 555.5567783241523 312.93076954742884 63.86634092315691 532.934917044331 
129.8444737475362 130.67509408454447 220.9201855564947 303.1372671143608 121.33094530050411 123.27265611134709 227.6427142941365 101.37111589906658 209.4409059414425 559.6615524336247 
422.8569719512282 218.25321409891663 377.68143962711224 362.9928366869361 540.6498780048402 307.023505966114 408.0746940938201 167.79211800435215 500.33097671493243 459.9632054339966 
518.7911836969652 52.15768444554181 362.6387872230802 251.64644196833103 428.5775463608988 366.088989092412 410.78838869211097 45.119087175529685 281.5724489343665 427.03933895168547 
64.95414600588299 607.0986347182017 416.1045699400883 203.78633399698205 488.7812155627067 228.28876692480875 111.06601873762105 59.71406189367737 296.51956233804924 94.90249405488116 
393.4554196013981 376.6005465652723 319.3743467970956 607.487423610643 540.6840599662239 30.004380148624236 539.666354718278 293.14718423730073 261.23900500669197 37.34422872175492 
51.39620780893917 107.25242302204626 487.29685943474635 249.7649580673012 255.80618463643754 470.73544990785905 62.882056330116455 508.88405644427854 250.5332958785401 139.06204190947432 
161.16319742565176 439.5122928562049 520.9474389460646 148.9742260377464 214.48144536169062 599.4421760295443 592.2683877403277 39.09790677729399 490.70454150532447 57.3980408318078 
451.055286136165 90.50889327310217 199.5002308016191 20.241528508950182 94.66252165248612 83.35122336340845 562.1229578252995 480.5261846533856 117.25558084590669 215.60146031395206 
228.30740539358658 405.4948742270352 390.98075841907166 380.07271186941784 573.8627712011308 138.61391189431754 50.882433337918826 145.7522754649215 162.56148347783287 34.73749523078327 
342.1616185466102 139.56630605584525 405.916032083428 299.9962720070827 38.36959145169466 274.66568310012246 204.43779932390564 557.5037855761577 289.1303519973641 21.326558087898256 
103.97158925538383 209.97453568603189 505.9855590411753 66.5593344695701 50.69952071343984 220.3474479199226 44.95589301777468 58.51995923814027 178.40813035501165 481.5083683866429 
194.41240172268303 481.81722884305174 411.61247165027936 296.2055690879973 526.8516207414854 59.80976964436971 218.13077447969275 38.25169730185412 23.16838745469916 29.986578868763395 
594.703652439231 416.10631981049113 328.01982274893317 388.5247639244082 319.2514627421958 109.93233885070187 244.87439489426185 350.1183526252181 253.36355995146448 503.2205155518792 
129.3399107573407 419.1717183042123 228.61325853687634 580.0754090310029 189.3639151863975 618.4516488286189 200.2922320806349 609.2568730334301 250.90047337772702 371.29154538199185 
102.15812389226417 386.07048534364355 297.6370003441062 283.4417219114132 185.7890029786837 153.20101162171858 43.37490218838525 220.65931345680025 178.1386591780132 471.58239958907086 
145.6577961206839 228.13183131561507 540.8861165928133 462.39819511287374 619.2409711044359 187.8278777303437 265.1735334749599 591.3060057528074 557.9959767691154 259.8688390049727 
185.3259347530831 115.97992567127245 423.8440069452399 104.01539607326197 545.1466100786419 468.064480415504 511.3118000565906 427.36246131866653 300.3820482646613 190.63409935003415 
146.3039060095285 354.33647454602334 390.9499235984664 202.25148202296 527.6849568777309 465.0884657391799 166.52408089836396 508.7190852915344 470.2658401960548 498.3771617215026 
299.07028066476585 233.6170483167048 257.7872467589642 65.0353610691601 465.9261728684311 388.7215274422607 164.49477336917568 68.11363534705049 37.019730112896326 555.3972185140965 
153.898851266281 275.79506828523796 549.8193270818267 598.0577302012124 213.31364938856336 43.17465734197626 505.60973724149244 80.7874741152528 332.7684690669267 328.99725467407575 
170.68740805268735 208.21907056633057 486.8854350873293 503.4477479566116 616.0690576745296 61.759779289744124 528.3172277084095 393.0872910175058 579.3070035882934 52.26088692611127 
51.338763388704514 159.0291729702709 282.0054494079924 460.22357400057024 234.18621565263246 354.4482386284611 486.6309033774027 484.63533176437267 218.73752971879642 457.5176142880067 
226.21107551965235 371.53035776720236 536.1278714936127 325.8663074441545 390.51544035010653 343.36785300204895 436.89400809163135 168.65166251695766 102.3116914192739 400.322056292671 
134.24110965938073 182.34023668168734 567.2914936435315 414.57744255681024 519.0259294309703 546.2909750600983 31.259513821232048 88.72322012853078 255.05011554283672 224.23435218693234 
228.17932751697373 299.3406476501607 513.2571600306815 367.74124724888486 452.6699815459176 296.8768989155103 153.42705593072134 267.7753943540017 540.5471008135763 382.8993850951493 
311.96218131934336 350.42292051887654 591.0020728738019 35.82420461089144 304.35831581039537 462.89308532286583 414.01319449004444 206.2124021025006 500.9543664587345 445.8836052765889 
36.582541550378394 52.727836393869005 384.5547220003085 538.4045025103449 351.392218633601 139.85054900805633 548.5179151954056 511.1543123348963 141.47382557282114 268.43908892161494 
143.90531103966958 174.5420930715863 264.4848375469802 60.235814747693446 34.283621308924026 457.4493900989699 130.18569581358557 367.4088043819292 466.7749676727489 202.825521517006 
554.7113100834484 128.22409378728236 217.94830725389923 176.21024349867434 225.23071153617735 239.94203141401408 123.14580428771016 133.2772744887726 158.5887586428956 370.0316353338518 
247.8381271614663 142.49273184941072 87.5233531629865 576.796350664236 509.6022410768363 108.98191987882105 258.05226070631466 560.5054028157281 309.31549233106665 595.6984468070807 
71.62296193528908 316.1240681425522 80.15986291407222 387.9892840389496 155.6195885650807 108.73700835551955 613.0298382595977 197.64961560731774 195.82040152879816 242.7580752139246 
366.9380484795348 452.5611760440864 614.3998073514059 46.02053963068334 123.01206780503924 468.00780393256844 127.06850867998905 439.84149592412825 490.6763135164631 445.76202110694254 
562.9455480856836 216.1540153711169 124.61280906535846 97.03636029249851 480.75619424239943 292.8010724861208 261.09440845374235 435.3931751562854 64.9490227959509 368.08468854084765 
332.28441197676966 435.70667791364264 335.32643160136854 145.66431127871624 167.09620168644165 205.27099657475355 253.7818666460846 50.898031800929274 437.20666127960766 263.1480372098371 
261.73791340014395 109.72037594651643 356.8172546370485 473.84867956656365 531.8786684919356 611.1505438343441 194.75626396634348 531.441408813045 367.77043469188646 524.5246963086631 
107.51620929680767 440.1818178626681 534.9642300985333 592.5462111300238 151.8200530972131 187.75687294775003 257.1740963948876 171.24740483511854 485.30989436984635 357.2377479371977 
561.124683658464 437.9567995695716 313.95203762356294 173.83479372971908 603.6622262329879 338.3654084654958 294.7521276683465 432.5486046799627 164.72222174226482 593.7858819393734 
52.37405234975059 302.8107796815705 39.748012690846785 39.69835058029541 618.2564159244384 556.2081744616312 615.1536497872023 516.6765700756573 150.82032542833605 113.38441705410519 
260.4249905648648 84.78820831469048 245.36224356478013 556.2124427735733 120.45272089130539 82.56303657912126 92.22563705313192 401.3316999574756 441.6911232999001 101.62268167705503 
291.8451873762843 81.14393926038241 115.7361500946362 98.06580374738694 485.25734204136313 328.3611975353311 473.91681738790686 211.7023431797952 308.6708168298595 210.1998041491517 
116.49341096581323 414.23071478866035 130.69108196135 608.3140788813421 110.0565156709753 457.45154351213597 580.7922325406676 490.5636252493387 36.72029214204464 142.6117616601863 
27.630298564423477 470.7077498289457 328.70415118071986 81.97297937754745 115.79150661545157 102.12099634938481 71.89617358953613 273.69751472163944 219.56943676236446 101.62332066138201 
611.9923229332162 561.146178305667 222.36469855150483 449.5188640653155 246.80508069880233 597.681435835399 580.300922086984 461.9368376867938 238.33519814983538 88.06958304398485 
178.6507998447993 481.5685871453996 528.2004849224434 227.57590951081707 439.6659349835887 182.89419374177382 290.0152079592011 209.8464277542705 290.4042809718452 37.99277528609255 
602.3138733071274 224.66996974073993 349.1488433575306 39.029856204155806 75.61340694016718 316.7144194247877 39.01147767374374 123.51586722612814 217.20697516107225 226.33082534829356 
287.3154587767307 298.4292918156462 267.283733434278 83.5191037988896 619.3506690209372 409.29842576701805 389.9678559633964 176.14912572940514 605.0950224528618 250.3352090137002 
452.87085323297924 563.5309828752218 167.4959947801527 261.71525253797 378.75072205314854 256.42798934280256 610.9059433529312 210.09746131045054 402.8718772122213 34.60645103475677 
578.2649930364697 598.4772107465166 319.6594226869702 523.0157189515694 495.62523926743233 301.4667771215782 552.2417338673873 497.69239333246867 412.6099949989743 272.09676932589923 
228.4747880461905 542.4823779598414 297.40182835656 516.2322311085064 197.04238897352243 527.6745845344462 594.8532294685041 480.6973534158275 467.22565567185694 531.6400087975752 
406.313478949511 551.2023720972985 305.9357559086752 576.5698665487037 399.76568614131713 106.16642518068853 375.6036255608381 99.40667663767165 308.8675293555788 322.5302534434195 
446.5203100513941 29.061956728191277 229.48967963415365 279.65229943555886 167.2217093258864 291.01420880535176 72.34540897947974 257.38211103250603 326.5115994773582 110.38115973725833 
80.30528857427913 474.40471643175766 390.71652026214235 234.5597237571004 68.99081321941621 462.9497827944586 249.7663345604101 346.52771029031686 599.2403881225605 225.95919415368408 
455.6943485369019 89.90086469255878 440.04176907633956 272.8069367860825 187.15036493202717 276.83896580977586 430.524521798736 179.66503048683649 123.52098292184904 399.8948942615592 
599.6062740796787 270.6090407870515 162.25030687076753 118.9002299561766 351.886545553653 365.55724582965644 62.9552477753153 543.9813329715674 278.38185274635816 491.1369974132732 
451.92897758388403 85.79941713690256 100.69595021115789 200.57205934749757 570.6262776263067 194.10860174141436 607.2187668225536 498.68469061681407 101.72459614797094 455.72547305684384 
189.94799191974172 518.1062609669351 556.3545695934347 473.00419027404234 140.5269642448012 442.7900904148656 56.093657231327605 293.9104663743984 614.0925277959273 124.92028688543805 
93.31678234631175 314.7887044057869 519.5268517570826 391.31029582736096 403.4976161788378 526.9155079250024 344.7066238146253 385.38502988884136 233.05429502045746 327.93366279209073 
475.3437615437805 40.84014498432845 436.33333628553396 269.2603410499961 316.01093941680625 133.0724068283609 385.32547691188194 60.56294905233473 71.94619681512552 304.4747276791098 
25.707195440833 502.39682207789684 600.2298217792637 409.68973243098213 162.80172606587635 368.09812948015974 488.927780349211 476.9155813203714 211.05309801260373 406.0259825040404 
472.7951052761196 131.35775192172773 590.6073080524491 383.2474172722077 244.13305351207256 276.9206105160468 304.5940477542427 441.75892767844834 467.3938620012328 382.23245315720857 
180.7028652883041 188.33846655956694 156.1268709459747 467.0978062851293 210.64762595158106 489.12148706530223 120.85958926144778 235.47071638498858 571.1127265454647 489.9949113053009 
546.5076904392464 551.0427425455758 459.7751647032511 533.9026294850696 107.90744647841021 601.5395557596013 429.9959406506211 196.15654625004947 582.0645568119877 447.81967553473385 
257.7746376862527 608.8465494619666 65.71302740888734 203.86925212856036 124.56104778624477 595.4434583597388 56.77781111008629 443.7865814384193 449.5173444026425 286.6885900796456 
208.33503872250722 181.85014910059655 54.82472697427204 238.86367515160964 313.66358322207367 321.76383271530574 297.6283119114247 425.53487270500744 430.98159436427295 221.17323309552745 
152.21393082204597 23.86473670026346 406.4620008635946 367.546633816029 376.01051686365275 266.5857006353606 204.12038051170973 311.5144929054105 243.01207526476134 180.7289722766585 
201.16924456959228 353.7612475894481 478.21274455646375 384.2026427916148 157.43242737608952 31.562955948968856 376.6487702143493 261.31248609040307 517.4131760029595 401.06490955804793 
40.64128617171646 388.3195165045767 253.6098320645589 461.39252191869394 218.83334592465914 30.127910249874205 609.6729016778737 416.68957758398057 180.61534455913542 79.1969341182213 
251.997034642165 22.17752676540077 209.53219742467866 357.7709472919055 488.3419904658671 210.32936046355343 449.2662692633633 154.52075762676316 362.0759558478169 143.25213983824716 
585.7897905576008 216.69062628511955 580.6353940584667 587.3716925053876 199.2803570443705 368.8441797135802 586.7948131798988 56.51333937036121 369.39346820653526 279.30332168073886 
231.34029837416801 319.4723211474741 67.4856246929208 245.37366812045295 255.74078969512243 218.16780158620375 219.38199859233745 218.45047679634553 143.41048122665018 92.47400479511381 
272.28218310218136 240.09857218144415 448.1563632956384 257.8224665022019 449.39790587668784 210.20019733547946 58.40460987802208 531.6689432314843 225.91642270184835 58.26450328012672 
605.7994082631149 154.9188564165775 509.88341766753535 338.99240648903793 376.76823260794004 604.4049897746645 361.59892531816996 423.19051158190166 435.64705562874 142.51115155871727 
235.1203647030294 605.1279684201777 217.959477709643 300.03561388867945 475.466133752305 197.4299383420016 202.44330790879857 238.38803630913054 155.11367061572415 34.60139121241166 
20.418553790219423 87.21360083751935 283.3857567252762 556.2750734292806 311.0903858540809 303.53822211267845 572.3186597648221 591.277328327971 581.3809753791845 448.5284481489988 
92.60600306683249 313.60553312917335 478.88384744626114 327.9598571914486 303.21209819983693 591.4108919874759 36.53455407850342 592.487677935524 88.24839927906108 100.08040739965305 
597.5914299674099 43.8135056625401 184.70698116672202 120.51163094942117 479.52011502092375 242.84165827006916 334.644552572967 93.67414528775313 585.37568219787 565.9190670996743 
245.41109844890127 152.55130232957723 521.2760056918446 605.2524119446357 591.5165151611957 602.5561919176937 128.56028392447956 559.5962923218062 441.7293373100693 471.515388286476 
489.22630323740515 611.306023690886 245.0009956760582 400.3143815209651 413.2402181620356 435.8491144558076 458.8096738649275 295.2983531026327 166.31279625471586 139.8688202065404 
453.5172165471837 313.52207309731995 346.73554127813816 473.8937639807822 76.33302722144171 101.94268089463826 169.87073659388264 315.7873542799724 408.478654267262 361.64904211772154 
168.8890505347565 371.03055599530404 399.14677522894755 158.22158219341466 70.34832987938765 585.9320901949931 609.8484077360188 349.31611485820184 153.20763894014596 519.8594614662891 
252.74204359080906 250.56558844170166 149.86992451768876 72.58486641174471 256.5384137294948 610.8935408942816 97.84737764424715 512.8394758705433 43.57477281198204 318.3327438361322 
500.6430198904461 504.1700863498726 451.652308328951 207.44317081117697 506.44238399209996 574.1916555888869 184.23049592625503 489.4226672051457 163.20900879675446 223.32966856641315 
322.5721622971679 76.00433631178174 358.77745288352787 219.1459695743488 383.43291193978723 218.23427381636756 204.53765861473167 572.3417697394441 155.8888534736738 31.223428252075852 
171.30436650247498 440.531845595027 100.89612535084083 425.9673314570397 235.96530883072035 355.8832044615732 447.1762415917936 119.32740059172649 447.50202099679484 122.71253175101884 
467.0207350299906 543.2677032660064 70.97689669481203 281.1356646612796 165.60911422507795 24.440766636091652 618.0803388160523 182.86316150671468 167.43363388001137 355.21633543178535 
222.83169030328818 275.2356537154873 533.4248368078878 427.2466284817767 571.0277744823585 139.59257141228426 592.3715058643992 348.6621015154316 342.0327067562363 180.0682201899909 
220.22877378536037 615.9912076942902 271.5027490703671 608.9088491626159 150.9081947481104 261.898194944157 93.64003443741021 524.4043794490241 252.1434674817107 449.8323019008921 
171.56874964587766 27.528732693113604 250.02567185927043 336.68253012158925 374.42774202160234 73.38232595198234 335.8015523351269 374.53138566668844 309.77312495548506 303.53062338388804 
438.5288755631021 172.6016201832115 369.8846647821693 55.332387063469525 97.18240896960855 390.489503175468 200.56978747364684 94.35145030080692 415.80427492657554 283.778463368441 
351.0588491516431 365.94570496562216 135.29261621827538 73.1269303635394 413.5854954717407 612.127193248422 205.42209051855784 57.92395968207012 311.245803056923 49.78674055002726 
190.69009828013535 545.6065394513427 142.72999674105583 256.3772926225424 593.5824182146183 217.73223782468096 142.52045815173224 559.1493891828602 128.85205194693017 303.90096869084886 
65.14985962613369 574.0326465491112 532.404974374546 484.6196375821775 452.11296464574554 90.257016797281 438.38661366692315 194.2034319258561 590.0261299492576 446.80748588203136 
208.06269038034392 544.8074683738402 118.62806392053164 296.806098918354 144.08828879737106 442.6824943006154 597.2156216011109 405.9149169535653 473.7589106655403 417.7485663106448 
488.10843679331333 480.85372637104405 234.83710281254557 237.58031790811532 565.7360777260669 574.1262706581102 147.548574215429 526.8975201237449 309.9416027454525 561.0487407428283 
306.34153258183187 163.65488252739215 192.09501027713154 335.17418187342423 475.002892270265 572.8246598404303 312.6107053917855 518.2067454700796 118.72518642546615 588.9658640551313 
398.46230287715684 30.499394748957226 256.7179558552094 508.673893144183 319.28894726234756 218.22879138254976 368.9572195368679 504.0042555681785 430.6865546345847 183.34135197581355 
540.6670004457709 317.9641614310639 603.2778840028576 512.3638037611747 578.1264624198238 113.16576230939997 546.1552230282482 350.1725099238191 579.396484230938 94.73472566880103 
583.2893231841077 514.8148090237312 393.5594188027167 278.56795718584624 391.498454102522 299.47646458231026 352.065832452506 126.03417029987354 558.5711540556874 357.68885822033354 
405.781869279246 316.2111297239938 570.1366938501379 217.8696781982732 351.33104898627414 76.75318330311785 183.8767372051288 123.29077697887159 380.3243176041032 444.48298494425734 
499.672076312317 243.5671418879595 135.07194035525686 576.8010542993277 584.2782072799932 53.760549675412 604.3711589441958 185.00696416700734 59.123467696811254 227.1916925900321 
142.96322486616003 310.6259219932873 209.8234160816495 538.0546015801142 48.25361031855573 215.834433619251 526.00537662023 619.9270424747693 477.8892541778701 309.0788469481592 
330.03669037432843 376.2706705246259 41.78635405310014 176.98054861699785 303.2505561310636 589.0146415087341 552.2026646966917 143.6215085265505 68.26326582865725 221.31654972290332 
565.4479881275597 528.3039140227164 135.97633774653906 260.59425247550155 498.8265609373292 122.87774504532747 475.8575982653475 97.92254528326484 256.405162715169 359.72992921917216 
118.09475561783844 189.88826974488342 447.20061976991775 191.52885220755954 546.2152795077876 298.9976618227229 429.3805236145251 453.8179919432322 188.76639376845222 158.72978626099882 
364.0708696839477 31.55251911218691 468.6487947720029 559.3295564167279 212.36438657769114 500.6723329918722 218.69800557950123 600.4344221602349 159.1232747091807 65.80567453266178 
422.107000894578 206.6282117104949 497.17014700489494 365.19667402536334 586.2838742295877 352.0159552522339 355.46093970927774 63.95093501052669 608.7383656316761 189.9134667727093 
204.83342947616882 306.69260564962735 543.5909006781314 33.74552537613958 24.925254442871264 450.72691851448207 427.297936736716 85.24612405966725 165.85506205655153 450.8017617736825 
72.18745942532462 556.0548462558942 88.26063217525795 616.5622135585717 86.39810787193505 578.8029677659761 515.2876742091751 413.7916516613808 128.81604440044876 53.782955468007735 
280.1230618877821 530.5331960044648 157.60303383233799 327.2954119298694 302.6661910074863 579.185359783809 380.9095842791474 347.76679309444387 278.93239808898693 555.665474500764 
568.3669320104985 95.7320241622953 216.7819420146568 526.7348676031943 131.95156581045322 433.7755509460928 501.5684642234562 366.5792283098949 534.8160421144452 72.52464336783258 
325.3006217586446 313.73826997956456 336.67989809834523 98.78872530160595 462.9107238091868 269.47815589062816 334.3743469566442 261.9383909707732 329.22393640001724 108.70059562751939 
406.13452230818325 164.61797597960577 400.2219708086758 424.48227116469843 418.2330587844281 53.88534765860687 232.1950215291569 277.3384685515747 302.5487265648854 258.87267998555944 
462.3755251436611 70.3044446495079 563.6638488001279 271.0619984609177 524.6476534445867 420.9285255234635 424.0843225050405 413.26923784784805 163.9262865110362 51.270577698204626 
566.1758690447407 193.43045957473967 382.79909745022877 66.99950466477232 179.4104376137965 189.28419075755693 204.02559732610666 546.6837272418702 371.5164012422439 60.04340199975196 
182.48685692214423 112.3681794785 352.1261781563798 431.1510367532805 350.1797136275127 302.53178317281174 547.5154142365024 348.2127748013248 227.84903257211417 518.5189639859536 
555.0269525978745 146.20078618407615 286.8521029908868 65.5390425857832 395.7737930923053 530.0222251834061 194.8485198958263 559.3273186090821 474.21457621066577 212.54628774300437 
128.90957392159555 319.5614260672777 603.1952890343651 606.1833628927423 189.64089728417267 121.12688080232756 403.0511345178071 414.11033848230267 299.9119461539215 224.32550143578214 
533.3622215167169 317.2356141445786 121.78617020054634 555.1203785485213 165.95663686474728 302.997501814269 475.2456954804763 456.5112925812507 57.75505312192313 532.0900182273589 
92.3041166142821 582.1342239008134 332.05027683513816 589.209611146114 290.1012199543251 53.17872588230226 226.81555565813946 513.9166136289027 296.57347955939946 149.71692515143366 
618.6356169054529 557.7052228993343 312.2938571039239 157.5379332482114 80.8538133231979 363.3756953160103 142.07490400063733 541.5812595127577 584.5294514692575 212.80258528981898 
579.9286923940056 567.063264264196 100.79893329560808 539.1926972983304 480.9775598922496 439.3900856112691 513.2343527014835 249.9265207296874 603.9091365806723 183.95103873244204 
598.7935486890935 556.076955286353 257.56966153593703 236.88605954497402 385.9550646655897 154.698975981705 535.2891870240768 467.9210798419982 148.6320557561351 159.9841214557561 
470.53250325830237 506.3649728723194 244.45862496420938 129.37336970637554 197.46946683600575 191.3619340902272 356.04258981086974 280.7223788396046 150.05848973510524 317.49290475759545 
443.778200522236 546.6126345836987 483.2370373920193 396.8199344180048 468.8127443416927 461.9023972338727 249.8127362792212 508.4671301582932 294.760686676181 430.6110925903918 
216.64895291570713 56.83195903717089 126.75907354669916 268.23102614594063 153.738538605646 209.5207259398884 196.45809192154425 65.55999802968734 179.75954372401486 136.10189042058255 
351.54031123673855 170.14873819711093 297.7065198485648 118.77098667676154 358.3626233815782 231.4568421910203 204.19143260399213 156.02094879835204 76.3143552799153 405.81087215297686 
406.0075397671063 230.41153838054376 612.4855668747632 167.25851351692248 427.55038713897136 161.53166323181 515.2390220578825 520.4125012380562 242.6893795508253 115.24827085529508 
415.27985876297913 561.3779958823889 414.6838157591997 590.3356546087773 272.81645917522115 482.85721730733434 177.73715305108286 253.57890539523257 539.406461339084 469.5250833139918 
43.783090801206484 344.44513668283207 93.08148911315374 79.76956712416296 68.09748467145985 520.4164615755609 155.3445104614606 459.8905970586801 57.329577876500196 564.0781932710981 
148.6335038479823 486.85118991834673 353.546449446853 323.05631468236874 402.8451057954289 285.6745207446622 177.88442966412404 603.8977556146357 369.51220994759035 517.5808573900938 
267.4011814339414 90.98720587980816 352.2289448271996 384.95782564660584 488.7221575381146 311.5944363636243 511.91713920939077 449.2580987650971 62.07535157869662 218.14570890588965 
55.527697832357894 307.9179726441095 379.3078871525488 508.8129832588764 266.77086672519033 526.3907104140853 349.4783228359585 157.51478361601028 187.46908356574113 371.3883725053925 
155.61842762428117 174.42253579396373 308.12601236889304 441.4259309897763 56.258067477695555 368.065821817884 376.30576637211624 240.76133510962586 215.3070783174487 230.1307072096987 
381.41590500763664 92.82537595854524 493.88782423820714 214.0445564367884 124.48792719616185 139.23496805378468 487.71213299660974 428.4412727739007 131.54916424621885 120.48377175994577 
243.59651764801046 516.6006954303273 219.17963813185605 184.4037161899855 438.70921098861743 442.9557459783946 570.8478465472932 118.4913778353732 356.14297978954613 257.7613296265422 
132.6189734560465 552.1927343182884 540.4072946538232 61.018561021293756 486.82949100346065 225.24023510667004 366.4337822497249 336.7480653115411 112.32183479445833 368.13588292859026 
105.6885044590484 578.7061968506957 89.83281889209778 390.8740307983 422.9849867233501 278.6378949776882 461.12962900094226 425.99764650494944 187.59166976685304 498.15984490878594 
200.48719877163103 22.081896997824863 232.22752369477413 195.36783752479423 107.1005439401031 433.7386659383062 443.539619345179 227.2619558524764 277.025935233784 104.23581661925337 
517.6563556599806 499.083370266049 163.24469486456118 86.82502362839577 464.41019606771647 481.6565356104771 382.4431980275173 300.87178429075857 93.82344724083426 267.83050521719997 
177.10300280604642 68.88141985565534 468.45110756370286 89.11308795878766 191.49477483894174 330.5148518068651 255.1743589072167 563.5917108346533 570.1697558064926 279.6878872656034 
460.0384205921737 96.23447630585977 137.54255384989023 520.8477318096775 579.7287280575993 402.66555850309163 167.1590094513259 390.52046814878634 553.2788734842529 77.50832470781882 
199.2427763082841 40.22332179736554 247.60440947028815 78.39010718365344 515.1146523613601 26.835447714590615 360.45593065755935 146.70237385614308 227.07797417367368 306.5208668279599 
374.3854315875349 136.2100128116294 492.364302046189 78.29751439783487 145.31956579168462 570.6034388802797 309.73273141875336 73.34592632134891 459.33360322962113 501.08743843959707 
107.31688359757925 36.1515119220158 441.2198049571817 485.1002148343568 280.31315722814185 493.5740510821591 48.44398978598805 57.25671595216309 587.1040119222699 57.93809157324286 
434.0840252277141 213.60974658371038 462.4101381496527 60.23827336153256 512.344048777039 580.3226922970862 456.0651015182566 259.5529651715234 210.23803112710956 287.84771061271977 
356.00631108352724 124.76028031769911 39.03659018950181 321.70289881358104 504.0761456800306 534.6500224899501 569.0707613898205 470.9424685208185 363.22675263928033 292.52538263405125 
141.48638724176737 345.41344083979067 544.7224557054184 601.3881566595995 100.54296131091941 282.8927715072732 253.93353238165605 195.80119335810383 580.0506655669694 517.1985852476851 
263.3149354209247 576.5218288525789 27.539342358354762 128.36928124762125 71.16390197792626 144.00008401656424 399.7531891818592 446.00422024897256 254.75015477613505 576.8353767135702 
313.06475207822393 326.8598579879336 176.41228564942128 351.2854135361629 582.4022695769053 277.79495054356005 551.2143253251874 247.92114253579365 532.2838670250943 145.15860244585986 
134.75603169415822 241.5214450336278 213.55238947358166 441.7150110948471 539.730797615705 320.30126471919823 409.4047976376777 132.19853081904753 339.82484908464346 530.5670711742064 
264.3096066517337 48.59287883244455 569.5514604647985 492.8932353288908 319.4063591907 256.2281824142774 78.61406772165026 585.9132363400279 287.9807512580665 241.78967615963643 
149.3918498971601 543.8192818683331 254.609138463067 144.33179779909682 136.14165528874435 363.6641852484062 331.5663405998341 200.39131709175186 234.51000797838284 168.55936316093334 
556.0902622450122 524.2934206334719 39.94888788954647 22.86237261719706 562.0972605975612 494.74438261440173 303.62908707315853 245.4480967347666 509.9419526208443 168.80459684602783 
444.4448756334071 517.1571456359151 107.81516472296542 294.33576549471576 125.70369505800512 428.51523773081226 508.37382879416 42.01589914264468 155.09475094451497 63.817284179232296 
214.19663065521536 128.016035371748 516.5300396030516 567.6700803736238 275.65895098517296 548.4322097921815 92.45173864150804 590.0871081902131 614.8211327700533 296.5666448254563 
385.19971506068936 256.22947355039275 58.92359298911487 584.1517303968927 96.0327546300668 456.88646962802056 217.08266505889293 37.61073055509588 570.3973957116415 405.7896963675677 
283.7808193916296 490.4487320585786 268.0380294171581 159.85445463650566 602.7451709400852 142.8678091803675 366.54212691441495 548.4420193414411 574.8077735638456 209.70005935151866 
556.9142244754745 307.73681828542476 43.341739729216584 327.7521575589469 239.77246896799016 566.3320003965379 240.8666898481713 143.65544621671344 80.76150190395003 578.1172189395073 
530.4174848318204 53.314953616318135 233.77534616625434 548.5625827270285 525.2697506342197 214.0514783745476 90.58418528613582 550.4921315559707 520.6162422393024 100.53012851407777 
365.4586412773118 275.4409632287303 520.7875424557021 425.5693676587616 73.38532914116787 316.6895606098854 95.6109865100657 396.9240419154206 310.4675577994144 430.0690929208967 
249.50145532511385 231.13646227581233 495.1048259284149 568.6315034735617 236.87797764688207 395.54888647049 478.54476340455653 437.278046286258 407.49964532660255 599.5715511041489 
483.40152893307925 63.44014189821239 115.31474168852078 506.2997544663675 578.7341759889356 429.90611200781706 274.41685998035985 85.57380557121226 350.2788590612968 365.88779289033386 
495.7016570278695 79.57562145155927 174.42862925874155 442.42055592856906 87.81800567912755 202.05564074010627 254.55440963479666 168.19061451245366 356.00742808849293 42.283920499548145 
328.26121668559824 131.88328422191069 382.42539014159684 594.8190977449333 104.1730529764539 487.14604425650566 221.53825413465088 286.1889350991778 36.84039876827647 526.2600804373087 
394.18979634489034 519.5762348427686 398.3640181733114 38.614037045055866 513.9307423886064 508.60395255734045 355.3288333675433 300.07377851944585 29.2053208809026 321.3130755770878 
109.64158685955222 289.3419463981882 614.9885431034836 605.4271913250137 311.8660319321593 77.4009649991422 297.46782921500346 215.9973778032003 305.64956348161303 86.13331251660226 
145.36284517247287 316.52131896236267 511.83467621313446 62.21270656472023 111.47730947905035 274.6301565204639 610.8495245157893 562.3602309454931 358.0764595831346 223.43700330739586 
331.97075192843687 296.05873527957266 549.6839236330333 109.64092921884233 208.05281534589147 221.81962815464306 546.8917991708382 199.47992017323628 404.317351856656 243.09560553599326 
84.7777515250054 363.6267865578168 79.7962635085156 299.9331445213873 569.5225535056597 412.12169590128207 490.02241211017554 402.45850535053825 276.82239325218603 300.43507827128013 
189.5616485390619 302.29090634839594 185.68904550169262 377.7545657231867 242.97988537918712 247.97680693753603 31.23222865756306 198.58996910826895 302.83895077024437 220.5388963436338 
310.01746197375235 568.7897076985248 163.31502616914722 595.2334504380617 321.5934904241843 447.0627083473417 548.0333567313486 125.61020419444098 479.7827748571915 273.099417631031 
40.71311300907537 495.96794175730605 477.32900324564434 43.38562629564753 217.21594515231752 438.3000097142405 37.49532179838658 405.8030042640079 587.5921485428448 359.8232550829831 
136.20681706053134 194.10991588721453 506.7181921534609 177.1842136252532 328.3313724513268 173.39640922525015 162.11916646455168 203.4363405714354 561.6923990747084 117.60709656244573 
97.57020174347711 83.88191714289599 412.40718427163733 490.2255830139242 81.07034646363945 526.8725009519906 225.14476455103917 349.21435265380137 75.78271974031242 125.66162072176209 
391.89694566904103 47.30368408462836 222.53487012455253 117.4034537652867 552.8562289718234 48.723500408508286 492.4727925340605 75.39122689980051 52.9944858188526 533.4718730408672 
218.46256695475134 80.6291462907914 537.9359648582279 610.2137579918823 263.83331656106185 468.8316192529297 322.71864831449255 308.90403721406716 537.0552030195935 598.9433365745599 
317.03729619148385 274.22826035673495 110.94625050143567 39.27426002457271 40.562476182518026 230.95513717409665 155.0016669939357 317.34294502758087 211.92873490620218 442.29432344921264 
439.4395751366643 129.52227445865816 344.98616802703435 332.35335845557324 119.55674517642291 456.5810737766968 335.9087818075464 593.787471162114 458.9880768631518 181.21549122266654 
174.75366672268802 251.73598356333906 100.46379392049789 153.6638949337759 465.0644695605222 105.13916692115583 42.657780518170114 201.4990410597159 585.1131622881884 116.5290691937237 
231.72106361297375 129.6911887360659 474.3736790438225 71.38837060359421 426.0941700989934 307.0359294120857 178.82123624910784 378.17077220940143 143.19183960305799 585.0406611978315 
438.6511441316084 30.076755386310566 446.554264430444 45.36313151099405 552.0107234858827 299.67854341491255 282.0582346789391 221.89608150641146 98.3382656026323 87.48776780764673 
21.782221445421882 193.59161673432902 454.9024927326904 195.5599969078697 424.1188700203978 294.11903799701906 390.1366760621741 347.2293745807949 368.7289404649931 134.4499848376006 
