353.07503464348326 113.06173276210696 240.43943995249268 461.0811029156639 448.5871035492731 374.89107546745345 382.35441374096814 301.1992105761233 238.5454613056206 59.805332662333115 
422.5787006121346 380.6327214486374 69.49285629229084 104.39120202980995 249.89365753181397 162.85427405992607 16.12998190173203 99.75168402290623 284.32036978663047 53.92376711149765 
153.8074069876638 302.65308066785065 137.20002217992155 154.98355623329869 411.37028102802105 192.35684460588496 102.60372451216182 77.04016494642623 287.5589892063623 387.58934787262365 
325.7747253374627 194.9854498800617 339.1687556645592 363.1027237329951 119.30630002764057 342.81037821726414 474.17152286777906 30.27989949953196 22.758265761866006 76.9645846574906 
208.00301965289958 371.2369475750065 326.41543555042 259.8148174417081 166.21823786794891 440.8758540207285 404.89096763586014 340.1553177933839 241.71852447164488 176.34087286969378 
331.2778814019283 332.7234025087029 439.7532221532722 78.33157666177209 367.5517147599556 123.6732605216843 68.89923298003535 453.72567083728427 51.92759041780497 353.9611549464514 
61.221315197546744 33.964857554802094 228.8747293310427 257.5950674993593 329.81655102052235 408.6566042279728 492.49156325737954 456.7020401331673 196.9459333750848 338.84524763352334 
138.94456294516948 340.3662023571893 50.95621513181425 139.40535966576306 348.6739003493942 279.19078750438126 15.195188583073163 445.01048894006385 444.069132186436 52.53695878123565 
37.12347537381082 299.13058057495607 193.3178928359081 490.3929830547325 430.82600581524446 130.51100581609535 256.13092173658504 456.82648753053746 31.126256614751814 306.5864479523845 
492.04632015244545 426.9731845397965 242.50642967666323 78.2826916715033 477.01634382941796 34.51505663374704 391.0365851279318 355.65947662345565 198.9797940569058 91.60120466427045 
412.51603415795137 378.8476076257067 28.12310876371481 208.16439202780035 35.02996384830641 473.73329973929543 182.53329439355701 262.5865063771613 239.12446174598338 206.8429841771089 
34.9458635196883 100.66607256159142 403.8030799938905 378.88173581292625 231.2908183610157 464.8407438015901 171.54808814576322 421.3782688556486 216.73987868684475 280.6182140579386 
190.5694762482088 385.88988124944876 389.9580799542792 52.168385469276984 17.484831239931932 340.22026083664474 231.26281723086427 244.03009598184553 88.63339039476574 111.10335130480702 
375.3934644717758 150.88548318964166 293.22704840655337 437.80647780225576 224.594760188145 382.3550399141515 306.5417969311462 226.1056657478469 322.71699594356454 214.76662753171314 
466.3525482722097 217.08653525842786 336.0362098912374 186.85138709366888 100.81443832120145 10.223686093410558 111.49747021758532 441.3198999290435 340.99382493382416 505.1917506488765 
408.0843203196207 439.2715340496139 76.25209547976901 451.8613092974325 22.01771272576724 299.3901008043979 335.685287406505 422.9327673751371 151.48723164123987 138.87917906123403 
503.8229075001226 148.6611832207494 471.6180168093493 418.0899221633834 403.78870408953605 278.1254110642306 15.376453065449482 415.79467886179305 406.12690081163345 256.49452209271954 
81.11756516302775 87.0594483619198 346.4967318653549 132.7446029953001 12.47751379949207 180.66844480639853 160.438537777839 237.27919706329598 321.3141212452828 118.05363114497113 
268.41457080971156 293.906394015154 249.3986176128995 260.68261319695995 369.32747472472397 155.62576284213569 489.5617708627568 317.85791404518375 425.7197929417813 478.6781897232312 
411.9974611973005 271.8806805651838 248.8574139152134 274.3117743273244 266.42681451152345 322.53206202078525 216.9002295302324 402.71699928792424 455.82617534344075 477.82537585979645 
284.3630531951702 198.58409147520155 102.42177694763298 42.98205849700242 66.06998028518434 42.73592768638939 251.65445226535098 384.58466150457633 403.8052338937328 319.28942200573596 
184.81750045932316 471.86005118454773 448.8636599200555 322.79868412513395 436.0706467301154 322.04572549145473 418.70411188935054 304.8329119536471 234.5334745777959 101.79261117078441 
310.90861013710776 474.44228173002597 217.16119744523914 261.55728860894106 482.6505865348053 391.9648920986906 383.10616753327304 204.93691412809022 128.87533408172018 320.6278428240486 
385.26799244929396 119.89985800213276 317.3956856927048 225.3957541980754 379.73555689671514 223.86521244315804 364.1060899354552 233.51953586983254 278.8239877049369 299.58428096688823 
456.5182533334449 496.2389458451424 378.40974392320504 23.777296518719673 58.821461108693676 16.091610549351365 455.2668814539165 215.47825252616553 256.67061559538683 129.28207277843308 
55.107729828092744 256.04120229272417 324.9052345836746 457.5636017612988 317.0309672686461 57.76105618529897 426.4024674511164 269.086164520503 305.0803130177071 83.06194518284165 
475.26727820884554 312.6636019533068 442.61701306344247 41.20640748105235 322.56284959462613 314.913025115384 270.20905884586176 14.47841829203477 47.784539879103185 454.7197470753281 
372.74042311045895 390.7934115003213 264.28021927471036 254.48073229462904 446.4434424789926 104.6884586004878 471.8203213388257 452.57972616437684 101.55735150947902 313.64565299493495 
114.52072310799215 46.5472440937481 121.31616114463677 261.7019433081522 127.32144290279744 321.3584598469497 22.969083761243063 207.29838556494462 379.22449678293697 302.3221687983887 
391.53644067460897 417.3220988671329 46.49374985515125 197.0139514844172 82.00443684986001 354.29390559207656 74.02021144698244 15.706619989164551 10.661600838486432 308.65489976933725 
508.05562152491075 184.75115822448322 381.28036782410857 353.10499543934947 108.51761718233249 92.3611827621648 316.84664477411377 120.94657571583471 274.0695985221332 131.2540868496797 
492.5406455913061 35.386476895049746 438.17828101080295 427.60207680682106 490.67206250493274 241.74926069554408 219.35224361865156 70.74599148831527 223.2726939571646 119.55502014738644 
233.76447099894392 283.1253710548095 393.0496883566542 376.4147951491158 103.46202393186742 94.8776024073637 88.40249787821396 350.69684693666693 318.3660858806013 212.55937283456927 
233.2067054055299 274.91659553633417 235.26532244501618 396.4436354817411 237.06774056485708 376.80380099686084 122.00581273614213 285.84508349801735 316.74780813409456 319.9996844392969 
280.0806496444178 236.92731784436114 84.46892184060638 111.33740208165231 403.82230038679586 362.44485835520175 123.79540781037956 226.6588551243389 459.4009025368119 87.87306755270934 
398.7987446048542 332.12102886130134 491.83156084566065 163.37914053173185 467.20810038272515 102.94492958450817 393.1938088825177 196.0873011949038 93.2495272553087 266.5602940202496 
290.26640138498567 392.09129482601907 480.8770802405164 122.09916594194758 334.78042625925985 322.66735080879215 473.0987799058355 413.19148862089105 304.49405485779636 154.14064959974482 
188.1008388422603 56.01578913315091 48.29184124297919 405.85854599343753 187.87291087209252 349.558166514023 433.51190024044126 425.72357161291376 400.0378911659718 420.0326113494797 
78.70394577105127 397.7393829818984 138.58902244676506 276.41585762010664 280.0213292754163 321.0227637932958 194.2376901693542 479.04985026636064 164.45035401784563 24.73482910407636 
90.07490399781969 48.26493615836846 228.07970333511145 408.38455869754983 223.24961377577202 364.9769923242603 42.61344860675669 221.9577440131789 238.36703985055158 440.2115208891646 
38.330448935254324 325.32448706080083 103.3100802653729 55.507846347759504 396.6935226310917 491.37844375283134 483.1868815478766 401.15661226057216 210.81132542566243 442.3608345873178 
133.10785540129217 464.2236422164051 196.95612551723627 433.8223964889651 155.49509764151423 43.31328391998445 365.34071957198313 325.67642912616174 92.62740600461937 392.02438692888677 
183.357385487388 204.79600892829052 450.12405060851137 118.05204407470914 389.4821942711297 248.6084905937403 372.0703856598031 89.88818376260515 241.04764762327562 144.14053695096538 
313.4883928596887 228.0742288658278 104.0870120036399 501.9666144237846 180.85533823217096 182.95879392540286 418.4530810788666 329.5142210402993 36.37370360891339 25.913692250928257 
196.41492732089253 253.17891462178122 86.69536960311551 205.96130286371888 337.9354677836087 303.7023522115578 301.803371494164 148.7664310425515 170.8330285750526 204.26624819276063 
134.75411917378113 499.94584279839074 249.03015400975636 225.7556670459307 437.98349570768005 139.64846920260763 67.09266241935828 298.64456937121975 296.87968468525605 220.3595540273308 
474.26206422094083 195.95675517998706 126.32600307558155 104.88178160063471 196.1846012662338 226.7554769831101 500.91683190610405 206.4465577523667 497.53986288366394 504.61460218519807 
314.5497761959924 357.90844722570483 143.77224136167897 480.52476495008847 490.09717998814335 461.976130420053 445.12826051642304 54.68726411223739 84.86005713127891 299.4327673563667 
291.2029544105169 206.6492106293181 262.50766423898403 497.2989864441945 209.19840809711337 208.23270722767066 227.20581000472728 283.8916802394609 104.09756667546753 108.71144080133759 
340.6369745628127 282.73165068363244 463.95646551038516 306.68769000845555 267.6153740524982 222.25320778219702 438.5179767259172 148.122886481869 121.00021916387281 63.26899890638642 
324.35025090269727 114.97487738405702 201.6100904811815 171.1429975874274 114.7128708581918 293.8949643933051 53.84171292980204 284.62492526196223 397.3540119232611 439.4379674340499 
182.69617507714318 158.29909816785874 508.4415473632036 71.23825040258818 402.91579736257114 380.60105853072685 475.8313821808099 169.60502053101433 415.93463167669967 494.35475499765465 
409.87596512547185 158.98989451992955 335.3458894974083 171.78374694247927 124.97637017929036 493.77991269762856 506.58932198111614 320.94935778658913 400.0807669590666 285.869117270887 
91.56162942454958 125.56899491454159 411.3326005246057 38.4618423974412 13.853187991141095 145.16760230668663 495.07156452782846 175.56077626593003 485.3140928862025 227.5156758096266 
24.390505653894657 181.59303604564758 459.65257863230124 110.30660227573723 307.45127250831854 290.62718550671656 483.7692142350441 214.0267785696117 40.76281453934443 289.6345740087712 
42.52964704334554 252.9713201014263 475.62454787485126 125.24790803230911 117.67928936909344 416.35881115980004 80.93806642034689 128.4702886644783 306.60296381415924 496.49794768233943 
110.59047959293311 296.7878013021032 471.63258471999035 465.95934219721653 108.61229485031758 198.1388351043624 15.606185985664924 130.70555391551784 10.313226972592673 186.19312532566212 
504.3811230751966 111.13259508126198 122.59876657418062 241.3938562486034 482.00492709803336 27.97577166785591 391.6709158806965 377.2157470670707 449.2465680030224 395.03331441885416 
491.3159652263228 176.09233550475832 101.19163829739712 345.6606322447601 389.9826326247684 144.46557895955058 44.60420315518831 444.9885731932168 179.85358515572946 201.41095443145855 
340.75873519435737 464.81852872961673 76.11348198069894 240.29100938646513 344.4450846780198 123.14783732599449 119.61670301636434 327.8907124520456 434.849743231575 415.2782970181988 
241.1578322989254 230.48755237142453 359.01632575407865 288.4611497969509 470.5480861446015 81.30958882601578 33.58867390199304 37.031470427365534 198.70069926030857 128.83457864174846 
275.53943504313855 419.9853188372512 25.928581844353417 130.38331020821124 57.587426926723744 127.95254769057229 354.65717514944834 80.4601988458028 509.00683940766146 351.5184342965852 
509.75569561331514 88.29434673033464 507.5313860306644 327.8474941323182 294.69004893175935 344.03421324253327 333.05654994458445 367.5622539734245 16.70020557342127 238.04890936208162 
478.8431002824233 488.83034563637125 139.2055538043736 322.7893104024208 340.92487819115837 410.6129777237638 344.6409881941607 431.6621683440167 131.42412177906954 282.0278818801578 
415.92719379209325 394.37023552308574 486.47732543941754 149.77993623648055 469.7779249235876 413.1715548564535 364.4749139940335 290.6124843193166 200.0477276194924 289.51117795399136 
455.3176265328308 160.73255582847062 414.3229456063846 315.4781645507887 446.39299842621773 339.1631006913196 271.9593061338764 269.5412922485702 115.97484756229348 466.97531986278716 
256.7691751613638 81.0163411743876 349.7490676041283 309.35430486229035 42.56161799277668 352.71828196325606 301.16866039604264 192.45096893365377 34.738261749502996 56.25133970618295 
41.34135129237997 191.9735600504374 496.1483304633354 339.39016168742285 169.15271581239725 75.47174982854465 290.4057411461954 10.005154684662777 477.32806081192973 125.26649543629792 
400.8715161344834 385.9851265237134 395.1361636640983 93.97881385017159 508.50461240635633 325.6104131454111 53.43794500165249 169.61043085308023 36.78427043287989 377.82952529346767 
442.78328654663596 452.12975332250596 196.90700188780772 116.89248490510155 260.2589987994519 68.51589251207528 191.46143426093485 350.7940082477674 165.79125069585382 178.21423530264235 
359.7839491605522 17.979597850399088 293.60529836587426 245.95639170932748 173.198455284529 211.76774125067698 489.54598529070154 83.89781818018143 113.34328127432529 396.9412078262178 
369.9618845191288 290.02621691911656 91.78834689223568 507.96078701752003 422.8562236887481 334.7937835260676 194.14573557190738 243.25436607830602 497.0079291748038 172.92642181347355 
156.87683050772432 495.034612429997 149.76559111045694 382.3632029830104 109.99906655258522 479.09834129518754 449.2178457888613 457.2789086248941 243.89550851844044 254.0606809499518 
451.442898959705 507.1431023617468 183.4303193249867 444.47724665501073 198.54066790416573 238.76860312695786 477.5732578103692 107.30722326404396 208.1504930436445 223.30268196495317 
237.73631062748296 306.1708544165288 50.15746855783886 75.11386651917606 83.02568372139962 82.8540706753275 231.29080097822856 294.5277756780297 175.61211252519098 140.5135794277601 
233.3169434840208 151.36487226987572 254.42274989728725 178.0356592751554 175.53096329540085 111.23333648521138 200.35774367454317 440.0014490131046 197.24907988094085 431.53024966563373 
291.23448346737905 171.7121862689575 281.0055519772407 179.10409369732716 429.6629303196828 293.727346086268 362.1570262262969 46.53179662687639 252.05482632061543 235.3688178730543 
195.59749935164248 468.9633483635935 151.97008975758817 491.6442982462872 75.28698060171983 168.48726551493314 376.00360640477646 93.043027013603 127.29706226088621 377.9698286363479 
475.4152792268934 302.65689853833163 22.076332219610354 121.32138956860932 21.70669237890909 480.0801688610938 76.63901894348417 52.142765276203306 119.34741941950266 176.54087650573473 
342.3797767555772 477.7049227275687 373.8541341785477 150.71702970478594 399.2178639360156 320.2149973078194 98.42558027344899 119.69077110447884 201.77371468557087 392.321875381751 
167.33661359398604 184.49359131095292 448.28122078707634 488.81429036551515 49.294377475772805 494.69573155716813 67.93863087919787 421.4648380134058 178.95982115669727 341.4929027315173 
47.40135709934494 248.97269264007844 449.8375281041934 493.7434573223583 442.119719944829 78.95845606167728 236.73714303880533 216.40907818952752 43.22482052621639 443.96407371309436 
481.00948717647697 35.85223620105176 295.665559886113 378.41100758096644 496.76034876651113 441.4433949644449 188.30014729422876 448.4697978500185 281.2452954926628 337.9311588114523 
461.64491230099395 111.79411722068372 237.64844738553785 188.02855460717421 103.98382579050934 409.07246842205996 343.44843387917945 409.66840884914404 231.54170500258618 114.35060280110076 
422.57466364982116 217.3810739572275 73.42425071962683 96.07783658913193 304.55689617639905 222.24764775914306 407.0280815779069 265.83039860594806 278.87153795873485 229.88169792860023 
414.62386527023705 116.66482581509534 377.68734313388904 300.89265400730716 56.81561846730581 478.05470067807903 145.2141612187225 263.2841060105534 183.5794279615863 239.36369829232805 
176.85738564213375 491.23994500491017 228.5846015311716 418.8081515789768 336.381555805206 389.75162563594733 457.50040044458285 79.86228504452352 184.2860382789208 149.5395940279288 
365.991537192561 222.05915029377954 275.5960871407727 461.72206790112705 448.1054599827249 398.1404547963626 110.27220533464993 506.6841713505262 180.75467091304037 434.50836551292207 
144.44111078060584 156.60076386845543 194.99709563469474 256.93254966386644 395.6513669546284 456.0658058674412 229.8176955409661 448.4652846523287 300.35671716941897 70.28167106633347 
89.1144110731966 291.51811921626836 106.83040206841792 15.26132622709169 447.59158620226776 171.05292899731865 211.71351073995768 109.49659861548172 476.263988753717 340.8406437103077 
473.4004475233947 211.5456118605499 383.2745431072824 179.74071634377296 160.4646878486818 432.9925919596761 90.72892346662691 189.95445138791445 318.3279834123279 141.2330160706516 
393.2500683506735 114.20538545488483 462.3760521954665 191.53742877216456 68.95588743688457 173.79974415560605 130.72396205575208 452.8468872582685 38.563113374496965 54.520135070396485 
454.8342843770006 316.7532372136346 293.3204914669493 392.3057204697265 31.19113337603562 504.11730376974543 437.47447963364175 135.67176512677543 502.233297935816 108.77821046470059 
315.9705658685873 286.82190346094546 379.74943627798524 442.80681002395363 323.09320796803155 148.40607723336052 268.93867817966 372.7565106651677 112.74775233904981 327.87747685763316 
276.3395342670817 461.3644258651528 56.08716902313553 376.4013146123504 509.8303639586917 354.1562467760734 417.18707523078774 64.26887085197806 203.90451393179987 475.4076497448889 
342.4717615865313 419.76972718431114 128.4232706519898 222.91561204618347 384.59474925973313 283.4753706661416 64.04963825659243 476.0326457227342 406.4767151152278 254.88731022797649 
252.56623061769074 356.4170805001043 336.20403366234217 33.40287820360876 355.2802702495387 305.952558406513 368.4910672342669 280.55164583382606 77.71891210534031 171.289822635494 
333.4092482853989 255.45588266508994 243.81792590646367 109.46395210672476 78.08620072260052 100.46784342615027 227.806958774329 254.04017269131035 332.0779031798062 278.93738308394234 
276.99443788507597 206.24134812813193 152.1170778219883 292.06262778237635 383.65521943324944 40.510262971092274 166.94096777539545 426.7771464860133 489.2242261638355 138.9599160778656 
467.90153403317186 411.6265782749452 428.9990419231444 294.16475444076184 116.06126101030422 482.5878881666807 150.55473156490416 144.74626331069683 361.4777170810037 485.7844187529022 
364.07384348619223 133.20571202971902 295.37991398614713 269.04972798767034 407.7949488112445 300.45740819314875 280.93968222440185 239.2935257012639 236.78263351957466 356.5155762064558 
133.34108023762508 87.62269545094058 68.22211499722196 91.78778444954781 144.85108803177536 309.17050939184 341.44176811129705 318.4283314115277 175.5946216703794 269.58737668189326 
275.86643798871035 156.20444422807776 155.73698889662984 195.14588665196192 435.10483577512593 102.32868880865792 469.77702721212387 88.41369959661904 330.3740845448281 449.71038165573975 
318.6538248761925 196.44696073511668 221.46457380180374 243.07949569552184 280.3704337918915 283.457823725566 398.4481785668566 87.43591355228368 414.8374486655727 84.90876300716532 
352.33302011750783 248.27723373846942 383.6397310209468 444.9871756718236 367.86795476066027 108.05829984233533 180.42934244436032 264.41313467924135 196.69972556090968 168.33558740473563 
192.64783525703882 10.533574324667718 94.0861012402232 412.04938387359203 440.2809612657275 166.65595976320068 127.36807500760843 465.3972278784591 462.3490697220616 122.57455386178644 
289.4041234342373 123.75137557566578 446.8361322075179 133.24248591968734 75.16983282593752 431.07368952593043 324.760684200732 97.54268709979924 304.72589693380587 127.28086314125186 
174.09165457164403 34.11078162758973 100.75767797085604 403.0133351847789 404.21244353977295 256.163188589843 53.88936085248901 26.2607663822692 316.6360079995374 372.28335575191875 
233.97597831037436 30.297473607032714 262.6744823879841 365.1195180614525 330.5762585664336 277.380622916454 243.76614242661697 124.94681657552802 330.8096067441288 337.6646402319248 
425.1630648240439 440.04715930337824 267.8001158243915 247.78477877602228 158.68243555745468 70.85975283390161 197.91095185100738 338.56291835386264 235.22470708274778 159.85554095373078 
189.97219173201762 446.28891929736665 212.76178433402393 354.08867656552496 234.70500758182644 447.0304608730461 290.4982349713002 142.3780433200953 107.54574161186159 178.42458638920797 
324.90877451767784 34.07212091009842 343.07257552467286 438.40410459531444 208.35507772417193 331.3501545595528 104.23823783647784 375.31184981726676 455.98502151711375 372.0128444258174 
354.611672875167 208.85609570767377 471.6176232078816 244.71571288867187 366.8318354820049 346.36010642842086 88.31659678064723 103.59814565101127 225.47693377010157 83.75898975943984 
104.35577976202053 334.2613726592128 107.5518555595069 205.79705574312396 160.27961053331222 448.0483810423972 248.79730573296843 424.878625566159 427.76156213729826 206.57906705683553 
129.02349816562335 223.02569172860254 205.96391733117298 103.49349630014436 34.671694779377304 286.3952289156602 146.10184681692866 455.35668721493886 281.80660301330363 346.8095528966995 
449.91492580639806 478.6777685201344 507.7428534802996 369.7526870544337 12.749300446648729 354.9968548090518 64.50858772778594 153.28595878017347 106.95353122954647 410.9926362388375 
172.34936669681443 27.335885920914894 326.29133608704683 165.5638291099688 116.47547077556318 467.8074972830655 137.0742267684211 120.83766579957893 395.2557387116493 64.97624051083639 
506.71730962974806 299.0584851656961 353.0610423562714 410.6115505635842 205.42126305832946 152.30961306200234 455.9606078345455 93.28527308832496 501.68369933242667 97.02153075027036 
493.4741646310486 116.31797493351108 97.34297156774929 50.219673586987135 114.58314436080384 177.81639197964654 272.85757022115837 469.4647348367426 231.2041454080102 377.25493849941444 
338.52424058353046 23.438798362440217 447.3274865966892 38.054710762115576 112.33801416101956 145.13032778181034 297.0243454723234 460.61278616051237 270.1970655845351 344.571145850478 
199.52533788627264 45.23512018971697 39.15582263996208 283.07856204622624 164.5737923181723 349.42616665647324 329.42921498190964 235.95571133419128 406.2567507167445 268.988311106925 
25.85124697964363 195.60332541756534 148.51698282183884 157.38417952128447 284.49111925940826 491.9959733765114 30.548907912392334 322.81510225329885 305.12987950082515 432.47592221935014 
145.28179662480267 467.468687229511 175.3007860733809 87.81777718330363 369.153150511694 258.38874885859786 506.59661466514297 476.5169815283393 266.3755463038927 344.42071430384766 
208.94681954352228 24.25530958436749 475.9000474365595 258.6854816228671 373.5678727324796 300.49649612527134 114.27914570203811 271.03507121970625 360.2897262736074 159.16512465415033 
352.6326596906238 379.94307119052644 309.9617767348387 35.36191394796711 450.919377793168 258.28297586412816 427.64113184789227 275.06843231372096 157.71786870143043 92.44763791059107 
507.2665770646578 499.7944943883367 508.71933286177483 379.2628774399909 293.52126915633903 133.12135561606968 182.13583213643992 370.14844983799236 401.5871634900758 341.0936425859394 
194.22690151314302 476.97938223266937 140.49457836118395 263.4134584632495 343.14764542396085 79.10096602103071 210.76967577302645 37.389463861965055 434.3215423063695 295.95033711850516 
372.08334027374974 241.5943090620693 445.5410115386168 414.7379499863146 301.6042613189314 11.18338555673525 414.99894775585653 287.6419702322486 488.75957038421245 201.82816480001523 
460.454131392896 137.96869439938132 137.105998484444 104.21699900762593 462.7340371096616 339.73221917863157 169.01488669696872 336.07687167365964 71.777662097882 360.1063904286098 
53.87386260866533 163.6688646223815 318.4219890573499 179.20216855697583 305.5086531201183 129.71074357626605 240.13482132426157 126.6236231859763 119.52788005415215 489.67961159865644 
53.897377697286856 199.255570721805 246.29413391345 83.44775299542938 34.439611686577436 49.73600442052161 320.22437712546093 394.2050379918511 381.031489994464 460.0665652634584 
491.12281938241455 171.62062706410723 481.03321357949983 239.81391638749966 328.2493797445817 121.19743092336937 103.40771669544229 113.35547427412838 92.82688183989045 286.77226992284636 
180.39837137747298 285.6223333655936 99.6901005533266 378.114931840654 460.57511728324937 500.792714377513 13.779743209292086 420.57919474352934 441.4521119991535 33.388895910843644 
52.18458422318949 228.75905486241825 114.88008074113475 176.23088885202014 187.43476544489008 331.10311070096236 183.41638977999864 414.6999435493534 72.7494848956433 97.4403768355258 
30.87608585047329 101.76492201178138 34.94209729695718 446.3706313646923 355.26694450035626 73.22481510786938 105.68590497236079 134.47227616893792 497.31165415507496 267.62039603295904 
186.84356938832136 254.28111568692356 122.7603315908648 40.26820434068617 70.56344799225988 192.9928433793094 41.696372657319785 485.869982191927 159.84582759213 428.8426453118242 
73.03896432767874 209.1506416333938 360.2823254078917 167.11490001829665 487.4450719277968 107.97797769119693 238.67146256695747 442.73608232686865 186.81438035906842 358.41712040991786 
169.21362529458867 441.4041520586111 403.6000739467674 416.173003952444 312.9884148460273 416.2073080390537 328.12858727707055 473.8738347152405 401.4177020141813 201.68548891468816 
197.13166241435835 438.64880304669686 419.4173313802932 452.2875347425688 501.6935207618036 119.45306150141482 408.9406756574105 357.1773200645534 97.81659299025767 438.59318069046634 
238.61719763563536 208.34179106076056 127.80866372722181 106.90613918809771 310.1890598914888 323.9541839661744 285.6947663974936 327.04503247787727 297.4490105508827 453.9454951807124 
84.85678549011332 214.3245685746352 138.38254428984146 419.7373126186241 411.10401596152406 249.5795539316418 126.21760039007984 365.08917185979556 269.3777599841508 203.48932178537564 
70.08484546235132 120.01347586830934 257.2930207605058 96.82154124061597 120.99159776370892 304.7112722259969 423.72056360183154 386.0481394560831 483.8127499206864 425.4818260634945 
295.6123406614539 188.78681621155403 361.0014750383499 339.5591820537013 481.27341168611406 488.5210434041607 98.72321829355067 90.82895539866597 383.2835993193235 383.0517791603483 
131.1157478164567 243.37825087686497 179.2719032865905 66.13397910100493 443.37866637585677 464.8320504647389 353.74675925965954 356.7510934680476 399.3953178597975 236.42904683054545 
189.18544612638715 215.48053951771882 404.59032987956334 191.79014027981484 249.58554492416806 312.40348317519994 499.72589412662444 211.332662132145 14.681727086504273 336.01182622353735 
106.33980601843423 24.283501130426814 448.0309652504368 357.5656920432958 269.5285850548294 195.2442070381089 407.1692542846262 190.35445891283652 368.77863409097887 497.26120704739964 
429.0429991157382 308.3144960498922 392.54859131057117 298.35436189091627 48.918168188789295 13.456684931952058 497.30609760079824 213.4567551358108 435.9703877655623 166.5569220543193 
196.72200272766375 398.71913254268736 253.75904236913343 420.56263723458176 151.72511007859535 490.1318365395668 278.7885305015875 21.168534798229544 157.12077021824115 313.4176266161812 
435.3598564269639 364.0146625346746 45.47618833114075 117.14824931530525 29.915532057864503 122.95986302150473 353.9757818741841 206.0380927470534 93.08113737583089 388.88386494312937 
224.9496062494502 476.36792713859006 362.60639048934115 383.4709833199722 135.778024632856 480.4919285094408 65.40915399062973 437.42869745023864 178.87566584623968 272.38105776536827 
281.92523244047237 47.59414626093055 237.45794699114762 411.1559438722255 300.96727215813866 452.3816943861349 27.793066896206355 124.56240673268714 498.29579323429925 290.02464219687215 
103.64287003092969 259.342697646754 397.10546005312403 29.06435603511175 43.59541615732808 270.45567121002824 193.62990708870984 485.5397093370148 166.9925994928129 126.09891810188199 
156.06786490891704 366.33016677736634 249.15586499731185 130.48603163932097 430.03419744968596 403.10556230774 331.6130861613157 291.33213813150604 408.738532162977 266.3356536259073 
348.02985679873814 484.0007931302178 451.0948743092794 73.81262688361456 411.548235144277 289.26537733651736 355.9652781533122 433.1396825990131 234.23603257167645 506.6381426876625 
125.74061243128475 82.63878344860902 274.3499050247059 470.2199939557587 177.46168283814583 320.1307805866941 332.1152165426745 419.0240930522681 284.68364086976925 34.04085388080285 
439.725936697588 298.7266135137269 158.2871392088918 276.2826727009635 16.26757485237983 496.79745296602044 199.438861241236 441.37411951902834 383.26637207912887 137.96430182308322 
82.90512703450413 241.23788982359568 361.5678467789544 191.96302130369406 453.9211698390631 290.14002294835564 295.24776955617835 270.5276507911369 146.81956565087776 239.21948732956494 
473.2587565207024 115.57283743191681 458.62083830389855 25.06196047216246 44.515612450545575 405.5222203398456 135.78924952059145 421.77093831609966 147.12248260332933 131.73556602697926 
357.3571130374925 210.98922860072182 97.44496323510603 421.98796018501315 122.62051184931433 409.32410075451446 109.73034509931794 312.9540796813239 76.60982101842094 117.62903887463277 
141.97907665434843 98.65078656333009 431.537889016168 181.59537404881874 88.77052066961271 506.79104185832887 267.4291869106659 478.1067835623169 166.7462734978755 80.00231763254455 
120.13300561017148 266.8099146159418 463.4539456150986 263.86270998751314 389.92375343163525 171.3542281313266 245.25484778415 328.7077042148309 228.89157203935088 479.75401107041233 
244.99832125619474 377.1608581173256 190.3263938037496 78.32602909952529 275.16618989371113 314.34155960864507 48.29844628373913 458.65556313413776 137.19023281643615 282.7027557955825 
320.6385094218545 362.0442680670458 422.6459282114754 188.4521039530662 153.52087527626577 250.8927425023801 427.02545259055734 71.50934101329514 350.85229725245887 421.47110996244515 
21.793271817345907 195.95331825365835 456.66986748276275 197.5306680278639 455.42725975901527 362.9115015302094 423.75117264647594 269.20963393183075 179.14848344461598 72.84533531256004 
26.639640801731304 366.68634481746784 418.04300409166 289.1844608567691 302.2883289390158 83.03275863985908 333.2784193762298 180.262877572997 426.5252463667084 285.7216101964679 
246.11871610016672 341.5103098706935 59.5433556051329 181.24025825731965 19.440207059418004 124.85179775757204 318.6182900201366 222.264276530138 317.451871672648 327.2686505405598 
161.25707515901132 171.84403677336573 89.32312376864165 115.47389738897638 86.98077008518855 264.05734796812845 247.4222553110919 188.65538528399978 190.9444162573635 25.581321630975644 
135.8684937776207 306.23963948822177 227.59709476548073 447.6364340462014 10.1010002027223 432.62957372941685 467.5855204474281 322.75617529170523 373.1677865796717 375.86922111168025 
256.1041264357757 185.83517015551902 139.43772689418452 422.1885394204471 305.8948106133749 423.9090229812196 221.4388006723546 93.38158476912832 383.0994577146372 244.11893172683622 
260.5257321397834 278.97091726406956 169.16836757311498 314.3143270007619 347.0799887857847 120.11165557014868 207.02774423039625 15.746488227020674 200.94547006764208 147.18801052610573 
464.7093056264213 372.30640387927116 407.80289102699504 298.05569606546965 174.64519466326422 345.7599285187358 432.1860015635268 68.88314817501272 231.83130724184207 311.43335083853486 
252.8427467208672 174.54474525563134 59.06214728307901 153.8026079888376 91.14461676330298 220.5192102120344 472.44031315711726 46.439085296667564 328.24713221072574 13.246197646331716 
205.36382611494042 105.76532978703118 331.7046716322162 260.8943098118393 374.1942896620014 233.0735756410116 37.24283696014568 41.493555878065735 293.80916869931707 84.26051058033845 
256.39136668480705 40.385516789645735 176.24115129458949 231.73107328065385 305.6807656144244 183.94421164373597 370.60783348004264 207.92463257188996 178.10582919861727 421.52081238463916 
427.5348054235329 244.9166104741711 102.55904111036261 32.565452334620375 396.2752713362034 149.54866513436576 461.9372195249167 460.8790630181364 387.7293149908549 378.54052178873377 
165.6242008009357 302.9485332272145 61.56596929133356 503.0367056525358 197.05300678277098 202.31820301629932 320.6511831406569 377.04111957572815 182.05046696840398 26.950893442044425 
120.98480306998631 449.19275389322246 448.66733570535433 331.5315108134013 430.3497709095851 282.33553463876933 174.1972668145057 231.6664672456758 493.87652457871 470.33552677042826 
340.08753306728227 441.9319525586123 189.72585915492962 266.59859170894265 340.4447672344439 354.72419127875895 383.093328432076 363.7415109460136 214.83875741825258 161.86480546785103 
311.73826158809743 388.86992461824184 101.10753985866721 145.91454752262487 161.24060555717793 303.9160036714756 128.86675114480323 393.1482293698671 113.18864910094328 25.489111379074384 
99.42647929702319 305.14430964249715 274.5008056455035 203.69245852050344 422.8187283877984 410.94203604100284 21.084499703280905 224.35901915964146 407.6386057815455 106.71934742099737 
414.03541217747215 124.15974485682739 124.40235038686986 74.94466750450589 471.58007348873616 233.0371840665464 188.12527747380673 259.9556345682664 204.9650113931845 483.4177196434253 
430.82292608755426 401.91811879878225 451.4955877175869 450.6554231750187 59.63830207206643 256.1182848200567 162.9275483416432 314.16080984457136 21.29861076841765 249.54118146890812 
432.4145510383963 53.66746646520647 418.60428671963024 451.6887839618594 168.21469177734664 320.0897805093711 449.65380757913454 361.59065387882407 447.3591562656007 45.42481355550303 
465.5070734775197 137.9603469985508 207.48626692606481 481.15155815162274 366.9907012090055 24.45074558691811 60.043795042987504 479.58058799020046 186.3483087902251 346.96134459020345 
133.06290885669708 457.6072770640681 324.43884545481666 84.95065715854776 476.7067577229993 107.32169082998338 39.18617302157406 143.70691423806107 189.79677627173075 42.92835857722748 
405.9829648755245 79.53013797511376 50.519995527282134 198.42889964268505 95.75213967555567 154.77867053900067 59.52034434275154 415.5207759997211 441.3688103462825 224.73336849168433 
428.5770604724787 286.1652146428201 388.1459989953885 83.23253313493299 173.07348148197144 439.2774195584003 49.08718399580957 19.030753435946448 91.45914483017091 85.99226944066895 
210.6088590934793 459.83468353301276 39.90849340010004 262.9585650635788 259.4360776477453 205.9690245545455 35.37921639567875 338.114921884913 126.37437420672386 380.6256843242706 
345.273354242686 468.4005468822016 467.66089123837975 348.649358608881 346.90433524739564 323.8538871630803 429.5980771425678 480.812637866088 64.97304657383228 17.552415426824552 
467.1728913982397 265.5336559066791 420.2560514138198 305.84656589670317 312.3647972893777 394.98958186889905 347.7090958889629 248.34092561240178 312.84562335017955 77.57892348998695 
67.18898403112073 142.07598900009205 486.7742573233799 453.68589464441396 414.99710221625446 169.36339061959447 264.389630026555 116.69982630952585 269.4474292543384 323.7278532256928 
12.104748029327475 366.2429372580688 228.6625035000216 303.40891877995136 59.80518410754486 445.559335604885 323.8001794614396 186.87569582480222 77.0549669165737 140.01871279357707 
175.91444783147685 329.8075902734164 268.9131335634604 238.68747821584884 129.65346061797464 47.99424930183448 487.0639498500361 485.9207550711281 21.997740999251604 275.60784558435483 
476.9639836356213 274.9282427042095 369.24192447239795 13.300778821752559 106.70915902598543 460.2670344776861 380.422925239033 505.5819627815185 48.32495076018716 291.21463111019665 
330.39784086837585 211.92474127208254 507.18267141330557 92.9751081520979 450.7745748639939 261.05971675420636 220.2452678317176 447.67177811242556 121.89840449240363 202.90540462635093 
68.84547883609592 252.07927238114058 274.0975815333067 497.59006766771984 276.6995955201376 154.04824562478453 31.39110762795804 306.0176548516538 288.85998537929163 494.5759220974735 
255.86170110493438 271.43108352907853 52.309453959433526 507.47539969800147 275.8973167519269 106.4259717339061 43.900527028658814 153.59703924840102 206.5040677747636 424.8678919720291 
16.342902050786194 91.55495540757008 394.89391513757414 383.1663985321272 57.942073732647636 411.9117467055091 149.55001450349798 320.35879909709024 186.7923190938202 386.77461894751605 
35.97310459629798 211.45683701259875 325.1271176113926 111.75602084743363 147.31185327931362 373.5095641907609 124.53024031719534 42.251860457619074 383.0803328305694 488.8352543556725 
237.71051261957192 50.99054418930959 394.1658797118878 134.87574464221618 257.54339159486204 258.8058138587986 477.330290518697 135.12615583780595 169.08261956570485 15.586664531287033 
