33.09354690543425 80.98020760240601 366.0587456801979 285.36601689985855 372.4307544575957 445.0168593156382 335.9053375447856 74.13749826851046 193.7269354500531 512.328493760258 
528.6901308257396 429.24443941831294 224.6305518538857 519.3619477599476 74.72989586976612 288.19416012564926 173.17140120432475 281.8744000685072 230.64203860660803 31.367379078452956 
432.8897081556594 170.65262886610927 509.00374527096903 445.06043956235425 292.29865444155337 251.52669039704733 41.64142105938605 346.86891603285454 544.7741370897368 423.27180245121474 
147.64420921825254 582.0062478125518 544.9656185007859 336.99217392323936 27.19554022691218 49.151119913189575 307.8216213114918 430.5804702741948 452.3160818296281 164.4175009721048 
396.3237718856672 161.84677682921983 475.6122675681131 122.04096442553279 294.0230749929939 473.910673740044 528.1238058608646 260.3749838612739 308.47221176005075 276.4503068974935 
227.3640835304372 391.7911460679137 201.6475032209905 276.40212673750364 366.6473083893832 505.0768877864836 493.45447907350024 41.70503170421616 106.79583539941704 598.9244985160761 
534.4106447936828 131.6827000723967 341.32172218021003 155.1052591298555 193.59915872772643 277.6579228886726 356.1762131922268 309.9222753686955 157.98746381918542 347.392511627454 
255.16066639855674 532.5360234903808 189.20416090664438 176.9467497832307 172.09307323533525 368.7560643235908 233.86835153487095 503.5519217619722 40.82348453003156 158.89290277146782 
433.5648310915468 183.08986594158154 244.1924529640635 188.2636144168779 430.5590875214303 25.77315231935678 613.0260684695686 278.9450151084894 315.34578594338126 333.6197377390944 
196.26128141439463 181.3682142268472 312.12448431572835 373.3157393489231 373.2955057075372 74.34817104737647 48.29642587829902 368.060237397032 229.6539239878355 32.142036784962755 
204.07592552882585 141.98567202045953 267.068527261291 467.1300850213274 488.3103612649387 100.74772278236438 69.06244973061975 306.71299968879873 36.60247113373907 181.87832949026136 
293.13353730508493 613.0191310867186 477.8284169673181 358.4957564616879 310.63064347899694 504.01561874418775 65.14588308045649 429.9651576041077 365.41663130006305 584.6170228978276 
417.5854432211003 583.1037545818915 472.41176734095245 446.3853768093067 168.3193074876599 157.52407202613492 427.1111332377382 344.4151362884214 365.7009641356719 598.709212420051 
47.170049162619776 509.99705934588377 423.16969834776836 132.41365484883372 117.15100515448434 107.65461304101052 164.11346265635882 243.98373459031572 457.5259918566984 395.1466498758268 
257.7840676819242 396.191032925459 89.02800821763529 595.030232432721 92.35841374548708 169.17291014092527 413.44536501207904 336.37713850079314 81.23937886063804 556.0735854463501 
481.95262879423615 475.2380371467428 548.6902133037847 497.9797598501045 572.0719637212953 252.44792608996647 290.8962842557691 491.74434217836097 444.35859515886 297.366637553429 
458.5476586153026 54.292117819054546 399.90411227405946 136.14813259007929 357.03656864304173 577.0011662447164 209.75140952358493 613.1323776453319 110.36332453267507 53.75361208591332 
137.31497083141107 183.95352782573255 84.84438329171684 516.2496633307662 24.900363418676147 588.958143579103 318.7166163556539 560.1784990705412 365.4164886182863 365.52727701499316 
353.73111427922606 95.83987543016445 430.37453263264155 407.8960159899361 614.830620102319 206.81017750654632 75.26723162227344 333.0644250043468 34.00415772201753 350.24664737276595 
593.4223359692628 561.393564912875 364.4126652363482 82.42352938204561 139.42383892939642 570.4801683968375 180.87935605345524 43.093876240613476 393.19495733494256 130.90404212084428 
112.83863114278326 82.2708956641813 485.8363267439934 282.4417412298093 205.83718922608557 363.02235309937026 558.3134925755678 359.34018030675736 457.68108228891356 23.871950557946803 
274.08708363050096 123.24424053767855 125.3226895458339 134.4014697364502 556.7797987111485 612.3717823939877 548.5810040825085 427.6471837266786 173.9736240323663 465.5300654643083 
186.78924554102014 442.8846428843474 538.2312109711205 229.56715908972848 114.46347470352596 262.39521846198 446.4351403012249 308.85218003135566 572.0859327679758 375.8084872216059 
428.53881917627604 565.3781419899942 518.0969108110824 355.6138808664582 526.8227146555437 128.0810341597055 278.18879623635746 377.43570585898954 76.7497192097178 319.9690164530844 
337.99621346110996 168.66493511265588 410.5133922344048 561.6553709317541 275.2757760001182 319.0417921881679 154.37282383444207 59.88907472817225 177.66953260275943 236.78269488455015 
540.8678693772728 239.67664740329445 442.1454055542425 383.84543133420976 507.0085234301915 28.58902626747977 202.20886920061392 373.92626513245926 499.53209664308275 251.8473237748597 
178.97924280410564 266.7826682671086 458.3221027722636 546.7810640563636 302.22444792749104 542.4756063663361 399.0824612925235 555.2527839940603 597.4481364254725 589.124864924083 
166.3608378563521 502.64269872002046 185.1226950249428 487.7713723136169 478.0148487468563 21.987124717380382 188.16209068667231 227.94028988045832 332.21490240952375 231.86446322482465 
293.72813872618724 237.49837342012916 398.07738185759223 426.6225935843604 465.46404612768123 60.39963114177419 561.0220080914088 87.54117077956346 252.2489774316147 565.9129210039154 
343.9469855085243 273.522869029149 289.5672855234718 222.92512360307944 275.31581861874 399.90707015339547 539.586364810702 122.9138687776894 25.24954856234803 363.9999715230487 
166.03663053451695 185.18342975621522 80.71801711383452 125.91467936346058 489.98754147043513 327.95741879515214 80.92405419078443 403.31508788000303 22.61340669270691 138.92238540379424 
283.97428148687516 488.6574184315486 121.04262096526296 328.8156337066357 185.93026284580782 147.52296440820157 363.3841722523315 401.6513734514138 463.33384151656094 106.6359562732069 
89.0251776700758 325.1787402606967 160.30024738531816 590.1602041839292 500.2931170288112 335.1655001216876 391.27294396455727 512.868311952423 71.57658734237882 357.10120169991654 
180.5336954166404 88.77721363780384 161.99828768737046 78.91351547556896 209.56191726970823 163.84372371292656 77.73406225913018 258.29148305498603 393.3368313363529 131.31394597489805 
580.0715634857307 598.2095005927063 156.6761442760487 38.320245552975464 185.30254633113378 474.24563003648 231.7052844018773 42.31941013630605 552.5423064749006 547.2882543556057 
147.5506166591856 125.96610263606567 205.57019750373712 445.2245050621304 133.35054967730804 129.0148424841439 384.7848515609536 447.2044826556131 105.67835268299488 305.84480106721503 
175.36782848274666 254.07487264457615 561.4702430191583 367.20072449426584 207.74968890629717 78.57574084688395 147.55259335001563 514.7440143865631 176.47188110246861 438.8942313215779 
427.8621366909765 327.00755257938073 173.5384504291406 189.16904451172152 319.45260260195477 505.3481439622766 382.35128749339384 270.53926248859534 618.3819174923069 38.490230402466736 
428.3225439389715 416.3313675843531 186.57335320225005 94.25470080425247 432.258079468728 194.97823140985432 320.7446897537323 297.0664100159138 562.6056539551091 324.2637372605016 
374.4989060757109 199.83441492130765 232.66165225245288 340.4869246655057 254.67026343113804 308.7983660839976 38.82996168683895 256.1391894433053 363.0195501604624 169.93507669220017 
86.02692841807605 189.68854871797026 504.372142362576 175.51880999038428 496.3260171199026 501.0644550854827 32.29270724254206 99.42917730570895 446.93605993985454 316.437200677163 
453.3902976243484 119.80034431732685 33.60653590059431 275.88533719460804 461.3475347179221 37.60523651106283 405.55412880237105 487.54519289654235 521.7676857531753 349.76866051456545 
168.00377680063906 421.83592602299404 78.93334698136503 585.4028936746405 598.4384036039773 429.35411070058 605.5705073640988 63.75960045733669 572.6507813947995 516.0314870392899 
266.71172580200846 382.4918381388643 46.691433786049814 559.1495808919084 318.7522016937746 94.8198092022425 490.8062926669289 297.8051244998099 314.79244038508506 384.1943061920371 
421.45786078865183 581.4198091526746 137.36127988716316 495.05126057292546 527.5235179473593 309.88825191202994 29.61306536107005 228.25156039152043 36.76501318782935 448.9579265732371 
146.09272433637094 559.7994901726603 318.6624992531623 254.4347129280581 94.16238163887314 191.43389079437213 69.70723664070647 388.8079620239207 287.1833698140391 391.6855402942109 
177.24639054462162 163.88870018957718 480.54747518645746 35.994553837841586 507.973954168033 293.05472200177843 611.6508506588821 104.48172848566149 417.16134238457823 486.6964676539099 
214.904708082471 445.967322534292 524.7214970073201 574.457251616928 32.87635094183894 566.8311548356031 454.20024881050443 187.86170676110407 594.654271266247 153.30786702761927 
580.7886747441238 586.9261762318049 482.5311889052766 585.8108630410563 384.4501820757201 364.3447429042307 158.0986274402106 453.8788805745483 554.2561160139167 310.8447494097447 
568.8469898060846 430.338856423807 540.0235912556742 475.3054404441865 306.36461613692524 613.2788928362797 197.3493484821084 203.23362058394014 37.22979137948497 594.4248750178388 
