162.3900098907317 124.88987481022723 43.425600568731674 175.50986221560814 190.37479059990778 24.50800189798851 385.26197227849104 481.8356543139981 479.3876498707578 59.966108128019606 
431.47723908852953 196.5187150765351 290.3457640740453 30.598194003649482 320.0914015251535 282.66904780594774 235.85096650131047 253.11727646181959 303.7945765608318 185.60814495719274 
360.30645716188826 237.93115942180253 122.19326019361137 65.23038136130215 492.28090298177005 48.35004418217397 412.9054544090783 493.48270940382065 183.57292339750035 188.38912227385424 
38.45780718627627 25.165900279809854 174.42913701487427 489.86931759142533 330.9379160716427 175.26049535365783 449.36895431543365 94.51917512421775 381.35482104779646 460.98049195354287 
73.06913189304514 251.78110408756575 125.66090800175255 291.75794625524077 120.76128437942745 278.02516276553143 104.38832675049407 115.36159581622101 142.59544777200887 147.8733283698848 
397.8530070927354 353.3527179423345 226.4228567953689 313.33759941412256 363.87944017474206 284.08112155707136 348.45105608667717 471.47484783028153 429.99934216665457 156.42473835014064 
326.22433274773965 126.26173479971602 317.07730420724624 442.4755730396107 313.3828843519989 415.39261125088564 196.3166163940771 262.37540774384627 400.65355721219566 297.7037728746779 
406.5982170400731 139.5042773425106 12.525401358976387 321.9269049286338 484.1062343702643 369.2248314260967 414.0632756422138 322.475172362279 381.19279993351915 409.3857375489985 
267.31234334868486 12.964734655574286 376.43563443062266 325.7872749131961 301.74695624348317 73.17509992449305 302.84135717972515 450.81212791124585 288.21664449422985 450.15131002728833 
346.1476213144494 38.424696293713964 130.84272156133247 219.15101732287837 290.1773425853577 323.7418531586454 16.31835189851482 475.13974656342623 211.197941320841 20.378404198273515 
185.06535585357946 350.5373466931893 248.23894364922964 413.770309785722 13.700804504591648 379.91875094707 201.32088016463794 333.67883765522873 223.26654843628629 57.37230706597345 
334.54875735782696 414.0787263850933 152.6748486758858 57.218553878534294 386.0230884233719 173.63351626100663 161.8231606608732 213.79288115496303 411.5217028850635 74.96116125657959 
353.83122083145633 480.99488565263806 213.90545203599046 345.8930451811132 430.85365435833177 217.30784163274325 235.20090670065278 470.9295641602036 122.92102635577528 266.99113974576943 
413.3131382385202 386.0952904658043 254.26267802524765 433.14900453176193 130.3218394838692 35.397032598241665 136.56434831063916 63.37858657700201 504.31371635382976 72.08769115280732 
103.61371761937475 93.70048252797218 401.7044925011515 112.93919184580969 126.78703437798632 21.47482743306927 172.0034465677505 78.72762247541763 75.82991999818027 403.00619515213845 
231.9737536350308 279.1335906965662 314.38550929671777 96.5402389627452 251.1416882627812 25.26100761635496 444.72301076926345 96.35540868609748 315.6078303274828 177.97739232030406 
141.119810233908 428.65264293392096 72.11340928292424 165.27890606118888 136.35035498142292 204.9464212279744 479.3148721746035 126.88303613217555 50.73470725466366 53.66004106589511 
418.2198445584286 469.25235049752376 378.2001569310815 275.6284190033849 38.73764043570925 239.25214261974196 68.80887536301837 194.211508069134 344.29727801340664 349.64529442420366 
272.2047208529724 295.72138843862496 141.48639209492185 314.6274413357209 431.43237515889376 380.86622426605123 106.6639142287119 278.6055400853758 41.58192523198955 72.91421438100835 
346.49980338659714 246.42291204623538 12.712043505064932 153.28057701229068 454.394918091175 48.234030434313446 201.50476544987964 320.24084898235276 189.73408552149706 197.23200864940566 
301.10518535961154 91.47342405077029 31.925596352164344 423.4320543668722 403.5990206461311 196.13465182845212 486.18017712970783 291.71396958957257 174.58127247592162 427.1694852708739 
142.98260561147407 437.3267042259972 204.2690708700912 49.56085288576233 118.20908420081848 77.05834515231452 224.61183150947122 485.2208665980817 125.84342887040661 79.27438813689496 
506.8518458978612 120.22707493536382 60.245348894909114 501.0275889033542 378.98842839912436 205.1066750358461 89.92381145495654 125.44251265686873 427.59882003229063 443.8720682311049 
389.76863604847756 157.57776915071074 73.46879000114508 492.51074348616345 263.6934953105128 361.9692649593031 335.48626522762027 212.63253444734414 34.643433650014536 50.05742650712879 
222.2510443494705 150.9776031845844 203.91994991956423 450.70155788173133 315.8535427466435 340.4880436415839 506.7769082634202 121.98455892633325 237.27609071811656 143.64640945172795 
116.24026748047277 187.51100000224523 307.86946687800105 483.7841299136707 372.1048446187463 305.4017304878192 346.3581032110053 435.0631076086525 37.06119627028147 403.1881552398589 
165.8269530551546 266.8334726293053 206.90575505194175 336.80927785314515 460.143141802183 163.0707086709241 126.78731591684843 256.9147157245054 394.2656337273648 462.5952339883782 
290.4430805625038 90.6766628225034 337.89587455171824 390.77763384318723 324.37726889862915 172.31405359795465 306.92269157712275 378.43250450935676 283.9355244672298 180.53198961801863 
302.1144743272164 188.60425819940045 113.2281786572679 166.07964138088076 359.5118020506177 196.94782290211126 145.85550747419722 77.62955650861507 251.97361179985256 296.4075082624133 
148.3881686413214 319.1817767650446 406.3301367724656 21.896990121306906 33.55579260574653 497.19561686509564 225.59554844021477 115.68369602211058 495.09703816046925 140.6523845878822 
130.6936178345045 379.18073429081727 441.224142134726 302.2522043591115 261.1494077450528 281.8492876436093 228.65500936853388 73.94788481362967 399.20015101246497 422.9148039191549 
324.16618907322277 175.01914524060197 306.77850176035315 66.60000547156957 145.6196236064073 395.8902569061437 289.82112475786874 96.5779343376642 459.41640772978036 305.89414220970605 
429.35590289054534 360.34794668094577 336.33076847843125 258.1862223623219 43.820895568382085 499.23810086870077 292.6771721592336 350.01097831191805 72.06797414648635 484.7367819041109 
368.76386918984605 121.52449697734934 191.50453168281737 206.8568240305072 21.585965835093525 401.3759265381659 110.82615213015694 85.2352238241612 333.7110914084034 332.2512432269313 
101.79357295691216 298.67161246046317 165.31077607209676 234.58216768942486 459.50683001916804 353.8084788870469 501.29079779401394 91.62358493077166 205.6299969096912 338.6565100290968 
370.4734608573721 64.10243629799544 474.019329375205 331.66790192465714 338.78503840430227 67.64129223071484 143.20824565409035 62.060884980597855 203.40141964106016 71.15971951680055 
405.2020241063467 42.09873820486037 139.80522771296998 399.4565363007143 85.03544409700247 17.026107197255328 178.70728868961388 448.1761170101211 150.5465607039032 203.36603859017515 
14.785900207549766 344.36184417378666 476.81962686952005 411.28063140317005 274.1967168811355 210.7998432193182 54.75028278719162 271.6986472222361 492.8066078964851 317.356123300793 
458.18627573589026 413.91297594247226 182.10441193255332 27.510293772446282 509.0966625158645 64.35131016082673 484.7419560002448 73.28882662156022 205.22279122686027 162.22295848520213 
46.65817766186763 316.80127662059414 99.66397356307876 212.74500556031765 357.73975074944065 281.5822320713133 446.85121514709033 223.65102102279045 437.9711322752697 361.9424190768262 
54.361970956216744 195.68526069022212 371.0272853669808 243.5318775006097 405.0290363185695 262.7856627795913 312.26207415152226 193.3185533173366 238.79681992902957 202.65867559199577 
223.04567855258054 502.1850951294224 408.77807583474447 163.4490071174976 208.40387963960094 488.347404445074 450.96407634481517 77.20756769040392 459.91250016292133 94.79765671124173 
432.0416120128445 355.8605210600925 430.80015266172603 238.97525701557873 264.7697522182457 90.38275598590805 495.21232273429695 197.86858528655165 305.36951035111304 98.87880175465807 
468.58992868139677 436.75084961948465 172.37963397390632 294.2743693440718 491.1155676514881 414.753070195744 351.4315410301712 467.32155280662334 401.18048146520334 25.477329883620605 
275.3965963965154 205.6209359270178 350.8253665660922 455.8534965273426 194.35882062857777 294.3636424530306 40.108288517770866 371.44237047355057 274.86613951553414 69.49648927132328 
72.35259080121037 461.3886076279886 492.91336687671475 319.01332180611803 57.228166365706144 501.2263604158747 10.109950983780195 453.0757841446126 213.61901521488008 216.74081930063775 
347.4857478225475 288.6664951335992 349.23040805248314 357.0888244771947 296.38770629159126 419.47776746716835 218.8885606428974 10.381607459874644 130.92094089325778 266.7392023631225 
388.4861798892993 319.9328359064534 311.3869019255738 31.686987648884383 356.5267527567712 384.3750549260194 493.1722118629453 395.37821322807235 310.2209651203538 249.84765723393852 
280.5408593076762 436.5533111453027 18.088162643520025 27.459523830415435 289.7832186173642 363.2496771753579 486.01612528306487 294.2294414888859 211.17482873407272 278.8696519347983 
128.73214575698665 60.70744245602638 184.19814227530745 328.40595942034895 333.6386574943222 213.48012422084432 425.48027154495173 195.5278144997512 418.9665402392539 465.7632102386328 
